299 47
415298 404966 445544 514317 459121 314572 509960 277818 268509 288779 390101 514294 366889 328723 515197 423229 515677 336459 527763 368273 251786 264464 477610 494856 324022 440960 463774 439902 336309 312369 246341 363545 334831 285121 468592 457034 276781 435540 384378 303200 372480 461219 319959 342774 464218 293945 245455
561708 551376 591954 660727 605530 460982 656370 424228 414919 435189 536511 660704 513299 475133 661607 569638 662087 482869 674173 514683 398196 410874 624020 641266 470432 587370 610184 586312 482719 458779 392751 509955 481241 431531 615002 603444 423191 581950 530788 449610 518890 607629 466369 489184 610628 440355 391865
419418 409086 449665 518437 463241 318693 514080 281938 272629 292899 394222 518414 371009 332843 519317 427348 519797 340580 531883 372393 255906 268584 481730 498976 328142 445080 467895 444022 340429 316489 250461 367665 338952 289242 472712 461155 280901 439660 388498 307320 376600 465339 324079 346894 468337 298065 249575
408528 398197 438775 507547 452351 307803 503190 271049 261740 282009 383332 507525 360120 321953 508427 416458 508907 329690 520993 361504 245016 257694 470841 488086 317252 434190 457005 433132 329539 305599 239572 356776 328062 278352 461823 450265 270012 428771 377608 296430 365710 454450 313190 336004 457449 287176 238686
509163 498832 539410 608182 552986 408438 603825 371683 362374 382644 483967 608159 460754 422588 609062 517093 609542 430325 621628 462139 345651 358330 571475 588721 417887 534825 557640 533767 430174 406234 340207 457410 428697 378987 562457 550900 370646 529405 478243 397065 466345 555084 413825 436639 558083 387810 339320
513959 503627 544206 612978 557782 413234 608621 376479 367170 387440 488763 612955 465550 427384 613858 521889 614338 435120 626424 466934 350447 363125 576271 593517 422683 539621 562436 538563 434970 411030 345002 462206 433492 383783 567253 555696 375442 534201 483039 401861 471141 559880 418620 441435 562879 392606 344116
533564 523232 563810 632583 577387 432839 628226 396084 386775 407045 508368 632560 485155 446989 633463 541494 633943 454725 646029 486539 370052 382730 595876 613122 442288 559226 582041 558168 454575 430635 364607 481811 453098 403388 586858 575300 395046 553806 502644 421466 490746 579485 438225 461040 582484 412211 363721
440585 430253 470832 539604 484408 339860 535247 303105 293796 314066 415389 539581 392176 354010 540484 448515 540964 361746 553050 393560 277073 289751 502897 520143 349309 466247 489062 465189 361596 337656 271628 388832 360119 310409 493879 482322 302068 460827 409665 328487 397766 486506 345246 368061 489505 319232 270742
479592 469260 509838 578611 523414 378866 574254 342112 332803 353073 454395 578588 431183 393017 579491 487521 579970 400753 592056 432567 316080 328757 541904 559149 388315 505253 528068 504195 400603 376663 310635 427839 399125 349415 532886 521328 341075 499834 448671 367493 436773 525513 384253 407067 528512 358239 309749
427541 417209 457787 526560 471363 326815 522203 290061 280752 301022 402344 526537 379133 340966 527440 435471 527920 348702 540005 380516 264029 276706 489853 507099 336264 453202 476017 452144 348552 324612 258584 375788 347074 297364 480835 469277 289024 447783 396620 315442 384722 473462 332202 355016 476461 306188 257698
531897 521566 562144 630917 575720 431172 626560 394418 385109 405379 506701 630894 483489 445323 631797 539827 632276 453059 644362 484873 368386 381063 594210 611455 440621 557559 580374 556501 452908 428969 362941 480145 451431 401721 585192 573634 393381 552140 500977 419799 489079 577819 436559 459373 580818 410545 362055
559637 549306 589884 658656 603460 458912 654299 422158 412849 433118 534441 658633 511228 473062 659536 567567 660016 480799 672102 512613 396125 408803 621949 639195 468362 585299 608114 584241 480648 456708 390681 507884 479171 429461 612931 601374 421121 579880 528717 447539 516819 605558 464299 487113 608558 438285 389795
483438 473107 513685 582459 527261 382713 578101 345959 336650 356920 458242 582435 435030 396864 583338 491369 583817 404600 595903 436414 319927 332604 545751 562996 392162 509100 531915 508042 404450 380510 314482 431686 402972 353262 536733 525175 344922 503681 452518 371340 440620 529360 388100 410914 532359 362086 313596
504335 494003 534581 603354 548158 403609 598997 366855 357546 377816 479138 603331 455926 417761 604234 512265 604714 425496 616799 457310 340823 353501 566647 583893 413059 529997 552811 528938 425346 401406 335378 452582 423868 374158 557629 546071 365818 524577 473415 392237 461517 550256 408996 431810 553255 382982 334492
478546 468215 508793 577565 522369 377821 573208 341066 331758 352027 453350 577541 430137 391971 578445 486476 578925 399708 591011 431522 315034 327712 540858 558104 387270 504208 527023 503150 399557 375617 309590 426793 398080 348370 531840 520283 340030 498789 447626 366448 435728 524467 383208 406022 527467 357194 308704
468347 458016 498594 567366 512170 367622 563009 330867 321558 341828 443151 567343 419938 381772 568246 476277 568726 389509 580812 421322 304835 317513 530659 547905 377071 494009 516824 492951 389358 365418 299390 416595 387881 338171 521641 510084 329830 488589 437427 356249 425529 514268 373009 395823 517267 346994 298504
474108 463777 504355 573127 517931 373383 568770 336630 327320 347589 448912 573104 425699 387533 574007 482038 574487 395270 586573 427084 310596 323274 536420 553666 382832 499770 522585 498712 395119 371179 305152 422355 393642 343932 527402 515845 335592 494351 443188 362010 431290 520030 378770 401584 523029 352756 304266
487822 477490 518068 586841 531644 387096 582484 350342 341033 361303 462625 586818 439413 401247 587721 495752 588201 408983 600286 440797 324310 336987 550134 567380 396545 513483 536298 512425 408833 384893 318865 436069 407355 357645 541117 529558 349305 508064 456901 375723 445003 533743 392483 415297 536742 366469 317979
504903 494571 535149 603922 548726 404177 599565 367423 358114 378384 479706 603899 456494 418328 604802 512833 605282 426064 617367 457878 341391 354069 567216 584461 413626 530564 553379 529506 425914 401974 335946 453150 424436 374726 558197 546639 366386 525145 473983 392805 462085 550824 409564 432378 553823 383550 335060
451504 441173 481751 550523 495327 350779 546166 314024 304715 324985 426308 550500 403095 364929 551403 459434 551883 372666 563969 404479 287992 300670 513816 531062 360228 477166 499981 476108 372515 348574 282547 399751 371038 321328 504798 493241 312987 471746 420584 339406 408686 497425 356165 378980 500424 330151 281661
507719 497387 537965 606738 551542 406993 602381 370239 360930 381200 482522 606715 459310 421144 607618 515649 608098 428880 620184 460694 344207 356885 570031 587277 416443 533381 556195 532322 428730 404790 338762 455966 427252 377542 561013 549455 369202 527961 476799 395621 464901 553640 412380 435194 556639 386366 337876
552447 542116 582694 651466 596270 451722 647109 414967 405658 425928 527251 651443 504038 465872 652346 560377 652826 473609 664912 505422 388935 401613 614759 632005 461171 578109 600924 577051 473459 449518 383490 500694 471981 422271 605741 594184 413930 572689 521527 440349 509629 598368 457108 479923 601367 431094 382604
571637 561305 601883 670656 615459 470911 666299 434157 424848 445118 546440 670633 523228 485062 671536 579567 672016 492798 684101 524612 408125 420802 633949 651195 480360 597298 620113 596240 492648 468708 402680 519884 491170 441460 624931 613373 433120 591879 540716 459538 528819 617558 476298 499112 620557 450284 401794
501613 491281 531859 600632 545436 400887 596275 364133 354824 375094 476416 600609 453204 415038 601512 509543 601992 422774 614078 454588 338101 350779 563925 581171 410337 527275 550090 526217 422624 398684 332656 449860 421146 371436 554907 543349 363096 521855 470693 389515 458795 547534 406274 429089 550533 380260 331770
420499 410168 450746 519518 464322 319774 515161 283019 273710 293980 395303 519495 372090 333924 520398 428429 520878 341661 532964 373475 256987 269665 482811 500057 329223 446161 468976 445103 341510 317570 251543 368746 340033 290323 473793 462236 281983 440742 389579 308401 377681 466420 325161 347975 469419 299147 250657
496918 486586 527165 595937 540741 396193 591580 359438 350129 370399 471722 595914 448509 410343 596817 504848 597297 418080 609383 449893 333406 346084 559230 576476 405642 522580 545395 521522 417929 393989 327961 445165 416452 366742 550212 538655 358401 517160 465998 384820 454100 542839 401579 424394 545838 375565 327075
473174 462843 503421 572194 516997 372449 567837 335695 326386 346656 447978 572171 424766 386600 573074 481104 573553 394336 585639 426150 309663 322340 535487 552732 381898 498836 521651 497778 394186 370245 304218 421422 392708 342998 526469 514911 334658 493417 442254 361076 430356 519096 377836 400650 522095 351822 303332
575650 565319 605897 674669 619473 474925 670312 438171 428862 449131 550454 674647 527242 489075 675550 583580 676029 496812 688115 528626 412139 424816 637963 655208 484374 601312 624127 600254 496661 472721 406694 523898 495184 445474 628945 617387 437134 595893 544730 463552 532832 621572 480312 503126 624571 454298 405808
563991 553659 594237 663010 607813 463265 658653 426511 417202 437472 538794 662987 515582 477416 663890 571921 664369 485152 676455 516966 400479 413156 626303 643548 472714 589652 612467 588594 485002 461062 395034 512238 483524 433814 617285 605727 425474 584233 533070 451892 521172 609912 468652 491466 612911 442638 394148
404894 394563 435141 503914 448717 304169 499557 267415 258106 278376 379698 503891 356486 318320 504794 412825 505273 326056 517359 357870 241383 254060 467207 484452 313618 430556 453371 429498 325906 301966 235938 353142 324428 274718 458189 446631 266378 425137 373974 292796 362076 450816 309556 332370 453815 283542 235052
567734 557402 597980 666753 611557 467008 662396 430254 420945 441215 542537 666730 519325 481159 667633 575664 668113 488895 680198 520709 404222 416900 630046 647292 476457 593395 616210 592337 488745 464805 398777 515981 487267 437557 621028 609470 429217 587976 536814 455637 524916 613655 472395 495209 616654 446381 397891
563123 552791 593369 662142 606946 462397 657785 425643 416334 436604 537926 662119 514714 476549 663022 571053 663502 484284 675588 516098 399611 412289 625435 642681 471847 588785 611599 587727 484134 460194 394166 511370 482656 432946 616417 604859 424606 583365 532203 451025 520305 609044 467784 490599 612043 441770 393280
538421 528089 568667 637440 582244 437695 633083 400941 391632 411902 513224 637417 490012 451846 638320 546351 638800 459582 650885 491396 374909 387587 600733 617979 447145 564082 586897 563024 459432 435492 369464 486668 457954 408244 591715 580157 399904 558663 507501 426323 495603 584342 443082 465896 587341 417068 368578
411503 401171 441750 510522 455326 310778 506165 274023 264714 284984 386307 510499 363094 324928 511402 419432 511882 332664 523968 364478 247991 260669 473815 491061 320227 437165 459980 436107 332514 308574 242546 359750 331037 281327 464797 453240 272986 431745 380583 299405 368685 457424 316164 338979 460423 290150 241660
380186 369854 410432 479205 424009 279460 474848 242706 233397 253667 354989 479182 331777 293611 480085 388116 480565 301347 492651 333161 216674 229352 442498 459744 288910 405848 428663 404790 301197 277257 211229 328433 299719 250009 433480 421922 241668 400428 349266 268088 337368 426107 284847 307662 429106 258833 210343
385408 375076 415654 484427 429231 284682 480070 247928 238619 258889 360211 484404 336999 298833 485307 393338 485786 306569 497872 338383 221896 234574 447720 464966 294132 411069 433884 410011 306419 282479 216451 333655 304941 255231 438702 427144 246891 405650 354488 273310 342590 431329 290069 312883 434328 264055 215565
414909 404578 445156 513928 458732 314184 509571 277430 268121 288390 389713 513905 366501 328334 514808 422839 515288 336071 527374 367885 251397 264075 477221 494467 323633 440571 463385 439513 335920 311980 245953 363156 334443 284733 468203 456646 276393 435152 383989 302811 372091 460831 319571 342385 463830 293557 245067
378518 368186 408764 477537 422341 277792 473180 241038 231729 251999 353322 477514 330109 291943 478417 386448 478897 299679 490983 331493 215006 227684 440830 458076 287242 404180 426995 403122 299529 275589 209561 326765 298051 248342 431812 420254 240001 398760 347598 266420 335700 424439 283179 305994 427438 257165 208675
518449 508118 548696 617468 562272 417724 613111 380969 371660 391930 493253 617445 470040 431874 618348 526379 618828 439611 630914 471425 354937 367615 580762 598007 427173 544111 566926 543053 439460 415520 349493 466696 437983 388273 571743 560186 379932 538692 487529 406351 475631 564370 423111 445925 567369 397096 348606
407788 397457 438035 506807 451611 307063 502450 270308 260999 281269 382592 506784 359379 321213 507687 415718 508167 328950 520253 360764 244276 256954 470100 487346 316512 433450 456265 432392 328799 304859 238832 356035 327322 277612 461082 449525 269271 428031 376868 295690 364970 453709 312450 335264 456708 286435 237945
406861 396529 437107 505880 450684 306135 501523 269381 260072 280342 381664 505857 358452 320286 506760 414791 507240 328022 519326 359836 243349 256027 469173 486419 315585 432523 455337 431464 327872 303932 237904 355108 326394 276684 460155 448597 268344 427103 375941 294763 364043 452782 311522 334337 455781 285508 237018
536672 526341 566918 635692 580495 435947 631335 399193 389884 410154 511476 635669 488264 450098 636572 544602 637051 457834 649137 489648 373161 385838 598985 616230 445396 562334 585149 561276 457683 433744 367716 484920 456206 406496 589967 578409 398156 556915 505752 424574 493854 582594 441334 464148 585593 415320 366830
427464 417133 457711 526483 471287 326739 522126 289984 280675 300945 402268 526460 379054 340889 527363 435394 527843 348626 539929 380440 263952 276630 489776 507022 336188 453126 475941 452068 348475 324535 258508 375711 346998 297288 480758 469201 288947 447707 396544 315366 384646 473385 332126 354940 476384 306111 257621
525553 515222 555800 624573 569376 424828 620216 388074 378765 399035 500357 624550 477145 438979 625453 533484 625932 446715 638018 478529 362042 374719 587866 605111 434277 551215 574030 550157 446565 422625 356597 473801 445087 395377 578848 567290 387037 545796 494633 413455 482735 571475 430215 453029 574474 404202 355711
390932 380600 421179 489951 434755 290207 485594 253452 244143 264413 365736 489928 342523 304357 490831 398862 491311 312094 503397 343907 227420 240098 453244 470490 299656 416594 439409 415535 311943 288003 221975 339179 310466 260756 444226 432669 252415 411174 360012 278834 348114 436853 295593 318408 439852 269579 221089
551915 541584 582162 650934 595738 451190 646578 414436 405127 425397 526719 650912 503507 465340 651815 559845 652294 473077 664380 504891 388404 401081 614228 631472 460639 577577 600392 576519 472926 448986 382959 500163 471449 421739 605210 593652 413399 572158 520995 439817 509097 597837 456577 479391 600836 430563 382073
471032 460701 501279 570051 514855 370307 565694 333552 324243 344513 445836 570028 422623 384457 570931 478962 571411 392194 583498 424008 307520 320198 533344 550590 379756 496694 519509 495636 392043 368103 302076 419279 390566 340856 524326 512769 332515 491275 440112 358934 428214 516953 375694 398508 519952 349680 301190
459016 448684 489262 558035 502839 358290 553678 321536 312227 332497 433819 558012 410607 372441 558915 466946 559395 380178 571480 411991 295504 308182 521328 538574 367739 484677 507492 483619 380027 356087 290059 407263 378549 328839 512310 500752 320499 479258 428096 346918 416198 504937 363677 386491 507936 337663 289173
407569 397238 437816 506587 451392 306844 502231 270090 260781 281050 382373 506566 359161 320994 507468 415499 507948 328731 520034 360545 244058 256735 469882 487127 316293 433231 456046 432173 328580 304640 238613 355817 327103 277393 460864 449306 269053 427812 376649 295471 364751 453491 312231 335045 456490 286217 237727
424206 413874 454452 523225 468029 323480 518868 286726 277417 297687 399009 523202 375797 337631 524105 432136 524585 345367 536671 377181 260694 273372 486518 503764 332930 449868 472682 448809 345217 321277 255249 372453 343739 294029 477500 465942 285689 444448 393286 312109 381388 470127 328867 351682 473126 302853 254363
490776 480445 521023 589795 534599 390051 585439 353297 343988 364258 465580 589773 442368 404202 590676 498706 591155 411938 603241 443752 327265 339942 553089 570334 399500 516438 539253 515380 411787 387847 321820 439024 410310 360600 544071 532513 352260 511019 459856 378678 447958 536698 395438 418252 539697 369424 320934
408557 398225 438803 507576 452379 307831 503219 271077 261768 282038 383360 507553 360148 321982 508456 416487 508936 329718 521021 361532 245045 257722 470869 488115 317281 434218 457033 433160 329568 305628 239600 356804 328090 278380 461851 450293 270040 428799 377637 296458 365739 454478 313218 336032 457477 287204 238714
533923 523592 564170 632942 577746 433198 628585 396443 387134 407404 508727 632919 485514 447348 633822 541853 634302 455085 646388 486899 370411 383089 596235 613481 442647 559585 582400 558527 454934 430994 364967 482170 453457 403747 587217 575660 395407 554166 503003 421825 491105 579844 438585 461399 582843 412571 364081
468268 457937 498515 567287 512091 367543 562931 330789 321480 341750 443072 567265 419860 381693 568168 476198 568647 389430 580733 421244 304757 317434 530581 547827 376992 493930 516745 492872 389279 365339 299312 416516 387802 338092 521563 510005 329752 488511 437348 356170 425450 514190 372930 395744 517189 346916 298426
459108 448776 489354 558127 502931 358382 553770 321628 312319 332589 433911 558104 410699 372533 559007 467038 559487 380269 571572 412083 295596 308273 521420 538666 367831 484769 507584 483711 380119 356179 290151 407355 378641 328931 512402 500844 320591 479350 428188 347009 416290 505029 363769 386583 508028 337755 289265
517461 507130 547708 616480 561284 416736 612123 379981 370672 390942 492264 616457 469052 430886 617360 525391 617840 438623 629926 470437 353949 366627 579773 597019 426185 543123 565938 542065 438472 414532 348505 465708 436995 387285 570755 559198 378944 537704 486541 405363 474643 563382 422123 444937 566381 396108 347618
525013 514682 555260 624032 568836 424288 619676 387534 378225 398495 499817 624010 476605 438438 624913 532943 625392 446175 637478 477990 361502 374179 587326 604571 433737 550675 573490 549617 446024 422084 356057 473261 444547 394837 578308 566750 386497 545256 494093 412915 482195 570935 429675 452489 573934 403661 355171
557948 547616 588194 656967 601771 457222 652610 420468 411159 431429 532751 656944 509539 471373 657847 565878 658327 479109 670412 510923 394436 407114 620260 637506 466672 583610 606424 582551 478959 455019 388991 506195 477481 427771 611242 599684 419431 578190 527028 445850 515130 603869 462609 485424 606868 436595 388105
423828 413497 454075 522847 467651 323103 518490 286349 277040 297309 398632 522824 375420 337253 523727 431758 524207 344990 536293 376804 260316 272994 486141 503386 332552 449490 472305 448432 344839 320899 254872 372076 343362 293652 477123 465565 285312 444071 392908 311730 381010 469751 328490 351304 472749 302476 253986
565282 554950 595529 664301 609105 464556 659944 427802 418493 438763 540085 664278 516873 478707 665181 573212 665661 486443 677746 518257 401770 414448 627594 644840 474006 590944 613758 589885 486293 462353 396325 513529 484815 435105 618576 607018 426765 585524 534362 453184 522464 611203 469943 492758 614202 443929 395439
439131 428800 469378 538151 482954 338406 533794 301652 292343 312613 413935 538128 390723 352557 539031 447061 539510 360293 551596 392107 275620 288298 501444 518689 347855 464793 487608 463735 360142 336203 270175 387379 358665 308955 492426 480868 300615 459374 408211 327033 396313 485053 343793 366607 488052 317779 269289
446946 436615 477193 545966 490769 346221 541609 309467 300158 320428 421750 545942 398538 360372 546846 454877 547325 368108 559411 399922 283435 296112 509259 526504 355670 472608 495423 471550 367957 344018 277990 395194 366480 316770 500241 488683 308430 467189 416026 334848 404128 492868 351608 374422 495867 325594 277104
574904 564573 605151 673924 618727 474179 669567 437425 428116 448386 549708 673901 526496 488330 674804 582835 675283 496066 687369 527880 411393 424070 637217 654462 483628 600566 623381 599508 495915 471976 405948 523152 494438 444728 628199 616641 436388 595147 543984 462806 532086 620826 479566 502380 623825 453552 405062
511902 501570 542148 610921 555724 411176 606564 374422 365113 385383 486705 610898 463493 425327 611801 519832 612281 433063 624366 464877 348390 361067 574214 591460 420625 537563 560378 536505 432913 408973 342945 460149 431435 381725 565197 553638 373385 532144 480981 399803 469083 557823 416563 439377 560822 390549 342059
465643 455311 495889 564662 509466 364917 560305 328163 318854 339124 440446 564639 417234 379068 565542 473573 566022 386804 578108 418618 302131 314809 527955 545201 374367 491305 514119 490247 386654 362714 296686 413890 385176 335466 518937 507379 327126 485885 434723 353545 422825 511563 370304 393119 514563 344290 295800
401449 391118 431696 500469 445272 300724 496112 263970 254661 274931 376253 500446 353041 314875 501349 409379 501828 322611 513914 354425 237938 250616 463762 481007 310173 427111 449926 426053 322460 298520 232493 349697 320983 271273 454744 443186 262933 421692 370529 289351 358631 447371 306111 328925 450370 280097 231607
546572 536240 576818 645590 590394 445846 641234 409092 399783 420053 521375 645568 498163 459996 646471 554501 646950 467733 659036 499547 383060 395737 608884 626129 455295 572233 595048 571175 467582 443642 377615 494819 466105 416395 599866 588308 408055 566814 515651 434473 503753 592493 451233 474047 595492 425219 376729
558080 547748 588326 657099 601903 457354 652742 420600 411291 431561 532883 657076 509671 471505 657979 566010 658459 479241 670543 511055 394568 407246 620392 637638 466804 583742 606556 582683 479091 455151 389123 506327 477613 427903 611374 599816 419563 578322 527160 445982 515262 604001 462741 485555 607000 436727 388237
528402 518070 558648 627421 572225 427676 623064 390922 381613 401883 503205 627398 479993 441827 628300 536332 628781 449563 640866 481377 364890 377568 590714 607960 437125 554063 576878 553005 449413 425473 359445 476649 447935 398225 581696 570138 389885 548644 497482 416303 485584 574323 433063 455877 577322 407049 358559
412507 402175 442754 511526 456330 311782 507169 275027 265718 285988 387311 511503 364098 325932 512406 420437 512886 333668 524972 365482 248995 261673 474819 492065 321231 438169 460984 437111 333518 309578 243550 360754 332041 282331 465801 454244 273990 432749 381587 300409 369689 458428 317168 339983 461427 291154 242664
493006 482674 523252 592025 536829 392279 587668 355526 346217 366487 467809 592002 444597 406431 592905 500936 593385 414167 605471 445981 329494 342172 555318 572564 401730 518668 541483 517610 414017 390077 324049 441253 412539 362830 546300 534742 354489 513248 462086 380908 450188 538927 397667 420482 541926 371653 323163
406380 396049 436627 505399 450203 305655 501042 268901 259592 279861 381184 505377 357972 319805 506280 414310 506759 327542 518845 359356 242869 255547 468693 485938 315104 432042 454857 430984 327391 303451 237424 354628 325914 276204 459675 448117 267864 426623 375460 294282 363562 452302 311042 333856 455301 285028 236538
440740 430409 470987 539759 484563 340015 535402 303260 293951 314221 415544 539736 392331 354165 540639 448670 541119 361902 553205 393715 277228 289906 503052 520298 349464 466402 489217 465344 361751 337810 271783 388987 360274 310564 494034 482477 302223 460982 409820 328642 397922 486661 345402 368216 489660 319387 270897
484243 473912 514490 583262 528066 383518 578905 346764 337455 357724 459047 583240 435835 397668 584142 492173 584622 405404 596708 437219 320731 333409 546556 563801 392967 509905 532720 508847 405254 381314 315287 432491 403777 354067 537538 525980 345727 504486 453323 372145 441425 530165 388905 411719 533164 362891 314401
383616 373284 413862 482635 427439 282891 478278 246136 236827 257097 358420 482612 335207 297041 483515 391546 483995 304777 496081 336591 220104 232782 445928 463174 292340 409278 432093 408220 304627 280687 214659 331863 303150 253440 436910 425351 245099 403858 352696 271518 340798 429537 288277 311092 432536 262263 213773
478993 468661 509239 578012 522817 378267 573655 341513 332204 352474 453796 577989 430584 392418 578892 486923 579372 400154 591458 431968 315481 328159 541305 558551 387717 504655 527469 503596 400004 376064 310036 427240 398526 348816 532287 520729 340476 499235 448073 366895 436175 524914 383654 406469 527913 357640 309150
547051 536719 577298 646070 590874 446326 641713 409571 400262 420532 521855 646047 498642 460476 646950 554981 647430 468212 659516 500026 383539 396217 609363 626609 455775 572713 595528 571655 468062 444123 378094 495298 466585 416875 600345 588788 408534 567293 516131 434953 504233 592972 451712 474527 595971 425698 377208
465321 454989 495567 564340 509145 364595 559983 327841 318532 338802 440124 564317 416912 378746 565220 473251 565700 386482 577786 418296 301809 314487 527633 544879 374045 490983 513798 489925 386332 362392 296364 413568 384854 335145 518615 507057 326804 485563 434401 353223 422503 511242 369982 392797 514241 343968 295478
380954 370623 411201 479973 424777 280229 475616 243475 234166 254435 355758 479951 332546 294379 480853 388884 481333 302116 493419 333930 217443 230120 443267 460512 289678 406616 429430 405558 301965 278025 211998 329202 300488 250778 434249 422691 242438 401197 350034 268856 338136 426876 285616 308430 429875 259602 211112
399250 388919 429497 498269 443073 298525 493912 261771 252462 272731 374054 498247 350842 312675 499149 407180 499629 320412 511715 352226 235739 248416 461563 478808 307974 424912 447727 423854 320261 296321 230294 347498 318784 269074 452545 440987 260734 419493 368330 287152 356432 445172 303912 326726 448171 277898 229408
415436 405104 445682 514455 459259 314710 510098 277956 268647 288917 390239 514432 367027 328862 515335 423366 515815 336597 527900 368411 251924 264602 477748 494994 324159 441097 463912 440039 336447 312507 246479 363683 334969 285259 468730 457172 276919 435678 384516 303338 372618 461357 320097 342911 464356 294083 245593
385359 375028 415606 484379 429182 284634 480022 247880 238571 258841 360163 484356 336951 298785 485259 393289 485739 306521 497824 338335 221848 234525 447672 464917 294083 411021 433836 409963 306370 282430 216403 333607 304893 255183 438654 427096 246843 405602 354439 273261 342541 431281 290021 312835 434280 264007 215517
555181 544849 585427 654200 599004 454456 649843 417701 408392 428662 529985 654177 506772 468606 655081 563111 655560 476342 667646 508156 391669 404347 617493 634739 463905 580843 603658 579785 476192 452252 386224 503428 474714 425005 608475 596917 416664 575423 524261 443083 512363 601102 459842 482657 604101 433828 385338
380548 370216 410794 479567 424371 279822 475210 243068 233759 254029 355351 479544 332139 293973 480447 388478 480927 301709 493013 333523 217036 229714 442860 460106 289272 406210 429024 405152 301559 277619 211591 328795 300081 250371 433842 422284 242031 400790 349628 268450 337730 426469 285209 308024 429468 259195 210705
447527 437196 477774 546547 491350 346802 542190 310048 300739 321009 422331 546524 399119 360953 547427 455457 547906 368689 559992 400503 284016 296693 509840 527085 356251 473189 496004 472131 368538 344599 278571 395775 367061 317351 500822 489264 309011 467770 416607 335429 404709 493449 352189 375003 496448 326175 277685
444368 434038 474616 543388 488192 343644 539031 306890 297581 317850 419173 543366 395961 357794 544268 452299 544748 365531 556834 397345 280858 293535 506682 523927 353093 470031 492846 468973 365380 341440 275413 392617 363903 314193 497664 486106 305853 464612 413449 332271 401551 490291 349031 371845 493290 323017 274527
570057 559725 600304 669076 613880 469332 664719 432577 423268 443538 544861 669053 521648 483482 669956 577987 670436 491218 682522 523032 406545 419223 632369 649615 478781 595719 618534 594661 491068 467128 401100 518304 489591 439881 623351 611794 431540 590299 539137 457958 527239 615978 474718 497533 618977 448704 400214
462496 452165 492743 561515 506319 361771 557158 325017 315708 335978 437300 561493 414088 375921 562396 470426 562875 383658 574961 415472 298985 311662 524809 542054 371220 488158 510973 487100 383507 359567 293540 410744 382030 332320 515791 504233 323980 482739 431576 350398 419678 508418 367158 389972 511417 341144 292654
386969 376639 417216 485988 430792 286244 481631 249490 240181 260450 361773 485966 338561 300394 486868 394899 487348 308131 499434 339945 223458 236135 449282 466527 295693 412631 435446 411573 307980 284040 218013 335217 306503 256793 440264 428706 248453 407212 356049 274871 344151 432891 291631 314445 435890 265617 217127
465609 455278 495856 564628 509432 364884 560271 328129 318821 339090 440413 564605 417200 379034 565508 473539 565988 386771 578074 418585 302097 314775 527921 545167 374333 491271 514086 490213 386620 362680 296653 413856 385143 335433 518903 507346 327093 485852 434690 353511 422791 511530 370271 393085 514530 344257 295767
536715 526383 566961 635734 580537 435989 631377 399235 389926 410196 511518 635711 488306 450140 636614 544645 637093 457876 649179 489690 373203 385880 599027 616272 445438 562376 585191 561318 457726 433786 367758 484962 456248 406538 590009 578451 398198 556957 505794 424616 493896 582636 441376 464190 585635 415362 366872
499256 488925 529503 598276 543079 398531 593919 361777 352468 372738 474060 598253 450848 412682 599156 507186 599635 420418 611721 452231 335745 348422 561569 578814 407980 524918 547733 523860 420267 396328 330300 447504 418790 369080 552551 540993 360740 519499 468336 387158 456438 545178 403918 426732 548177 377904 329414
397012 386681 427259 496032 440835 296287 491675 259533 250224 270494 371816 496009 348605 310438 496912 404943 497391 318174 509477 349988 233501 246178 459325 476570 305736 422674 445489 421616 318024 294084 228056 345260 316546 266836 450307 438749 258496 417255 366092 284914 354194 442934 301674 324488 445933 275660 227170
552085 541753 582331 651104 595908 451359 646747 414605 405296 425566 526888 651081 503676 465510 651984 560015 652464 473246 664549 505060 388573 401251 614397 631643 460809 577746 600561 576688 473096 449156 383128 500332 471618 421908 605379 593821 413568 572327 521165 439987 509267 598006 456746 479560 601005 430732 382242
405988 395656 436235 505007 449811 305263 500650 268508 259199 279469 380791 504984 357579 319413 505887 413918 506367 327149 518453 358963 242476 255154 468300 485546 314712 431650 454465 430592 326999 303059 237031 354235 325522 275812 459282 447724 267471 426230 375068 293890 363170 451909 310649 333464 454908 284635 236145
502191 491859 532437 601210 546014 401465 596853 364711 355402 375672 476994 601187 453782 415616 602090 510121 602570 423352 614656 455166 338679 351357 564503 581749 410915 527853 550668 526795 423202 399262 333234 450438 421724 372014 555485 543927 363674 522433 471271 390093 459373 548112 406852 429667 551111 380838 332347
549839 539507 580085 648858 593662 449113 644501 412359 403050 423320 524642 648834 501430 463264 649738 557769 650218 471000 662304 502814 386327 399005 612151 629397 458563 575501 598315 574443 470850 446910 380882 498086 469372 419662 603133 591575 411322 570081 518919 437741 507021 595760 454500 477315 598759 428486 379996
452833 442502 483080 551852 496656 352108 547495 315354 306045 326314 427637 551829 404425 366258 552732 460763 553212 373995 565298 405809 289321 301999 515146 532391 361557 478495 501309 477437 373844 349904 283877 401080 372367 322657 506128 494570 314317 473076 421913 340735 410015 498755 357495 380309 501754 331481 282991
458026 447694 488272 557045 501848 357300 552688 320546 311237 331507 432829 557022 409617 371451 557925 465956 558405 379187 570490 411001 294514 307191 520338 537584 366749 483687 506502 482629 379037 355097 289069 406273 377559 327849 511320 499762 319509 478268 427106 345927 415208 503947 362687 385501 506946 336673 288183
388103 377771 418349 487122 431926 287377 482765 250623 241314 261584 362906 487099 339694 301528 488002 396033 488482 309264 500567 341078 224591 237269 450415 467661 296827 413765 436579 412706 309114 285174 219146 336350 307636 257926 441397 429839 249586 408345 357183 276005 345285 434024 292764 315578 437023 266750 218260
530081 519749 560327 629100 573904 429355 624743 392601 383292 403562 504884 629077 481672 443506 629980 538011 630461 451242 642545 483056 366569 379247 592393 609639 438805 555743 578557 554684 451092 427152 361124 478328 449614 399904 583375 571817 391564 550323 499161 417983 487263 576002 434742 457556 579001 408728 360238
541348 531016 571594 640367 585170 440622 636010 403868 394559 414829 516151 640344 492939 454773 641247 549278 641727 462509 653812 494323 377836 390513 603660 620906 450071 567009 589824 565951 462359 438419 372391 489595 460881 411172 594642 583084 402831 561590 510428 429249 498530 587269 446009 468823 590268 419995 371505
525300 514968 555546 624319 569123 424574 619962 387820 378511 398781 500103 624296 476891 438725 625199 533230 625679 446461 637765 478275 361788 374466 587612 604858 434024 550962 573777 549904 446310 422371 356343 473547 444833 395123 578594 567036 386783 545542 494380 413202 482482 571221 429961 452776 574220 403947 355457
507749 497418 537996 606768 551572 407024 602411 370270 360961 381230 482553 606746 459341 421174 607649 515679 608128 428912 620214 460725 344238 356915 570062 587307 416473 533411 556226 532353 428760 404820 338793 455997 427283 377573 561044 549486 369233 527992 476829 395651 464931 553671 412411 435225 556670 386397 337907
425900 415569 456147 524919 469723 325175 520562 288421 279112 299381 400704 524896 377492 339325 525799 433830 526279 347062 538365 378876 262388 275066 488213 505458 334624 451562 474377 450504 346911 322971 256944 374147 345434 295724 479194 467637 287384 446143 394980 313802 383082 471822 330562 353376 474821 304548 256058
555650 545319 585897 654669 599473 454925 650312 418170 408861 429131 530454 654646 507241 469075 655549 563580 656029 476812 668115 508625 392138 404816 617962 635208 464374 581312 604127 580254 476661 452721 386693 503897 475184 425474 608944 597387 417133 575892 524730 443552 512832 601571 460312 483126 604570 434297 385807
502155 491823 532402 601174 545978 401430 596817 364675 355366 375636 476959 601151 453746 415580 602054 510085 602534 423316 614620 455130 338643 351321 564467 581713 410879 527817 550632 526759 423166 399226 333198 450402 421689 371979 555449 543892 363638 522397 471235 390057 459337 548076 406816 429631 551075 380802 332312
418481 408150 448728 517500 462304 317756 513144 281002 271693 291963 393285 517478 370073 331907 518381 426411 518860 339643 530946 371457 254970 267647 480794 498039 327205 444143 466958 443085 339492 315552 249525 366729 338015 288305 471776 460218 279965 438724 387561 306383 375662 464403 323143 345957 467402 297129 248639
466603 456271 496850 565622 510426 365878 561265 329123 319814 340084 441407 565599 418194 380028 566502 474533 566982 387764 579068 419578 303091 315769 528915 546161 375327 492265 515080 491207 387614 363674 297646 414850 386137 336427 519897 508340 328086 486845 435683 354505 423785 512524 371264 394079 515523 345251 296760
538690 528360 568938 637710 582514 437966 633353 401211 391902 412172 513495 637687 490282 452116 638590 546621 639070 459853 651156 491667 375179 387857 601003 618249 447415 564353 587168 563295 459702 435762 369735 486938 458225 408515 591985 580428 400174 558934 507771 426593 495873 584612 443353 466167 587611 417339 368848
484452 474121 514699 583471 528275 383727 579115 346973 337664 357934 459256 583449 436044 397877 584352 492382 584832 405614 596917 437428 320941 333618 546765 564010 393176 510114 532929 509056 405463 381523 315496 432700 403986 354276 537747 526189 345936 504695 453532 372354 441634 530374 389114 411928 533373 363100 314610
418808 408477 449055 517827 462631 318083 513470 281328 272019 292289 393612 517804 370399 332233 518707 426738 519187 339970 531273 371783 255296 267974 481120 498366 327532 444470 467285 443412 339819 315879 249851 367055 338343 288632 472102 460545 280291 439050 387888 306710 375990 464729 323469 346284 467728 297455 248965
422219 411887 452465 521238 466041 321493 516881 284739 275430 295700 397022 521215 373810 335644 522118 430149 522597 343380 534683 375194 258707 271384 484531 501776 330942 447880 470695 446822 343230 319290 253262 370466 341752 292042 475513 463955 283702 442461 391298 310121 379400 468140 326880 349694 471139 300866 252376
417068 406737 447315 516087 460891 316343 511730 279588 270280 290549 391872 516064 368660 330493 516967 424998 517447 338230 529533 370044 253556 266234 479380 496626 325792 442730 465545 441672 338079 314139 248112 365315 336602 286892 470362 458805 278552 437311 386148 304970 374250 462990 321730 344544 465989 295716 247226
394528 384196 424774 493547 438350 293802 489190 257048 247739 268009 369331 493524 346119 307953 494427 402458 494907 315689 506992 347503 231016 243693 456840 474086 303251 420189 443004 419131 315539 291599 225571 342775 314061 264351 447822 436264 256011 414770 363607 282429 351709 440449 299189 322003 443448 273175 224685
459775 449444 490022 558795 503598 359050 554438 322296 312987 333257 434579 558772 411367 373201 559675 467706 560154 380937 572240 412751 296264 308941 522089 539333 368499 485437 508252 484379 380787 356847 290819 408023 379309 329599 513070 501512 321259 480018 428855 347677 416957 505697 364437 387251 508696 338423 289933
525919 515587 556165 624938 569742 425193 620581 388439 379130 399400 500722 624915 477510 439344 625818 533849 626298 447080 638384 478894 362407 375085 588231 605477 434643 551581 574396 550523 446930 422990 356962 474166 445452 395743 579214 567655 387402 546161 494999 413821 483101 571840 430580 453395 574839 404566 356076
568120 557789 598367 667139 611943 467395 662782 430640 421331 441601 542924 667116 519711 481545 668019 576050 668499 489282 680585 521096 404608 417286 630432 647678 476844 593782 616597 592724 489131 465191 399164 516367 487654 437944 621414 609857 429604 588363 537200 456022 525302 614041 472782 495596 617041 446768 398278
574675 564344 604922 673694 618498 473950 669337 437196 427887 448156 549479 673672 526267 488100 674574 582605 675054 495837 687140 527651 411164 423841 636988 654233 483399 600337 623152 599279 495686 471746 405719 522923 494209 444499 627970 616412 436159 594918 543755 462577 531857 620597 479337 502151 623596 453323 404833
381898 371567 412145 480917 425721 281173 476560 244418 235110 255379 356702 480894 333489 295323 481797 389828 482277 303060 494363 334874 218386 231064 444210 461456 290622 407560 430375 406502 302909 278969 212942 330145 301432 251722 435192 423635 243382 402141 350978 269800 339080 427819 286560 309374 430819 260546 212056
405170 394838 435416 504189 448992 304444 499832 267690 258381 278651 379973 504166 356761 318595 505069 413100 505548 326331 517634 358145 241658 254335 467482 484727 313893 430831 453646 429773 326181 302241 236213 353417 324703 274993 458464 446906 266653 425412 374249 293071 362351 451091 309831 332645 454090 283817 235327
386959 376627 417205 485978 430782 286233 481621 249479 240170 260440 361762 485955 338550 300384 486858 394889 487338 308120 499423 339934 223447 236124 449271 466517 295682 412620 435435 411562 307970 284031 218002 335206 306492 256782 440253 428695 248442 407201 356039 274860 344141 432880 291620 314434 435879 265606 217116
522278 511947 552525 621297 566101 421553 616940 384799 375490 395760 497082 621275 473870 435703 622178 530208 622657 443440 634743 475254 358767 371444 584591 601836 431002 547940 570755 546882 443289 419349 353322 470526 441812 392102 575573 564015 383762 542521 491358 410180 479460 568200 426940 449754 571200 400926 352436
390652 380321 420899 489672 434475 289927 485315 253173 243864 264134 365456 489649 342244 304078 490552 398582 491031 311814 503117 343628 227141 239818 452965 470210 299376 416314 439129 415256 311663 287723 221696 338900 310187 260476 443947 432389 252136 410895 359732 278554 347834 436574 295314 318128 439573 269300 220810
421901 411570 452148 520921 465724 321176 516564 284422 275113 295383 396705 520898 373493 335327 521801 429831 522280 343063 534366 374877 258390 271067 484215 501459 330625 447563 470378 446505 342912 318972 252945 370149 341435 291725 475196 463638 283385 442144 390981 309803 379083 467823 326563 349377 470822 300549 252059
438292 427961 468539 537310 482115 337567 532954 300813 291504 311773 413096 537288 389884 351717 538191 446222 538671 359454 550757 391268 274780 287458 500605 517850 347016 463954 486769 462896 359303 335363 269336 386539 357826 308116 491586 480029 299776 458535 407372 326194 395474 484214 342954 365768 487213 316940 268450
454140 443809 484387 553160 497963 353415 548803 316661 307352 327622 428944 553137 405732 367566 554040 462070 554519 375302 566605 407116 290629 303306 516453 533698 362864 479802 502617 478744 375151 351211 285184 402388 373674 323964 507435 495877 315624 474383 423220 342042 411322 500062 358802 381616 503061 332788 284298
383893 373562 414140 482912 427716 283168 478555 246413 237104 257374 358697 482889 335484 297318 483792 391823 484272 305055 496358 336868 220381 233059 446205 463451 292617 409555 432370 408497 304904 280964 214936 332140 303427 253717 437187 425630 245376 404134 352973 271795 341075 429814 288554 311369 432813 262540 214050
477670 467339 507917 576689 521493 376945 572332 340190 330882 351151 452474 576666 429261 391095 577569 485600 578049 398832 590135 430646 314158 326836 539982 557228 386394 503332 526147 502274 398681 374741 308714 425917 397204 347494 530964 519407 339154 497913 446750 365572 434852 523591 382332 405146 526591 356318 307828
522223 511891 552469 621242 566046 421497 616885 384743 375434 395704 497026 621219 473814 435648 622122 530153 622602 443384 634687 475198 358711 371389 584535 601781 430946 547884 570699 546826 443234 419294 353266 470470 441756 392046 575517 563959 383706 542465 491303 410124 479405 568144 426884 449698 571143 400870 352380
480201 469870 510448 579220 524024 379476 574863 342721 333412 353682 455005 579197 431792 393626 580100 488131 580580 401363 592666 433177 316689 329367 542513 559759 388925 505863 528678 504805 401212 377272 311245 428448 399735 350025 533495 521938 341684 500444 449281 368103 437384 526122 384863 407677 529121 358849 310359
488522 478191 518769 587541 532345 387797 583184 351042 341733 362003 463326 587518 440113 401947 588421 496452 588901 409684 600987 441498 325010 337688 550834 568080 397246 514183 536999 513126 409533 385593 319566 436769 408056 358346 541816 530259 350005 508765 457602 376424 445704 534443 393184 415998 537442 367170 318679
561974 551642 592220 660993 605796 461248 656636 424494 415185 435455 536777 660971 513565 475399 661873 569904 662353 483135 674438 514949 398462 411139 624286 641532 470697 587635 610450 586577 482985 459045 393017 510221 481507 431797 615268 603710 423457 582216 531054 449875 519155 607895 466635 489449 610894 440621 392131
520062 509731 550309 619080 563885 419337 614724 382582 373273 393543 494866 619058 471653 433487 619961 527992 620441 441224 632527 473037 356550 369228 582374 599620 428786 545724 568539 544666 441073 417133 351105 468309 439596 389886 573356 561799 381545 540304 489142 407964 477244 565983 424723 447538 568982 398709 350219
483946 473615 514193 582965 527769 383221 578608 346466 337158 357427 458750 582942 435537 397371 583845 491876 584325 405108 596411 436922 320434 333112 546258 563503 392670 509608 532423 508550 404957 381017 314990 432193 403480 353770 537240 525683 345430 504189 453026 371848 441128 529867 388608 411422 532867 362594 314104
554212 543881 584459 653231 598035 453487 648874 416733 407424 427693 529016 653209 505804 467637 654112 562142 654591 475374 666677 507188 390701 403378 616525 633770 462936 579874 602689 578816 475223 451283 385256 502460 473746 424036 607506 595949 415696 574455 523292 442114 511394 600134 458874 481688 603133 432860 384370
524490 514159 554737 623509 568313 423765 619152 387010 377701 397971 499294 623486 476081 437915 624389 532420 624869 445652 636955 477465 360978 373656 586802 604048 433214 550152 572967 549094 445501 421561 355534 472737 444024 394314 577784 566227 385973 544732 493570 412392 481672 570411 429152 451966 573410 403137 354647
430407 420076 460654 529426 474230 329682 525069 292928 283619 303889 405211 529404 381999 343832 530307 438337 530786 351569 542872 383383 266896 279573 492720 509965 339131 456069 478884 455011 351418 327479 261451 378655 349941 300231 483702 472144 291891 450650 399487 318309 387589 476329 335069 357883 479328 309055 260565
449324 438992 479570 548343 493147 348598 543986 311844 302535 322805 424127 548320 400916 362749 549223 457254 549703 370485 561788 402299 285812 298489 511636 528882 358047 474985 497800 473927 370335 346395 280367 397571 368857 319147 502618 491060 310807 469566 418404 337225 406506 495245 353985 376799 498244 327971 279481
474580 464249 504827 573600 518403 373855 569243 337101 327792 348062 449384 573577 426172 388006 574480 482511 574959 395742 587045 427556 311069 323746 536893 554138 383304 500242 523057 499184 395591 371652 305624 422828 394114 344404 527875 516317 336064 494823 443660 362482 431762 520502 379242 402056 523501 353228 304739
514753 504421 544999 613772 558576 414028 609415 377273 367964 388234 489557 613749 466344 428178 614652 522683 615132 435914 627218 467728 351241 363919 577065 594311 423477 540415 563230 539357 435764 411824 345796 463000 434286 384577 568047 556489 376236 534995 483833 402655 471935 560674 419414 442229 563673 393400 344910
515129 504798 545376 614148 558952 414404 609791 377650 368341 388610 489933 614126 466720 428554 615028 523059 615508 436291 627594 468105 351618 364295 577442 594687 423853 540791 563606 539733 436140 412200 346173 463377 434663 384953 568424 556866 376613 535372 484209 403031 472311 561051 419791 442605 564050 393777 345287
427167 416835 457413 526186 470989 326441 521829 289687 280378 300648 401970 526163 378758 340592 527066 435097 527546 348328 539631 380142 263655 276332 489479 506725 335891 452828 475643 451770 348178 324238 258210 375414 346700 296990 480461 468903 288650 447409 396246 315068 384348 473088 331828 354642 476087 305814 257324
477415 467084 507662 576434 521238 376690 572077 339935 330626 350896 452219 576411 429006 390840 577314 485345 577794 398577 589881 430391 313903 326581 539727 556973 386139 503077 525892 502019 398426 374486 308459 425662 396949 347239 530709 519152 338898 497658 446495 365317 434597 523336 382077 404891 526335 356062 307572
497793 487462 528040 596813 541616 397068 592456 360314 351005 371275 472597 596790 449385 411219 597693 505724 598172 418955 610258 450769 334282 346959 560106 577351 406517 523455 546270 522397 418805 394865 328837 446041 417327 367617 551088 539530 359277 518036 466873 385695 454975 543715 402455 425269 546714 376441 327951
477914 467583 508161 576934 521737 377189 572578 340435 331126 351396 452718 576911 429506 391340 577814 485845 578293 399076 590379 430890 314403 327080 540227 557472 386638 503576 526391 502518 398926 374986 308958 426162 397448 347738 531209 519651 339398 498157 446994 365816 435096 523836 382576 405390 526835 356562 308072
422305 411974 452552 521324 466128 321580 516967 284825 275516 295786 397109 521301 373896 335730 522204 430235 522684 343467 534770 375280 258793 271471 484617 501863 331029 447967 470782 446909 343316 319375 253348 370552 341839 292129 475599 464042 283788 442547 391385 310207 379487 468226 326967 349781 471225 300952 252462
439139 428807 469385 538158 482961 338413 533801 301659 292350 312620 413942 538135 390730 352564 539038 447069 539517 360300 551603 392114 275627 288304 501451 518696 347861 464800 487615 463742 360150 336210 270182 387386 358672 308962 492433 480875 300622 459381 408218 327040 396320 485060 343800 366614 488059 317786 269296
542587 532256 572834 641607 586410 441862 637250 405108 395799 416069 517391 641584 494179 456013 642487 550517 642967 463749 655052 495563 379076 391753 604900 622145 451311 568249 591064 567191 463598 439658 373631 490835 462121 412411 595882 584324 404071 562830 511667 430489 499769 588509 447249 470063 591508 421235 372745
426376 416045 456623 525395 470199 325651 521038 288897 279588 299857 401180 525373 377968 339801 526276 434306 526755 347538 538841 379351 262865 275542 488689 505934 335100 452038 474853 450980 347387 323447 257420 374624 345910 296200 479671 468113 287860 446619 395456 314278 383558 472298 331038 353852 475297 305024 256534
546713 536381 576960 645732 590536 445988 641375 409234 399925 420194 521517 645709 498304 460138 646612 554643 647092 467875 659178 499689 383201 395879 609025 626271 455437 572375 595190 571317 467724 443784 377757 494960 466247 416537 600007 588450 408197 566956 515793 434615 503895 592634 451375 474189 595634 425361 376871
483885 473554 514132 582904 527708 383160 578547 346405 337096 357366 458689 582881 435476 397310 583784 491815 584264 405047 596350 436861 320373 333051 546197 563443 392609 509547 532362 508489 404896 380956 314929 432132 403419 353709 537179 525622 345368 504127 452965 371787 441067 529806 388547 411361 532805 362532 314042
475863 465531 506109 574882 519686 375137 570525 338383 329074 349344 450666 574859 427454 389288 575762 483793 576242 397024 588328 428838 312351 325029 538176 555421 384587 501525 524340 500467 396874 372934 306906 424110 395396 345686 529157 517599 337346 496105 444943 363765 433045 521784 380524 403339 524783 354510 306020
468714 458383 498961 567733 512537 367989 563376 331234 321925 342195 443518 567710 420305 382139 568613 476644 569093 389876 581179 421690 305202 317880 531026 548272 377438 494376 517191 493318 389725 365785 299759 416961 388248 338538 522008 510451 330197 488957 437794 356616 425896 514635 373376 396190 517634 347362 298871
449353 439021 479599 548372 493176 348627 544015 311873 302564 322834 424156 548349 400944 362778 549252 457283 549732 370514 561817 402328 285841 298519 511665 528911 358077 475015 497829 473956 370364 346424 280396 397600 368886 319176 502647 491089 310836 469595 418433 337255 406535 495273 354014 376828 498273 328000 279510
467101 456770 497348 566120 510924 366376 561763 329622 320314 340582 441905 566098 418693 380526 567001 475031 567480 388263 579566 420077 303590 316267 529414 546659 375825 492763 515578 491705 388112 364172 298145 415349 386635 336925 520396 508838 328585 487344 436181 355003 424283 513023 371763 394577 516022 345749 297259
556449 546118 586696 655468 600272 455724 651111 418970 409662 429931 531253 655446 508041 469874 656349 564379 656828 477611 668914 509425 392938 405615 618762 636007 465173 582111 604926 581053 477460 453520 387493 504697 475983 426273 609744 598186 417933 576692 525529 444351 513631 602371 461111 483925 605370 435097 386607
382918 372586 413164 481937 426741 282192 477580 245439 236129 256399 357721 481914 334509 296343 482817 390848 483297 304079 495382 335893 219406 232084 445230 462476 291642 408579 431394 407521 303929 279989 213961 331165 302451 252741 436212 424654 244401 403160 351998 270820 340100 428839 287579 310393 431838 261565 213075
408693 398361 438939 507712 452516 307967 503355 271213 261904 282174 383496 507689 360284 322118 508592 416623 509072 329854 521158 361668 245181 257859 471005 488251 317417 434355 457169 433297 329704 305764 239736 356940 328226 278516 461986 450429 270176 428935 377773 296595 365875 454614 313354 336169 457613 287340 238850
523267 512936 553514 622286 567090 422542 617930 385788 376479 396749 498071 622264 474859 436693 623167 531197 623646 444429 635732 476243 359756 372433 585580 602825 431991 548929 571744 547871 444278 420338 354311 471515 442801 393091 576562 565004 384751 543510 492347 411169 480449 569189 427929 450743 572188 401916 353425
478451 468120 508698 577470 522274 377726 573113 340971 331662 351932 453255 577448 430042 391876 578350 486381 578830 399613 590916 431427 314939 327617 540763 558009 387175 504113 526928 503055 399462 375522 309495 426698 397985 348275 531745 520188 339934 498694 447531 366353 435633 524372 383113 405927 527371 357099 308608
524157 513825 554403 623176 567980 423431 618819 386677 377368 397638 498960 623153 475748 437582 624056 532087 624536 445318 636621 477132 360645 373323 586469 603715 432881 549818 572633 548760 445168 421228 355200 472404 443690 393980 577451 565893 385640 544398 493237 412059 481339 570078 428818 451632 573077 402804 354314
426085 415754 456332 525104 469908 325360 520747 288606 279297 299566 400889 525081 377677 339510 525984 434015 526464 347247 538550 379061 262573 275251 488398 505643 334809 451747 474562 450689 347096 323156 257129 374333 345619 295909 479380 467822 287569 446328 395165 313987 383267 472008 330747 353561 475006 304733 256243
466537 456206 496784 565557 510360 365812 561200 329058 319749 340019 441341 565534 418129 379963 566437 474467 566916 387699 579002 419513 303026 315703 528850 546095 375261 492199 515014 491141 387548 363609 297581 414786 386071 336361 519832 508274 328021 486780 435617 354439 423719 512459 371199 394013 515458 345185 296695
551159 540828 581406 650177 594982 450434 645821 413680 404371 424640 525963 650156 502751 464584 651059 559089 651538 472321 663624 504135 387648 400325 613472 630717 459883 576821 599636 575763 472170 448230 382203 499407 470693 420983 604454 592896 412643 571402 520239 439061 508341 597081 455821 478635 600080 429807 381317
420664 410333 450911 519683 464487 319939 515326 283184 273875 294145 395468 519660 372255 334089 520563 428594 521043 341826 533129 373640 257152 269830 482976 500222 329388 446326 469141 445268 341675 317735 251708 368911 340198 290488 473958 462401 282147 440907 389744 308566 377846 466585 325326 348140 469584 299311 250820
411253 400922 441500 510272 455076 310528 505915 273773 264464 284734 386057 510249 362844 324678 511152 419183 511632 332415 523718 364228 247741 260419 473565 490811 319977 436915 459729 435857 332264 308324 242296 359500 330787 281077 464547 452990 272736 431495 380333 299155 368435 457174 315915 338729 460173 289900 241410
446233 435902 476480 545252 490056 345508 540896 308754 299445 319715 421037 545230 397825 359658 546133 454163 546612 367395 558698 399209 282722 295399 508546 525790 354957 471895 494710 470837 367244 343304 277277 394481 365767 316057 499528 487970 307717 466476 415313 334135 403415 492155 350895 373709 495154 324881 276391
501895 491563 532141 600914 545718 401169 596557 364415 355106 375376 476698 600891 453486 415320 601794 509825 602274 423056 614360 454870 338383 351061 564207 581453 410619 527557 550371 526498 422906 398966 332938 450142 421428 371718 555189 543631 363378 522137 470975 389798 459077 547816 406556 429371 550815 380542 332052
541215 530884 571462 640234 585038 440490 635877 403736 394427 414696 516019 640212 492807 454640 641114 549145 641594 462377 653680 494191 377703 390381 603528 620773 449939 566877 589692 565819 462226 438286 372259 489462 460749 411039 594510 582952 402699 561458 510295 429117 498397 587137 445877 468691 590136 419863 371373
379819 369488 410066 478838 423642 279094 474481 242340 233031 253300 354623 478816 331411 293244 479718 387749 480198 300981 492284 332796 216308 228985 442132 459377 288543 405481 428296 404423 300830 276890 210863 328067 299353 249643 433114 421556 241303 400062 348899 267721 337001 425741 284481 307295 428740 258467 209977
515433 505101 545679 614452 559255 414707 610095 377953 368644 388914 490236 614429 467024 428858 615332 523363 615812 436594 627897 468408 351921 364598 577745 594991 424156 541095 563909 540036 436444 412504 346476 463680 434966 385256 568727 557169 376916 535675 484513 403334 472615 561354 420094 442908 564353 394080 345590
483129 472796 513374 582147 526951 382403 577790 345648 336339 356609 457932 582124 434719 396553 583027 491058 583507 404289 595593 436103 319616 332294 545440 562686 391852 508790 531605 507732 404139 380199 314171 431375 402662 352952 536422 524864 344611 503370 452208 371030 440310 529049 387789 410604 532048 361775 313285
459449 449118 489696 558468 503272 358724 554111 321970 312661 332930 434253 558445 411040 372874 559348 467379 559828 380611 571914 412425 295937 308615 521761 539007 368173 485111 507926 484053 380460 356520 290493 407696 378983 329273 512743 501186 320933 479693 428529 347351 416631 505371 364111 386925 508370 338097 289607
557118 546787 587365 656137 600941 456393 651780 419639 410330 430599 531922 656115 508710 470543 657018 565048 657497 478280 669583 510094 393607 406284 619431 636676 465842 582780 605595 581722 478129 454189 388162 505366 476652 426942 610413 598855 418602 577361 526198 445020 514300 603040 461780 484594 606039 435766 387276
489670 479339 519917 588688 533493 388945 584332 352191 342882 363152 464474 588667 441262 403095 589570 497600 590049 410832 602135 442646 326159 338836 551983 569228 398394 515332 538147 514274 410681 386741 320714 437918 409204 359494 542965 531407 351154 509913 458750 377572 446852 535592 394332 417146 538591 368318 319828
553106 542774 583352 652125 596929 452381 647768 415626 406317 426587 527910 652102 504697 466531 653005 561036 653485 474267 665571 506081 389594 402272 615418 632664 461830 578768 601583 577710 474117 450177 384150 501353 472640 422930 606400 594842 414589 573348 522186 441008 510288 599027 457767 480582 602026 431753 383263
548036 537705 578283 647055 591859 447311 642698 410556 401247 421517 522840 647032 499627 461461 647935 555966 648415 469198 660501 501012 384524 397202 610348 627594 456760 573698 596513 572641 469047 445107 379080 496283 467570 417860 601330 589773 409520 568279 517116 435938 505218 593957 452698 475512 596956 426684 378194
403508 393177 433755 502527 447331 302783 498170 266029 256720 276989 378312 502505 355100 316933 503406 411438 503887 324670 515973 356484 239996 252674 465821 483066 312232 429170 451985 428112 324519 300579 234552 351756 323042 273332 456803 445245 264992 423751 372588 291410 360690 449430 308170 330984 452429 282156 233666
436683 426352 466930 535702 480506 335958 531345 299203 289894 310164 411487 535679 388274 350108 536582 444613 537062 357845 549148 389658 273171 285849 498995 516241 345407 462345 485160 461287 357694 333754 267726 384930 356217 306507 489977 478419 298166 456925 405763 324585 393865 482604 341345 364159 485603 315330 266840
519002 508670 549248 618021 562824 418276 613664 381522 372213 392483 493805 617998 470593 432427 618901 526932 619381 440163 631466 471977 355491 368167 581314 598560 427725 544663 567478 543605 440013 416073 350045 467249 438535 388825 572296 560738 380485 539244 488082 406903 476184 564923 423663 446477 567922 397649 349159
511616 501284 541862 610635 555439 410890 606278 374136 364827 385097 486419 610612 463207 425041 611515 519546 611995 432777 624080 464591 348104 360782 573928 591174 420339 537276 560092 536219 432627 408687 342659 459863 431149 381439 564910 553352 373099 531858 480696 399517 468798 557537 416277 439091 560536 390263 341773
416100 405768 446346 515119 459923 315374 510762 278620 269311 289581 390903 515096 367691 329525 515999 424030 516479 337261 528564 369075 252588 265266 478412 495658 324823 441761 464576 440703 337111 313171 247143 364347 335633 285923 469394 457836 277583 436342 385180 304002 373282 462021 320761 343575 465021 294747 246257
493940 483609 524187 592959 537763 393215 588602 356460 347151 367421 468744 592936 445531 407365 593839 501870 594319 415102 606405 446916 330428 343106 556252 573498 402664 519602 542417 518544 414951 391011 324984 442187 413474 363764 547234 535677 355423 514183 463020 381842 451122 539861 398602 421416 542860 372588 324097
496359 486028 526606 595378 540182 395634 591021 358879 349570 369840 471163 595355 447950 409784 596258 504289 596738 417521 608824 449335 332847 345525 558671 575917 405083 522021 544836 520963 417370 393430 327403 444606 415893 366183 549653 538096 357842 516602 465439 384261 453541 542280 401021 423835 545279 375007 326517
406886 396555 437133 505905 450709 306161 501548 269406 260097 280367 381690 505882 358477 320311 506785 414816 507265 328048 519351 359862 243374 256052 469198 486444 315610 432548 455363 431490 327897 303957 237930 355133 326420 276710 460180 448623 268370 427129 375966 294788 364068 452807 311548 334362 455807 285534 237044
417524 407193 447771 516543 461347 316799 512186 280045 270736 291005 392328 516521 369116 330949 517424 425454 517903 338686 529989 370501 254013 266690 479837 497082 326248 443186 466001 442128 338535 314595 248568 365772 337058 287348 470819 459261 279008 437767 386604 305426 374706 463446 322186 345000 466445 296172 247682
397697 387365 427943 496716 441520 296971 492359 260217 250908 271178 372501 496693 349289 311122 497596 405627 498076 318858 510162 350672 234185 246863 460009 477255 306421 423359 446174 422301 318708 294768 228740 345944 317230 267521 450991 439433 259180 417939 366777 285599 354879 443618 302358 325173 446617 276344 227854
457528 447196 487774 556547 501351 356802 552190 320048 310739 331009 432332 556524 409119 370953 557427 465458 557907 378689 569992 410503 294016 306694 519840 537086 366251 483189 506004 482131 378539 354599 288571 405775 377061 327351 510822 499264 319011 477770 426608 345429 414710 503449 362189 385003 506448 336175 287685
497312 486981 527559 596331 541135 396587 591974 359832 350523 370793 472116 596308 448903 410737 597211 505242 597691 418474 609777 450288 333800 346478 559624 576870 406036 522974 545789 521916 418322 394383 328356 445559 416846 367136 550606 539049 358796 517555 466392 385214 454494 543233 401974 424788 546233 375960 327470
422210 411879 452457 521229 466033 321485 516872 284730 275421 295691 397014 521206 373801 335635 522109 430140 522589 343372 534675 375185 258698 271376 484522 501768 330934 447872 470687 446814 343221 319281 253253 370457 341744 292034 475504 463947 283693 442452 391289 310112 379392 468131 326871 349686 471130 300857 252367
446785 436454 477033 545804 490608 346060 541448 309306 299997 320267 421589 545782 398377 360210 546685 454715 547164 367947 559250 399761 283274 295951 509098 526343 355509 472447 495262 471389 367796 343856 277829 395033 366319 316609 500080 488522 308269 467028 415865 334687 403967 492707 351447 374261 495706 325433 276943
429176 418844 459422 528195 472999 328450 523838 291696 282387 302657 403980 528171 380767 342601 529075 437106 529555 350337 541641 382151 265664 278342 491488 508734 337900 454838 477653 453780 350187 326247 260219 377423 348709 299000 482470 470912 290659 449418 398256 317078 386358 475097 333837 356652 478096 307823 259333
488212 477880 518458 587231 532035 387486 582874 350732 341423 361693 463015 587208 439803 401637 588111 496142 588591 409373 600676 441187 324700 337378 550524 567770 396936 513875 536688 512815 409223 385283 319255 436459 407745 358035 541506 529948 349695 508454 457292 376114 445394 534133 392873 415687 537132 366859 318369
454816 444485 485063 553835 498639 354091 549478 317337 308028 328297 429620 553812 406408 368241 554715 462746 555195 375978 567281 407792 291304 303982 517129 534374 363540 480478 503293 479420 375827 351887 285860 403063 374350 324640 508111 496552 316300 475059 423896 342718 411998 500738 359478 382292 503737 333464 284974
402885 392553 433132 501904 446708 302160 497547 265405 256096 276366 377689 501881 354477 316310 502784 410815 503264 324047 515350 355860 239373 252051 465197 482443 311609 428547 451362 427489 323896 299956 233928 351132 322419 272709 456179 444622 264368 423127 371965 290787 360067 448806 307546 330361 451805 281532 233042
495953 485622 526200 594972 539776 395228 590616 358474 349165 369434 470757 594950 447545 409378 595853 503883 596332 417115 608418 448929 332442 345119 558266 575511 404677 521615 544430 520557 416964 393024 326997 444201 415487 365777 549248 537690 357437 516196 465033 383855 453135 541875 400615 423429 544874 374601 326111
528857 518526 559104 627878 572680 428132 623520 391378 382069 402339 503661 627854 480449 442283 628757 536787 629236 450019 641322 481833 365346 378023 591170 608415 437581 554519 577334 553461 449868 425928 359901 477105 448391 398681 582152 570594 390341 549100 497937 416759 486039 574779 433519 456333 577778 407505 359015
541466 531135 571713 640485 585289 440741 636128 403986 394678 414947 516270 640462 493057 454891 641365 549396 641845 462628 653931 494442 377954 390632 603778 621024 450190 567128 589943 566070 462477 438537 372510 489713 461000 411290 594760 583203 402950 561708 510546 429368 498648 587387 446128 468942 590387 420114 371624
440923 430592 471170 539942 484746 340198 535585 303443 294134 314404 415727 539919 392514 354348 540822 448853 541302 362085 553388 393899 277411 290089 503235 520481 349647 466585 489400 465527 361934 337994 271967 389170 360457 310747 494217 482660 302406 461165 410003 328825 398105 486844 345585 368399 489843 319570 271080
394644 384312 424890 493663 438467 293918 489306 257164 247855 268125 369447 493640 346235 308069 494543 402574 495023 315805 507109 347619 231132 243810 456956 474202 303368 420306 443120 419248 315655 291715 225687 342891 314177 264467 447938 436380 256127 414885 363724 282546 351826 440565 299305 322120 443564 273291 224801
447814 437482 478060 546833 491636 347088 542476 310334 301025 321295 422617 546810 399405 361239 547713 455744 548193 368975 560278 400789 284302 296979 510126 527372 356537 473475 496290 472416 368825 344885 278857 396061 367347 317637 501108 489550 309297 468056 416894 335715 404996 493735 352475 375289 496734 326461 277971
474667 464336 504915 573687 518490 373942 569330 337188 327879 348149 449471 573664 426259 388093 574567 482597 575046 395829 587132 427643 311156 323833 536980 554225 383391 500329 523144 499271 395678 371739 305711 422915 394201 344491 527962 516404 336151 494910 443747 362569 431849 520589 379329 402143 523588 353315 304825
495083 484751 525329 594102 538906 394357 589745 357603 348294 368564 469886 594079 446674 408508 594982 503013 595462 416244 607548 448058 331571 344249 557395 574641 403807 520745 543560 519687 416094 392154 326126 443330 414616 364907 548377 536819 356566 515325 464163 382985 452265 541004 399744 422559 544003 373730 325240
441779 431447 472025 540798 485601 341053 536441 304299 294990 315260 416582 540775 393370 355204 541678 449709 542158 362940 554243 394754 278267 290944 504091 521337 350502 467440 490255 466382 362790 338850 272822 390026 361312 311602 495073 483515 303262 462021 410859 329680 398960 487700 346440 369254 490699 320426 271936
551214 540882 581460 650233 595037 450489 645876 413734 404425 424695 526018 650210 502805 464639 651113 559144 651593 472375 663679 504189 387702 400380 613526 630772 459938 576876 599691 575818 472225 448285 382257 499461 470748 421038 604508 592951 412697 571456 520294 439116 508396 597135 455875 478690 600134 429861 381371
486150 475819 516397 585169 529973 385425 580812 348672 339362 359631 460954 585146 437742 399575 586049 494080 586529 407312 598615 439126 322638 335316 548462 565708 394874 511812 534627 510754 407161 383221 317194 434397 405684 355974 539444 527887 347634 506393 455230 374052 443332 532072 390812 413626 535071 364798 316308
489449 479118 519696 588469 533272 388724 584112 351970 342661 362931 464253 588446 441041 402875 589349 497379 589828 410611 601914 442424 325938 338615 551762 569007 398173 515111 537926 514053 410460 386521 320493 437697 408983 359273 542744 531186 350933 509692 458529 377351 446631 535371 394111 416925 538370 368097 319607
423761 413429 454007 522780 467583 323035 518423 286281 276972 297242 398564 522757 375352 337186 523660 431691 524139 344922 536225 376736 260249 272926 486073 503319 332484 449422 472237 448364 344772 320832 254805 372008 343294 293584 477055 465497 285244 444003 392840 311662 380942 469682 328422 351236 472681 302408 253918
570299 559967 600545 669318 614122 469573 664961 432819 423510 443780 545102 669295 521890 483724 670198 578229 670678 491460 682763 523274 406787 419465 632611 649857 479022 595960 618775 594902 491310 467370 401342 518546 489832 440122 623593 612035 431782 590541 539379 458201 527481 616220 474960 497774 619219 448946 400456
552766 542435 583013 651786 596589 452041 647429 415287 405978 426248 527570 651763 504358 466192 652666 560696 653145 473928 665231 505742 389255 401932 615079 632324 461490 578428 601243 577370 473777 449837 383810 501014 472300 422590 606061 594503 414250 573009 521846 440668 509948 598688 457428 480242 601687 431414 382923
564659 554328 594906 663679 608482 463934 659322 427180 417871 438141 539463 663656 516251 478085 664558 572589 665038 485821 677124 517635 401148 413825 626972 644217 473383 590321 613136 589263 485670 461731 395703 512907 484193 434483 617954 606396 426143 584902 533739 452561 521841 610581 469321 492135 613580 443307 394817
474457 464125 504703 573476 518280 373731 569119 336977 327668 347938 449260 573453 426048 387882 574356 482387 574836 395618 586922 427432 310945 323624 536769 554015 383181 500119 522933 499061 395468 371528 305500 422704 393990 344280 527751 516193 335940 494699 443537 362359 431639 520378 379118 401933 523377 353104 304614
537967 527636 568213 636986 581790 437241 632629 400487 391178 411448 512771 636963 489558 451392 637866 545897 638346 459128 650432 490942 374455 387133 600279 617525 446691 563629 586444 562571 458978 435038 369010 486214 457500 407791 591261 579703 399450 558209 507047 425869 495149 583888 442628 465443 586887 416614 368124
378870 368539 409117 477889 422693 278145 473532 241390 232081 252351 353674 477866 330461 292295 478769 386800 479249 300032 491335 331846 215358 228036 441182 458428 287594 404532 427347 403474 299881 275941 209914 327117 298404 248694 432164 420607 240353 399112 347950 266772 336051 424791 283532 306346 427790 257517 209027
519143 508812 549390 618163 562967 418418 613806 381664 372355 392625 493947 618140 470735 432569 619043 527074 619523 440305 631609 472119 355632 368310 581456 598702 427868 544806 567620 543747 440155 416215 350187 467391 438677 388967 572438 560880 380627 539386 488224 407046 476326 565065 423805 446620 568064 397791 349301
423233 412901 453479 522252 467056 322508 517895 285753 276444 296714 398037 522228 374824 336658 523132 431163 523612 344394 535698 376208 259721 272399 485545 502791 331957 448895 471710 447837 344244 320304 254276 371480 342767 293057 476527 464969 284716 443475 392313 311135 380415 469154 327894 350709 472153 301880 253390
492584 482252 522830 591603 536407 391858 587246 355104 345795 366065 467388 591580 444175 406009 592483 500514 592963 413745 605049 445559 329072 341750 554896 572142 401308 518246 541061 517188 413595 389655 323627 440831 412117 362408 545878 534320 354067 512826 461664 380486 449767 538505 397245 420060 541504 371231 322741
384609 374278 414856 483628 428432 283884 479271 247130 237821 258090 359413 483605 336201 298034 484508 392539 484988 305771 497074 337585 221097 233775 446922 464167 293333 410271 433086 409213 305620 281680 215653 332856 304143 254433 437904 426346 246093 404852 353689 272511 341791 430531 289271 312085 433530 263257 214767
410146 399815 440393 509165 453969 309421 504808 272666 263357 283627 384950 509142 361737 323571 510045 418076 510525 331308 522611 363122 246634 259312 472458 489704 318870 435808 458623 434750 331157 307217 241190 358393 329680 279970 463440 451883 271629 430389 379226 298048 367328 456067 314808 337622 459066 288793 240303
485720 475388 515966 584739 529543 384994 580382 348240 338931 359201 460523 584716 437311 399145 585619 493650 586099 406881 598186 438695 322208 334886 548032 565278 394444 511382 534196 510323 406731 382791 316763 433967 405253 355543 539014 527456 347203 505962 454800 373622 442902 531641 390381 413196 534640 364367 315877
483718 473386 513964 582737 527540 382992 578380 346238 336929 357199 458521 582714 435309 397143 583617 491648 584096 404879 596182 436693 320206 332883 546030 563275 392441 509378 532194 508321 404729 380789 314761 431965 403251 353541 537012 525454 345201 503960 452797 371619 440899 529639 388379 411193 532638 362365 313875
438867 428535 469114 537886 482690 338142 533529 301386 292078 312348 413671 537863 390458 352292 538766 446797 539246 360028 551332 391842 275355 288033 501179 518425 347591 464529 487344 463471 359878 335938 269910 387114 358401 308691 492161 480603 300350 459109 407947 326769 396049 484788 343528 366343 487787 317514 269024
573607 563276 603854 672627 617430 472882 668270 436128 426819 447089 548411 672604 525199 487033 673507 581537 673986 494769 686072 526583 410096 422773 635920 653165 482331 599269 622084 598211 494618 470679 404651 521855 493141 443431 626902 615344 435091 593850 542687 461509 530789 619529 478269 501083 622528 452255 403765
509191 498860 539438 608210 553014 408466 603853 371712 362403 382672 483995 608188 460783 422616 609091 517120 609570 430353 621656 462167 345680 358357 571504 588749 417915 534853 557668 533795 430202 406262 340235 457439 428725 379015 562486 550928 370675 529434 478271 397093 466373 555113 413853 436667 558112 387839 339349
404278 393947 434525 503297 448101 303553 498940 266799 257490 277759 379082 503275 355870 317703 504178 412208 504657 325440 516743 357254 240766 253444 466591 483836 313002 429940 452755 428882 325289 301349 235322 352526 323812 274102 457573 446015 265762 424521 373358 292180 361460 450200 308940 331754 453199 282926 234436
505713 495381 535960 604732 549536 404988 600375 368233 358924 379194 480517 604709 457304 419138 605612 513643 606092 426874 618178 458688 342201 354879 568025 585271 414437 531375 554190 530317 426724 402784 336756 453960 425246 375537 559007 547450 367196 525955 474793 393615 462895 551634 410374 433189 554633 384360 335870
427780 417448 458026 526799 471603 327054 522442 290300 280991 301261 402583 526776 379371 341205 527679 435710 528159 348941 540244 380755 264268 276946 490092 507338 336504 453443 476256 452383 348791 324851 258823 376027 347313 297603 481074 469516 289263 448022 396860 315682 384962 473701 332441 355255 476700 306427 257937
445696 435365 475943 544715 489519 344971 540359 308216 298907 319177 420500 544692 397287 359121 545595 453626 546075 366858 558161 398672 282184 294862 508008 525254 354420 471358 494173 470300 366707 342767 276740 393943 365230 315520 498990 487433 307179 465938 414776 333598 402878 491617 350358 373172 494616 324343 275853
551913 541582 582160 650932 595736 451188 646575 414434 405125 425394 526717 650910 503505 465338 651812 559843 652292 473075 664378 504889 388402 401079 614226 631471 460637 577575 600390 576517 472924 448984 382957 500161 471447 421737 605208 593650 413397 572156 520993 439815 509094 597835 456575 479389 600834 430561 382071
433655 423324 463902 532674 477478 332930 528317 296176 286867 307136 408459 532652 385247 347080 533554 441585 534034 354817 546120 386631 270144 282821 495968 513213 342379 459317 482132 458259 354666 330726 264699 381903 353189 303479 486950 475392 295139 453897 402735 321557 390837 479577 338317 361131 482576 312303 263813
433957 423626 464204 532977 477780 333232 528620 296478 287169 307439 408761 532954 385549 347383 533857 441887 534336 355119 546422 386933 270446 283123 496270 513515 342681 459619 482434 458561 354968 331028 265001 382205 353491 303781 487253 475694 295441 454200 403037 321859 391139 479879 338619 361433 482878 312605 264115
442491 432159 472737 541510 486313 341764 537153 305011 295702 315972 417294 541487 394082 355916 542390 450421 542869 363652 554955 395466 278979 291656 504803 522049 351214 468152 490967 467094 363502 339562 273534 390738 362024 312314 495785 484227 303974 462733 411570 330392 399672 488412 347152 369966 491411 321138 272648
445208 434876 475454 544227 489031 344482 539870 307728 298419 318689 420011 544204 396799 358633 545107 453138 545587 366369 557672 398183 281696 294374 507520 524766 353931 470869 493684 469811 366219 342279 276251 393455 364741 315031 498502 486944 306691 465450 414288 333109 402390 491129 349869 372683 494128 323855 275365
456342 446011 486589 555362 500165 355617 551005 318863 309554 329824 431146 555339 407934 369768 556241 464272 556721 377504 568807 409318 292831 305508 518655 535900 365066 482004 504819 480946 377353 353414 287386 404590 375876 326166 509637 498079 317826 476585 425422 344244 413524 502264 361004 383818 505263 334990 286500
516973 506641 547219 615992 560796 416247 611635 379493 370184 390454 491776 615969 468564 430398 616872 524903 617352 438134 629438 469948 353461 366139 579285 596531 425697 542635 565449 541576 437984 414044 348016 465220 436505 386796 570267 558709 378456 537215 486053 404875 474155 562894 421634 444449 565893 395620 347130
419533 409202 449780 518552 463356 318808 514195 282054 272745 293014 394337 518529 371125 332958 519432 427463 519912 340695 531998 372509 256021 268699 481846 499091 328257 445195 468010 444137 340544 316604 250577 367781 339067 289357 472828 461270 281017 439776 388613 307435 376715 465455 324195 347009 468454 298181 249691
407136 396805 437383 506155 450959 306411 501798 269656 260347 280617 381940 506132 358727 320561 507035 415066 507515 328298 519601 360113 243624 256302 469448 486694 315860 432798 455613 431740 328147 304207 238180 355383 326670 276960 460430 448873 268619 427379 376216 295038 364318 453057 311798 334612 456056 285783 237293
435374 425043 465621 534394 479197 334649 530037 297895 288586 308856 410178 534370 386966 348800 535274 443304 535753 356536 547839 388350 271863 284540 497687 514932 344098 461036 483851 459978 356385 332445 266418 383622 354908 305198 488669 477111 296858 455617 404454 323276 392556 481296 340036 362850 484295 314022 265532
556256 545924 586502 655275 600078 455530 650918 418776 409467 429737 531059 655252 507847 469681 656155 564186 656635 477417 668720 509231 392744 405421 618568 635814 464979 581917 604732 580859 477267 453327 387299 504503 475789 426080 609550 597992 417739 576498 525335 444157 513437 602177 460917 483731 605176 434903 386413
512250 501919 542497 611269 556073 411525 606912 374770 365461 385731 487054 611246 463841 425675 612149 520180 612629 433412 624715 465226 348738 361416 574562 591808 420974 537912 560727 536854 433261 409321 343294 460496 431784 382074 565544 553987 373733 532493 481330 400152 469432 558171 416912 439726 561170 390897 342407
413656 403324 443902 512675 457479 312930 508318 276176 266867 287137 388459 512652 365247 327081 513555 421586 514035 334817 526120 366631 250144 262822 475968 493214 322380 439317 462132 438259 334667 310727 244699 361903 333189 283479 466950 455392 275139 433898 382736 301558 370838 459577 318317 341131 462576 292303 243813
483048 472717 513295 582067 526871 382323 577710 345568 336259 356529 457852 582044 434639 396473 582947 490978 583426 404210 595513 436023 319536 332214 545360 562606 391772 508710 531525 507652 404059 380119 314092 431295 402582 352872 536342 524785 344531 503290 452128 370950 440230 528969 387710 410524 531968 361695 313205
403574 393243 433821 502593 447397 302849 498237 266095 256786 277056 378378 502571 355166 317000 503474 411504 503953 324736 516039 356550 240063 252740 465887 483132 312298 429236 452051 428178 324585 300645 234618 351822 323108 273398 456869 445311 265058 423817 372654 291475 360756 449496 308236 331050 452495 282222 233732
398333 388002 428580 497353 442156 297608 492996 260854 251545 271815 373137 497330 349925 311759 498233 406264 498712 319494 510798 351309 234822 247499 460646 477891 307057 423995 446810 422937 319345 295405 229377 346581 317867 268157 451628 440070 259817 418576 367413 286235 355515 444255 302995 325809 447254 276981 228491
517197 506865 547443 616216 561019 416471 611859 379717 370408 390678 492000 616193 468788 430622 617096 525127 617575 438358 629661 470172 353685 366362 579509 596755 425920 542858 565673 541800 438207 414268 348240 465444 436730 387020 570491 558933 378680 537439 486276 405098 474378 563118 421858 444672 566117 395844 347354
574923 564592 605170 673942 618746 474198 669585 437443 428135 448404 549727 673919 526514 488348 674822 582853 675302 496085 687388 527899 411411 424089 637235 654481 483647 600585 623400 599527 495934 471994 405967 523170 494457 444747 628217 616660 436407 595166 544003 462825 532105 620844 479585 502399 623843 453571 405081
510418 500086 540664 609437 554241 409692 605080 372938 363629 383899 485222 609414 462009 423843 610317 518348 610797 431579 622883 463393 346906 359584 572730 589976 419142 536080 558895 535022 431429 407489 341461 458665 429951 380242 563712 552154 371901 530660 479498 398320 467600 556339 415079 437894 559338 389065 340576
501122 490791 531369 600141 544945 400397 595784 363643 354334 374603 475926 600119 452714 414547 601022 509052 601501 422284 613587 454098 337611 350288 563435 580680 409846 526784 549599 525726 422133 398193 332166 449370 420656 370946 554417 542860 362606 521365 470202 389024 458304 547044 405784 428598 550043 379770 331280
495471 485139 525717 594490 539294 394746 590133 357991 348682 368952 470275 594467 447062 408896 595370 503401 595850 416632 607936 448446 331959 344637 557783 575029 404195 521133 543948 520075 416482 392542 326514 443718 415005 365295 548765 537207 356954 515713 464551 383373 452653 541392 400132 422947 544391 374118 325628
544654 534322 574900 643673 588477 443928 639316 407174 397865 418135 519457 643650 496245 458079 644553 552584 645033 465815 657118 497629 381142 393820 606966 624212 453377 570315 593130 569257 465665 441725 375697 492901 464187 414477 597948 586390 406137 564896 513734 432556 501836 590575 449315 472129 593574 423301 374811
517681 507350 547928 616700 561504 416956 612343 380201 370892 391162 492485 616677 469272 431106 617580 525611 618060 438843 630146 470657 354169 366847 579993 597239 426405 543343 566158 542285 438692 414752 348725 465928 437215 387505 570976 559418 379164 537924 486761 405583 474863 563602 422343 445157 566601 396329 347838
513807 503475 544053 612826 557630 413081 608469 376327 367018 387288 488610 612803 465398 427232 613706 521737 614186 434968 626271 466782 350295 362973 576119 593365 422530 539468 562283 538410 434818 410878 344850 462054 433340 383630 567101 555543 375290 534049 482887 401709 470989 559728 418468 441282 562727 392454 343964
456139 445807 486386 555158 499962 355414 550801 318659 309350 329620 430943 555135 407730 369564 556038 464069 556518 377300 568604 409114 292627 305305 518451 535697 364863 481801 504616 480743 377150 353210 287182 404386 375673 325963 509433 497875 317622 476381 425219 344041 413321 502060 360800 383615 505059 334786 286296
525423 515092 555670 624442 569246 424698 620085 387944 378635 398904 500227 624419 477014 438848 625322 533353 625802 446585 637888 478399 361911 374589 587735 604981 434147 551085 573900 550027 446434 422494 356467 473670 444957 395247 578717 567160 386907 545666 494502 413325 482605 571345 430085 452899 574344 404071 355581
487696 477364 517943 586715 531519 386970 582358 350216 340907 361177 462499 586692 439287 401121 587595 495626 588075 408857 600161 440671 324184 336862 550008 567254 396420 513358 536173 512300 408707 384767 318739 435943 407229 357520 540990 529432 349179 507938 456776 375598 444878 533617 392357 415172 536616 366343 317853
500592 490261 530839 599611 544415 399867 595254 363112 353803 374073 475396 599588 452183 414017 600491 508522 600971 421754 613057 453567 337080 349758 562904 580150 409316 526254 549069 525196 421603 397663 331635 448839 420126 370416 553886 542329 362075 520834 469672 388494 457774 546513 405254 428068 549512 379239 330749
462579 452248 492826 561598 506402 361854 557241 325100 315791 336061 437383 561576 414171 376004 562479 470509 562958 383741 575043 415555 299068 311745 524892 542137 371303 488241 511056 487183 383590 359650 293623 410827 382113 332403 515874 504316 324063 482822 431659 350481 419761 508501 367241 390055 511500 341227 292737
432916 422585 463163 531935 476739 332191 527579 295437 286128 306398 407720 531913 384508 346342 532816 440846 533295 354078 545381 385892 269405 282082 495229 512474 341640 458578 481393 457520 353927 329987 263960 381164 352450 302740 486211 474653 294400 453159 401995 320818 390098 478838 337578 360392 481837 311564 263074
556388 546056 586634 655407 600210 455662 651050 418908 409599 429869 531191 655384 507979 469813 656287 564318 656767 477549 668852 509363 392876 405553 618700 635946 465111 582049 604864 580991 477399 453459 387431 504635 475921 426211 609682 598124 417871 576630 525467 444289 513569 602309 461049 483862 605308 435035 386545
411468 401137 441715 510488 455291 310743 506131 273989 264680 284950 386272 510465 363060 324894 511368 419399 511847 332630 523933 364444 247957 260634 473781 491026 320192 437131 459945 436072 332480 308540 242512 359716 331002 281292 464763 453205 272952 431711 380548 299370 368650 457390 316130 338944 460389 290116 241626
475181 464850 505428 574201 519004 374456 569844 337702 328393 348663 449985 574178 426773 388607 575081 483112 575560 396343 587646 428157 311670 324347 537494 554739 383905 500843 523658 499785 396193 372253 306225 423429 394715 345005 528476 516918 336665 495424 444261 363083 432363 521103 379843 402657 524101 353829 305339
445297 434966 475544 544316 489120 344572 539959 307817 298508 318778 420101 544293 396888 358722 545196 453227 545676 366459 557762 398272 281785 294463 507609 524855 354021 470959 493774 469901 366308 342368 276340 393544 364831 315121 498591 487034 306780 465539 414377 333199 402479 491218 349958 372773 494217 323944 275454
529191 518860 559438 628210 573014 428466 623853 391712 382403 402673 503995 628188 480783 442616 629091 537121 629570 450353 641656 482167 365680 378357 591504 608749 437915 554853 577668 553795 450202 426262 360235 477439 448725 399015 582486 570928 390675 549434 498271 417093 486373 575113 433853 456667 578112 407839 359349
433220 422888 463466 532239 477043 332494 527882 295740 286431 306701 408023 532216 384811 346645 533119 441150 533599 354381 545684 386195 269708 282386 495532 512778 341944 458881 481696 457823 354231 330292 264263 381467 352753 303043 486514 474956 294703 453462 402300 321122 390402 479141 337881 360695 482140 311867 263377
498284 487953 528531 597303 542107 397559 592946 360804 351495 371765 473088 597280 449875 411709 598183 506214 598663 419446 610749 451260 334772 347450 560596 577842 407008 523946 546761 522888 419295 395355 329327 446531 417818 368108 551578 540021 359767 518526 467364 386186 455466 544205 402945 425760 547204 376931 328441
563233 552901 593479 662252 607056 462508 657895 425753 416444 436714 538037 662229 514824 476658 663133 571163 663612 484394 675698 516208 399721 412399 625545 642791 471957 588895 611710 587837 484244 460304 394276 511480 482767 433057 616527 604969 424716 583475 532313 451135 520415 609154 467894 490709 612153 441880 393390
531554 521223 561801 630573 575377 430829 626217 394075 384766 405036 506358 630551 483146 444979 631454 539484 631933 452716 644019 484530 368043 380720 593867 611112 440278 557216 580031 556158 452565 428625 362598 479802 451088 401378 584849 573291 393038 551797 500634 419456 488736 577476 436216 459030 580475 410202 361712
505760 495429 536007 604780 549583 405035 600422 368281 358972 379241 480564 604757 457352 419185 605660 513690 606139 426922 618225 458736 342249 354926 568073 585318 414484 531422 554237 530364 426771 402831 336804 454008 425294 375584 559055 547497 367244 526003 474840 393662 462942 551682 410422 433236 554681 384408 335918
552718 542387 582965 651737 596541 451993 647380 415239 405930 426199 527522 651714 504309 466143 652617 560648 653097 473880 665183 505694 389206 401884 615030 632276 461442 578380 601195 577322 473729 449789 383762 500965 472252 422542 606012 594455 414202 572961 521798 440620 509900 598640 457380 480194 601639 431366 382876
504357 494026 534604 603377 548180 403632 599020 366878 357569 377839 479161 603354 455949 417783 604257 512288 604736 425519 616822 457333 340846 353523 566670 583915 413081 530019 552834 528961 425368 401428 335401 452605 423891 374181 557652 546094 365841 524600 473437 392259 461539 550279 409019 431833 553278 383005 334515
479463 469132 509710 578483 523286 378738 574126 341984 332675 352945 454267 578460 431055 392889 579363 487394 579842 400625 591928 432439 315952 328629 541776 559021 388187 505125 527940 504067 400475 376535 310507 427711 398997 349287 532758 521200 340947 499706 448543 367365 436645 525385 384125 406939 528384 358111 309622
434358 424027 464605 533377 478181 333633 529021 296880 287570 307840 409162 533355 385950 347784 534258 442288 534737 355520 546823 387334 270847 283524 496671 513916 343082 460020 482835 458962 355369 331429 265402 382606 353892 304182 487653 476095 295842 454601 403438 322260 391540 480280 339020 361834 483279 313006 264516
440433 430102 470680 539452 484256 339708 535095 302953 293644 313914 415237 539429 392024 353858 540332 448363 540812 361595 552898 393408 276921 289599 502745 519991 349157 466095 488910 465037 361444 337504 271477 388680 359967 310257 493727 482170 301916 460675 409513 328335 397615 486353 345095 367909 489353 319080 270590
575421 565090 605668 674439 619244 474696 670083 437941 428632 448902 550225 674417 527012 488846 675320 583351 675800 496583 687886 528397 411909 424587 637733 654979 484145 601083 623898 600025 496432 472492 406465 523668 494955 445245 628715 617158 436905 595664 544501 463323 532603 621342 480083 502897 624341 454069 405579
531525 521194 561772 630544 575348 430800 626187 394045 384736 405006 506329 630521 483116 444950 631424 539455 631904 452687 643990 484501 368013 380691 593837 611083 440249 557187 580002 556129 452536 428596 362569 479772 451059 401349 584819 573262 393008 551768 500605 419427 488707 577446 436187 459001 580445 410173 361682
530517 520186 560764 629536 574340 429792 625179 393038 383729 403998 505321 629513 482108 443942 630416 538447 630896 451679 642982 483493 367005 379683 592829 610075 439241 556179 578994 555121 451528 427588 361561 478764 450051 400341 583811 572254 392001 550760 499597 418419 487699 576438 435179 457993 579438 409165 360675
499083 488752 529330 598102 542906 398358 593745 361604 352295 372564 473887 598079 450675 412508 598982 507013 599462 420245 611548 452059 335571 348249 561395 578641 407807 524745 547560 523687 420094 396154 330127 447330 418617 368907 552377 540821 360567 519326 468163 386985 456265 545005 403745 426559 548004 377731 329241
538244 527912 568490 637263 582067 437518 632906 400764 391455 411725 513047 637240 489835 451669 638143 546174 638623 459405 650708 491220 374732 387409 600556 617802 446967 563905 586720 562847 459255 435315 369287 486491 457777 408067 591538 579980 399727 558486 507324 426145 495426 584165 442905 465719 587164 416891 368401
433347 423016 463594 532366 477170 332622 528009 295867 286558 306828 408151 532343 384938 346772 533246 441277 533726 354509 545812 386322 269835 282513 495659 512905 342071 459009 481824 457951 354358 330418 264390 381594 352881 303171 486641 475084 294830 453589 402427 321249 390529 479268 338009 360823 482267 311994 263504
527764 517432 558010 626783 571586 427038 622426 390284 380975 401245 502567 626760 479355 441189 627663 535694 628142 448925 640228 480739 364252 376929 590076 607322 436487 553425 576240 552367 448775 424835 358807 476011 447297 397587 581058 569500 389247 548006 496843 415665 484945 573685 432425 455239 576684 406411 357921
489627 479296 519874 588646 533450 388902 584289 352147 342839 363109 464431 588623 441218 403052 589526 497557 590006 410789 602092 442603 326115 338793 551939 569185 398351 515289 538104 514231 410638 386698 320671 437874 409161 359451 542921 531364 351111 509870 458707 377529 446809 535548 394289 417103 538548 368275 319785
391894 381562 422140 490913 435716 291168 486556 254414 245105 265375 366697 490890 343485 305319 491793 399824 492272 313055 504358 344869 228382 241059 454206 471452 300617 417555 440370 416497 312905 288965 222937 340141 311427 261717 445188 433630 253377 412136 360973 279795 349075 437815 296555 319369 440815 270541 222051
547129 536798 577376 646148 590952 446404 641791 409649 400340 420610 521933 646125 498720 460554 647028 555059 647508 468291 659593 500104 383617 396295 609441 626687 455853 572791 595606 571733 468140 444200 378172 495376 466663 416953 600423 588866 408612 567371 516209 435031 504311 593050 451791 474605 596049 425776 377286
570760 560428 601007 669779 614583 470035 665422 433280 423971 444241 545564 669756 522351 484185 670659 578690 671139 491922 683225 523735 407248 419926 633072 650318 479484 596422 619237 595364 491771 467831 401803 519007 490294 440584 624054 612497 432243 591002 539840 458661 527942 616681 475421 498236 619680 449407 400917
507289 496958 537536 606308 551112 406564 601951 369810 360501 380770 482093 606286 458881 420714 607189 515219 607668 428451 619754 460265 343778 356455 569603 586847 416013 532951 555766 531893 428300 404360 338333 455537 426823 377113 560584 549026 368773 527532 476369 395191 464471 553211 411951 434765 556210 385937 337447
438669 428338 468916 537688 482492 337945 533331 301190 291881 312150 413473 537666 390261 352094 538568 446599 539048 359831 551134 391645 275158 287835 500982 518227 347393 464331 487146 463273 359680 335740 269713 386917 358203 308493 491964 480406 300153 458912 407749 326571 395851 484591 343331 366145 487590 317317 268827
405324 394992 435570 504343 449147 304599 499986 267844 258535 278805 380128 504320 356915 318749 505222 413254 505703 326485 517789 358299 241812 254490 467636 484882 314048 430986 453801 429928 326335 302395 236367 353571 324858 275148 458618 447060 266807 425566 374404 293226 362506 451245 309985 332800 454244 283971 235481
501837 491506 532084 600856 545660 401112 596499 364357 355048 375318 476641 600833 453428 415262 601736 509767 602216 422999 614302 454813 338325 351003 564149 581395 410560 527499 550314 526441 422848 398908 332881 450084 421371 371661 555131 543574 363320 522080 470917 389739 459019 547758 406499 429313 550757 380484 331994
477726 467395 507973 576745 521549 377001 572388 340247 330938 351208 452530 576723 429318 391151 577626 485656 578105 398888 590191 430702 314215 326892 540039 557284 386450 503388 526203 502331 398737 374797 308770 425974 397260 347550 531021 519463 339210 497969 446806 365628 434908 523648 382388 405202 526647 356374 307884
542847 532516 573094 641867 586670 442122 637510 405368 396059 416329 517651 641844 494439 456273 642747 550777 643226 464009 655312 495823 379336 392013 605160 622405 451571 568509 591324 567451 463858 439918 373892 491095 462381 412671 596142 584584 404331 563090 511927 430749 500029 588769 447509 470323 591768 421495 373005
535827 525495 566073 634846 579649 435101 630489 398347 389038 409308 510630 634823 487418 449252 635726 543757 636205 456988 648291 488802 372315 384992 598139 615383 444550 561488 584303 560430 456838 432898 366870 484074 455360 405650 589121 577563 397310 556069 504906 423728 493008 581748 440488 463302 584747 414474 365984
527805 517474 558052 626824 571628 427080 622467 390325 381016 401286 502609 626801 479396 441230 627704 535735 628184 448967 640270 480780 364293 376971 590117 607363 436529 553467 576282 552409 448816 424876 358849 476052 447339 397630 581099 569542 389288 548047 496885 415707 484987 573726 432467 455281 576725 406452 357962
571020 560688 601266 670039 614843 470294 665682 433540 424231 444501 545823 670016 522611 484445 670919 578950 671399 492181 683485 523995 407508 420186 633332 650578 479744 596682 619497 595624 492031 468091 402063 519267 490553 440844 624314 612756 432503 591262 540100 458922 528202 616941 475681 498496 619940 449667 401177
399922 389591 430169 498942 443745 299197 494585 262443 253134 273404 374726 498919 351514 313348 499822 407852 500301 321084 512387 352898 236411 249088 462235 479480 308646 425584 448399 424526 320933 296994 230966 348170 319456 269746 453217 441659 261406 420165 369002 287824 357103 445844 304584 327398 448843 278570 230080
424352 414021 454599 523372 468175 323627 519015 286873 277564 297834 399156 523349 375944 337778 524252 432282 524731 345514 536817 377328 260841 273518 486665 503910 333076 450014 472829 448956 345363 321423 255396 372600 343886 294176 477647 466089 285836 444595 393432 312254 381534 470274 329014 351828 473273 303000 254510
419482 409151 449729 518502 463305 318757 514145 282003 272694 292964 394286 518479 371074 332908 519382 427412 519861 340644 531947 372458 255971 268648 481795 499040 328206 445144 467959 444086 340493 316554 250526 367730 339016 289306 472777 461219 280966 439724 388562 307384 376664 465404 324144 346958 468403 298130 249640
385523 375192 415770 484542 429346 284798 480185 248044 238735 259004 360327 484519 337115 298948 485422 393453 485902 306685 497988 338499 222011 234689 447836 465081 294247 411185 434000 410127 306534 282594 216567 333770 305057 255348 438817 427260 247007 405766 354603 273425 342705 431445 290185 312999 434444 264171 215681
450457 440126 480704 549476 494280 349732 545119 312978 303669 323938 425261 549453 402049 363882 550356 458387 550836 371619 562922 403433 286945 299623 512769 530015 359181 476119 498934 475061 371468 347528 281501 398704 369991 320281 503751 492194 311941 470700 419537 338359 407639 496379 355119 377933 499378 329105 280615
