297 46
390398 282349 381798 549852 331441 443415 474708 459612 442303 465521 406000 498603 565932 343167 418014 398299 518803 498903 291189 451173 420438 307870 464237 569090 413713 356003 573013 468701 325222 302906 483251 452168 527311 520744 337694 477278 313429 443052 358425 380546 560574 474657 296712 367288 334857 307223
497606 389556 489006 657060 438649 550623 581916 566820 549511 572729 513208 605811 673140 450375 525222 505507 626011 606111 398397 558381 527646 415078 571445 676298 520921 463211 680221 575909 432430 410114 590458 559376 634519 627952 444902 584485 420637 550260 465633 487754 667782 581865 403919 474496 442065 414431
414346 306297 405746 573800 355389 467363 498656 483560 466251 489469 429948 522551 589880 367115 441962 422247 542751 522851 315137 475121 444386 331818 488185 593038 437661 379951 596961 492649 349170 326854 507199 476116 551259 544692 361642 501226 337377 467000 382373 404494 584522 498605 320659 391236 358805 331171
401315 293266 392715 560769 342358 454332 485625 470529 453220 476439 416917 509520 576849 354084 428931 409216 529721 509820 302106 462090 431355 318787 475154 580008 424631 366920 583930 479619 336139 313824 494168 463085 538229 531661 348611 488195 324346 453970 369343 391463 571491 485574 307629 378205 345774 318141
333352 225303 324752 492806 274395 386369 417662 402566 385257 408475 348954 441557 508886 286121 360968 341253 461757 441857 234143 394127 363392 250824 407191 512044 356667 298957 515967 411655 268176 245860 426205 395122 470265 463698 280648 420232 256384 386006 301379 323500 503528 417611 239665 310242 277811 250177
489190 381141 480590 648644 430233 542207 573500 558404 541095 564313 504792 597395 664724 441959 516806 497091 617595 597695 389981 549965 519230 406662 563029 667882 512505 454795 671805 567493 424014 401698 582043 550960 626103 619536 436486 576070 412221 541844 457217 479338 659366 573449 395503 466080 433649 406015
318315 210266 309715 477769 259358 371332 402625 387530 370220 393439 333918 426520 493849 271084 345931 326216 446721 426820 219106 379090 348355 235787 392154 497008 341631 283920 500930 396619 253139 230824 411168 380085 455229 448661 265611 405195 241346 370970 286343 308463 488491 402575 224629 295205 262774 235141
334646 226596 326046 494100 275689 387663 418955 403860 386550 409769 350248 442851 510180 287415 362262 342547 463051 443150 235437 395421 364685 252118 408485 513338 357961 300251 517261 412949 269470 247154 427498 396416 471559 464992 281942 421525 257677 387300 302673 324794 504822 418905 240959 311536 279105 251471
424322 316273 415722 583776 365365 477339 508632 493536 476227 499445 439924 532527 599856 377091 451938 432223 552727 532827 325113 485097 454362 341794 498161 603014 447637 389927 606937 502625 359146 336830 517174 486092 561235 554668 371618 511201 347353 476976 392349 414470 594498 508581 330635 401212 368781 341147
423798 315749 415198 583252 364841 476815 508108 493012 475703 498921 439400 532003 599332 376567 451414 431699 552203 532303 324589 484573 453838 341270 497637 602490 447113 389403 606413 502101 358622 336306 516651 485568 560711 554144 371094 510678 346829 476452 391825 413947 593974 508057 330111 400688 368257 340623
481381 373332 472781 640835 422424 534398 565691 550595 533286 556504 496983 589586 656915 434150 508997 489282 609786 589886 382172 542156 511421 398853 555220 660073 504696 446986 663996 559684 416205 393889 574234 543151 618294 611727 428677 568261 404412 534035 449408 471529 651557 565640 387694 458271 425840 398206
485808 377759 477208 645262 426851 538825 570118 555022 537713 560931 501410 594013 661342 438577 513424 493709 614213 594313 386599 546583 515848 403280 559647 664500 509123 451413 668423 564111 420632 398316 578661 547578 622721 616154 433104 572688 408839 538462 453835 475956 655984 570067 392121 462698 430267 402633
355675 247626 347075 515129 296718 408692 439985 424889 407580 430798 371277 463880 531209 308444 383291 363576 484080 464180 256466 416450 385715 273147 429514 534367 378990 321280 538290 433978 290499 268183 448528 417445 492588 486021 302971 442555 278706 408329 323702 345823 525851 439934 261988 332565 300134 272500
466189 358141 457589 625643 407232 519206 550499 535403 518094 541312 481791 574394 641723 418958 493805 474090 594594 574694 366980 526964 496229 383661 540028 644881 489504 431794 648804 544492 401013 378697 559042 527959 603102 596535 413485 553069 389220 518843 434216 456337 636365 550448 372502 443079 410648 383014
377640 269590 369040 537094 318683 430657 461949 446854 429545 452763 393242 485845 553174 330409 405256 385541 506045 486145 278431 438415 407680 295112 451479 556332 400955 343245 560255 455943 312464 290148 470492 439410 514553 507986 324936 464519 300671 430294 345667 367788 547816 461899 283953 354530 322099 294465
409232 301183 400632 568686 350275 462249 493542 478446 461137 484355 424834 517437 584766 362001 436848 417133 537638 517737 310023 470007 439272 326704 483071 587925 432548 374837 591847 487536 344056 321741 502085 471002 546146 539578 356528 496112 332263 461887 377260 399380 579408 493491 315545 386122 353691 326058
382474 274425 373874 541928 323517 435491 466784 451688 434379 457597 398076 490679 558008 335243 410090 390375 510879 490979 283265 443249 412514 299946 456313 561166 405789 348079 565089 460777 317298 294982 475327 444244 519387 512820 329770 469354 305505 435128 350501 372622 552650 466733 288787 359364 326933 299299
420983 312934 412383 580438 362026 474000 505293 490197 472888 496106 436585 529188 596517 373752 448599 428884 549388 529488 321774 481758 451023 338455 494822 599675 444298 386588 603598 499286 355807 333491 513836 482753 557896 551329 368279 507863 344014 473637 389010 411131 591159 505242 327296 397873 365442 337808
484272 376223 475672 643726 425315 537289 568582 553486 536177 559395 499874 592477 659806 437041 511888 492173 612677 592777 385063 545047 514312 401744 558111 662964 507587 449877 666887 562575 419096 396780 577125 546042 621185 614618 431568 571153 407303 536926 452299 474420 654448 568531 390585 461162 428731 401097
444708 336659 436108 604162 385751 497725 529018 513922 496613 519831 460310 552913 620242 397477 472324 452609 573113 553213 345499 505483 474748 362180 518547 623400 468023 410313 627323 523011 379532 357216 537561 506478 581621 575054 392004 531588 367739 497362 412735 434856 614884 528967 351021 421598 389167 361533
328845 220796 320245 488299 269888 381862 413155 398059 380750 403968 344447 437050 504379 281614 356461 336746 457250 437350 229636 389620 358885 246317 402684 507537 352160 294450 511460 407148 263669 241353 421698 390615 465758 459191 276141 415725 251876 381499 296872 318993 499021 413104 235158 305735 273305 245670
499707 391658 491107 659161 440750 552724 584017 568921 551612 574830 515309 607912 675241 452476 527323 507608 628112 608212 400498 560482 529747 417179 573546 678399 523022 465312 682322 578010 434531 412215 592560 561477 636620 630053 447003 586587 422738 552361 467734 489855 669883 583966 406020 476597 444166 416532
372951 264902 364351 532405 313994 425968 457261 442165 424857 448074 388553 481156 548485 325720 400567 380852 501356 481456 273742 433726 402991 290423 446790 551643 396266 338556 555566 451254 307775 285459 465804 434721 509864 503297 320247 459831 295982 425605 340978 363099 543127 457210 279264 349841 317410 289776
374180 266130 365579 533633 315223 427196 458489 443394 426084 449303 389782 482384 549713 326948 401795 382081 502585 482684 274970 434955 404219 291651 448018 552872 397495 339785 556795 452483 309004 286688 467032 435950 511093 504526 321475 461059 297210 426834 342207 364328 544356 458439 280493 351070 318638 291005
461822 353773 453222 621276 402865 514839 546132 531036 513727 536945 477424 570027 637356 414591 489438 469723 590227 570327 362613 522597 491862 379294 535661 640514 485137 427427 644437 540126 396646 374330 554675 523593 598735 592168 409118 548702 384853 514476 429849 451970 631998 546081 368135 438712 406281 378647
379980 271931 371380 539434 321023 432997 464290 449194 431885 455103 395582 488185 555514 332749 407596 387881 508385 488485 280771 440755 410020 297452 453819 558672 403295 345585 562595 458283 314804 292488 472833 441750 516893 510326 327276 466860 303011 432634 348007 370128 550156 464239 286293 356870 324439 296805
355935 247886 347335 515389 296979 408952 440245 425149 407840 431058 371537 464140 531469 308704 383551 363836 484340 464440 256726 416710 385975 273407 429774 534627 379250 321540 538550 434238 290759 268443 448788 417705 492848 486281 303231 442815 278966 408589 323962 346083 526111 440194 262248 332825 300394 272760
505498 397449 496898 664952 446541 558515 589808 574712 557403 580621 521100 613703 681032 458267 533114 513399 633903 614003 406289 566273 535538 422970 579337 684190 528813 471103 688113 583801 440322 418006 598351 567268 642411 635844 452794 592378 428529 558152 473525 495646 675674 589757 411811 482388 449957 422323
423906 315857 415306 583360 364949 476923 508216 493120 475811 499029 439508 532111 599440 376675 451522 431807 552311 532411 324697 484681 453946 341378 497745 602598 447221 389511 606521 502209 358730 336414 516759 485676 560819 554252 371202 510786 346937 476560 391933 414054 594082 508165 330219 400796 368365 340731
446089 338040 437489 605543 387132 499106 530399 515303 497994 521212 461691 554294 621623 398858 473705 453990 574494 554594 346880 506864 476129 363561 519928 624781 469404 411694 628704 524392 380913 358597 538942 507859 583002 576435 393385 532969 369120 498743 414116 436237 616265 530348 352402 422979 390549 362914
317335 209286 308735 476789 258378 370352 401645 386549 369240 392458 332937 425540 492869 270104 344951 325236 445740 425840 218126 378110 347375 234807 391174 496027 340650 282940 499950 395638 252159 229843 410188 379105 454248 447681 264632 404215 240366 369989 285362 307483 487511 401594 223648 294225 261794 234160
474488 366439 465888 633942 415531 527505 558798 543702 526393 549611 490090 582693 650022 427257 502104 482389 602893 582993 375279 535263 504528 391960 548327 653180 497803 440093 657103 552791 409312 386996 567341 536258 611401 604834 421784 561368 397519 527142 442515 464636 644664 558747 380801 451378 418947 391313
381539 273490 372939 540993 322582 434556 465849 450753 433444 456662 397141 489744 557073 334308 409155 389440 509944 490044 282330 442314 411579 299011 455378 560231 404854 347144 564154 459842 316363 294047 474392 443309 518452 511885 328835 468419 304570 434193 349566 371687 551715 465798 287852 358429 325998 298364
415004 306955 406404 574458 356047 468021 499314 484218 466909 490127 430606 523209 590538 367773 442620 422905 543409 523509 315795 475779 445044 332476 488843 593696 438319 380609 597619 493307 349828 327512 507857 476774 551917 545350 362300 501884 338035 467658 383031 405152 585180 499263 321317 391894 359463 331829
325093 217044 316493 484547 266136 378110 409403 394307 376998 400216 340695 433299 500627 277862 352709 332994 453498 433598 225884 385868 355133 242565 398932 503785 348408 290698 507708 403396 259917 237601 417946 386863 462006 455439 272389 411973 248124 377747 293120 315241 495269 409352 231406 301983 269552 241918
345466 237417 336866 504920 286509 398483 429776 414680 397371 420589 361068 453671 521000 298235 373082 353367 473871 453971 246257 406241 375506 262938 419305 524158 368781 311071 528081 423769 280290 257974 438319 407236 482379 475812 292762 432346 268497 398120 313493 335614 515642 429725 251779 322356 289925 262291
441118 333069 432518 600572 382161 494135 525428 510332 493023 516241 456720 549323 616652 393887 468734 449019 569524 549623 341909 501893 471158 358590 514957 619811 464434 406723 623733 519422 375942 353627 533971 502888 578032 571464 388414 527998 364149 493773 409146 431266 611294 525377 347432 418008 385577 357944
462591 354542 453991 622045 403634 515608 546901 531805 514496 537714 478193 570796 638125 415360 490207 470492 590996 571096 363382 523366 492631 380063 536430 641283 485906 428196 645206 540894 397415 375099 555444 524361 599504 592937 409887 549471 385622 515245 430618 452739 632767 546851 368904 439481 407050 379416
366095 258046 357495 525549 307138 419112 450405 435309 418000 441218 381697 474300 541629 318864 393711 373996 494500 474600 266886 426870 396135 283567 439934 544787 389410 331700 548710 444398 300919 278603 458948 427865 503008 496441 313391 452975 289126 418749 334122 356243 536271 450354 272408 342985 310554 282920
399557 291508 390957 559011 340600 452574 483867 468771 451462 474680 415159 507762 575091 352326 427173 407458 527962 508062 300348 460332 429597 317029 473396 578249 422872 365162 582172 477860 334381 312065 492410 461327 536470 529903 346853 486437 322588 452211 367584 389705 569733 483816 305870 376447 344016 316382
462986 354937 454386 622440 404029 516003 547296 532200 514891 538109 478588 571191 638520 415755 490602 470887 591391 571491 363777 523761 493026 380458 536825 641678 486301 428591 645601 541289 397810 375494 555839 524756 599899 593332 410282 549866 386017 515640 431013 453134 633162 547245 369299 439876 407445 379811
461390 353341 452790 620844 402433 514407 545700 530604 513295 536513 476992 569595 636924 414159 489006 469291 589796 569895 362181 522165 491430 378862 535229 640083 484705 426995 644005 539694 396214 373899 554243 523160 598304 591736 408686 548270 384421 514045 429418 451538 631566 545649 367703 438280 405849 378216
348819 240770 340219 508273 289862 401836 433129 418033 400724 423942 364421 457024 524353 301588 376435 356720 477224 457324 249610 409594 378859 266291 422658 527511 372134 314424 531434 427122 283643 261327 441672 410589 485732 479165 296115 435699 271850 401473 316846 338967 518995 433078 255132 325709 293278 265644
474952 366903 466352 634406 415995 527969 559262 544166 526857 550075 490554 583157 650486 427721 502568 482853 603357 583457 375743 535727 504992 392424 548791 653644 498267 440557 657567 553255 409776 387460 567805 536722 611865 605298 422248 561833 397983 527606 442979 465100 645128 559211 381265 451842 419411 391777
439128 331079 430528 598582 380171 492145 523438 508342 491033 514251 454730 547333 614662 391897 466744 447029 567533 547633 339919 499903 469168 356600 512967 617820 462443 404733 621743 517431 373952 351636 531981 500898 576041 569474 386424 526008 362159 491782 407155 429276 609304 523387 345441 416018 383587 355953
327242 219193 318642 486696 268285 380259 411552 396456 379147 402365 342844 435447 502776 280011 354858 335143 455647 435747 228033 388017 357282 244714 401081 505934 350557 292847 509857 405545 262066 239750 420095 389012 464155 457588 274538 414122 250273 379896 295269 317390 497418 411501 233555 304132 271701 244067
399137 291088 390537 558591 340180 452154 483447 468351 451042 474260 414739 507342 574671 351906 426753 407038 527542 507642 299928 459912 429177 316609 472977 577829 422452 364742 581752 477440 333961 311645 491990 460907 536050 529483 346433 486017 322168 451791 367164 389285 569313 483396 305450 376027 343596 315962
321950 213901 313350 481404 262993 374967 406260 391164 373855 397073 337552 430155 497484 274719 349566 329851 450355 430455 222741 382725 351990 239422 395789 500642 345265 287555 504565 400253 256774 234458 414803 383720 458863 452296 269246 408830 244981 374604 289977 312098 492126 406209 228263 298840 266409 238775
493264 385215 484664 652718 434307 546281 577574 562478 545169 568387 508866 601469 668798 446033 520880 501165 621669 601769 394055 554039 523304 410736 567103 671956 516579 458869 675879 571567 428088 405772 586117 555034 630177 623610 440560 580144 416295 545918 461291 483412 663440 577523 399577 470154 437723 410089
500229 392180 491629 659683 441272 553246 584539 569443 552134 575352 515831 608434 675763 452998 527845 508130 628634 608734 401020 561004 530269 417701 574068 678921 523544 465834 682844 578532 435053 412737 593082 561999 637142 630575 447525 587109 423260 552884 468256 490377 670405 584488 406542 477119 444688 417054
430328 322279 421728 589782 371371 483345 514638 499542 482233 505451 445930 538533 605862 383097 457944 438229 558733 538833 331119 491103 460368 347800 504167 609020 453643 395933 612943 508631 365152 342836 523181 492098 567241 560674 377624 517208 353359 482982 398355 420476 600504 514587 336641 407218 374787 347153
386628 278579 378028 546082 327671 439645 470938 455842 438533 461751 402230 494833 562162 339397 414244 394529 515033 495133 287419 447403 416668 304100 460467 565320 409943 352233 569243 464931 321452 299136 479481 448398 523541 516974 333924 473508 309659 439282 354655 376776 556804 470887 292941 363518 331087 303453
400964 292915 392364 560418 342007 453981 485274 470179 452869 476088 416567 509169 576498 353733 428580 408865 529370 509469 301755 461739 431004 318436 474803 579657 424280 366569 583579 479268 335788 313473 493817 462734 537878 531310 348260 487844 323995 453619 368992 391112 571140 485224 307278 377854 345423 317790
312242 204193 303642 471696 253285 365259 396552 381457 364147 387365 327844 420447 487776 265011 339858 320143 440647 420747 213033 373017 342282 229714 386081 490934 335557 277847 494857 390545 247066 224750 405095 374012 449155 442588 259538 399122 235273 364896 280269 302390 482418 396501 218555 289132 256701 229067
353417 245368 344817 512871 294460 406434 437727 422631 405322 428540 369019 461622 528951 306186 381033 361318 481822 461922 254208 414192 383457 270889 427256 532109 376732 319022 536032 431720 288241 265925 446270 415187 490330 483763 300713 440297 276448 406071 321444 343565 523593 437676 259730 330307 297876 270242
413539 305490 404939 572993 354582 466556 497849 482753 465444 488662 429141 521744 589073 366308 441155 421440 541944 522044 314330 474314 443579 331011 487378 592231 436854 379144 596154 491842 348363 326047 506392 475309 550452 543885 360835 500419 336570 466193 381566 403687 583715 497798 319852 390429 357998 330364
417644 309595 409044 577098 358687 470661 501954 486858 469549 492767 433246 525849 593178 370413 445260 425545 546049 526149 318435 478419 447684 335116 491483 596336 440959 383249 600259 495947 352468 330152 510497 479414 554557 547990 364940 504524 340675 470298 385671 407792 587820 501903 323957 394534 362104 334469
429616 321567 421016 589070 370659 482633 513926 498830 481521 504739 445218 537821 605150 382385 457232 437517 558021 538121 330407 490391 459656 347088 503455 608308 452931 395221 612231 507919 364440 342124 522469 491386 566529 559962 376912 516496 352647 482270 397643 419764 599792 513875 335929 406506 374075 346441
476703 368654 468103 636157 417746 529720 561013 545917 528608 551826 492305 584908 652237 429472 504319 484604 605108 585208 377494 537478 506743 394175 550542 655395 500018 442308 659318 555006 411527 389211 569556 538473 613616 607049 423999 563583 399734 529357 444730 466851 646879 560962 383016 453593 421162 393528
395319 287270 386719 554773 336362 448336 479629 464534 447224 470442 410921 503524 570853 348088 422935 403220 523724 503824 296110 456094 425359 312791 469158 574011 418634 360924 577934 473622 330143 307827 488172 457089 532232 525665 342615 482199 318350 447973 363346 385467 565495 479578 301632 372209 339778 312144
444203 336154 435603 603657 385246 497220 528513 513417 496108 519326 459805 552408 619737 396972 471819 452104 572608 552708 344994 504978 474243 361675 518042 622895 467518 409808 626818 522506 379027 356711 537056 505973 581116 574549 391499 531083 367234 496857 412230 434351 614379 528462 350516 421093 388662 361028
356567 248518 347967 516021 297610 409584 440877 425781 408472 431690 372169 464772 532101 309336 384183 364468 484972 465072 257358 417342 386607 274039 430406 535259 379882 322172 539183 434870 291391 269075 449420 418337 493480 486913 303863 443447 279598 409221 324594 346715 526743 440826 262880 333457 301026 273392
413242 305193 404642 572696 354285 466259 497552 482456 465147 488365 428844 521447 588776 366011 440858 421143 541647 521747 314033 474017 443282 330714 487081 591934 436557 378847 595857 491545 348066 325750 506095 475012 550155 543588 360538 500122 336273 465896 381269 403390 583418 497501 319555 390132 357701 330067
453518 345469 444918 612972 394561 506535 537828 522732 505423 528641 469120 561723 629052 406287 481134 461419 581923 562023 354309 514293 483558 370990 527357 632210 476833 419123 636133 531821 388342 366026 546371 515288 590431 583864 400814 540398 376549 506172 421545 443666 623694 537777 359831 430408 397977 370343
317113 209064 308513 476567 258156 370130 401423 386327 369018 392236 332715 425318 492647 269882 344729 325014 445518 425618 217904 377888 347153 234585 390952 495805 340428 282718 499728 395416 251937 229621 409966 378883 454026 447459 264410 403993 240144 369767 285140 307261 487289 401372 223426 294003 261572 233938
376239 268190 367639 535693 317282 429256 460549 445453 428144 451362 391841 484444 551773 329008 403855 384140 504644 484744 277030 437014 406279 293711 450078 554931 399554 341844 558854 454542 311063 288747 469092 438009 513152 506585 323535 463119 299270 428893 344266 366387 546415 460498 282552 353129 320698 293064
491990 383941 483390 651444 433034 545007 576300 561205 543895 567114 507593 600195 667524 444759 519606 499892 620396 600495 392781 552766 522030 409462 565829 670683 515306 457596 674605 570294 426815 404499 584843 553761 628904 622337 439286 578870 415021 544645 460018 482139 662167 576250 398304 468881 436449 408816
425997 317948 417397 585451 367040 479014 510307 495211 477902 501120 441599 534202 601531 378766 453613 433898 554402 534502 326788 486772 456037 343469 499836 604689 449312 391602 608612 504300 360821 338505 518850 487767 562910 556343 373293 512877 349028 478651 394024 416145 596173 510257 332310 402887 370456 342822
496167 388118 487567 655621 437210 549184 580477 565381 548072 571290 511769 604372 671701 448936 523783 504068 624572 604672 396958 556942 526207 413639 570006 674859 519482 461772 678782 574470 430991 408675 589020 557937 633080 626513 443464 583047 419198 548821 464194 486315 666343 580426 402480 473057 440626 412992
382066 274017 373466 541520 323109 435083 466376 451281 433971 457189 397668 490271 557600 334835 409682 389967 510471 490571 282857 442841 412106 299538 455905 560758 405381 347671 564681 460369 316890 294574 474919 443836 518979 512412 329362 468946 305097 434720 350093 372214 552242 466325 288379 358956 326525 298891
317780 209731 309180 477234 258823 370797 402090 386994 369685 392903 333382 425985 493314 270549 345396 325681 446185 426285 218571 378555 347820 235252 391619 496472 341095 283385 500395 396083 252604 230288 410633 379550 454693 448126 265077 404660 240811 370434 285807 307928 487956 402039 224093 294670 262239 234605
345522 237473 336922 504976 286565 398539 429832 414736 397427 420645 361124 453727 521056 298291 373138 353423 473927 454027 246313 406297 375562 262994 419361 524214 368837 311127 528137 423825 280346 258030 438375 407292 482435 475868 292818 432402 268553 398176 313549 335670 515698 429781 251835 322412 289981 262347
358760 250712 350160 518214 299803 411777 443070 427974 410665 433883 374362 466965 534294 311529 386376 366661 487165 467265 259551 419535 388800 276232 432599 537452 382075 324365 541375 437063 293584 271268 451613 420531 495673 489106 306056 445640 281792 411414 326787 348908 528936 443019 265073 335650 303219 275585
332334 224285 323734 491788 273377 385351 416644 401548 384239 407457 347936 440539 507868 285103 359950 340235 460739 440839 233125 393109 362374 249806 406173 511026 355649 297939 514949 410637 267158 244842 425187 394104 469247 462680 279630 419214 255365 384988 300361 322482 502510 416593 238647 309224 276793 249159
464193 356144 455593 623647 405236 517210 548503 533408 516098 539317 479796 572398 639727 416962 491809 472094 592599 572698 364984 524969 494233 381665 538032 642886 487509 429798 646808 542497 399017 376702 557046 525963 601107 594539 411489 551073 387224 516848 432221 454341 634369 548453 370507 441083 408652 381019
321881 213832 313281 481335 262924 374898 406191 391095 373786 397004 337483 430086 497415 274650 349497 329782 450286 430386 222672 382656 351921 239353 395720 500573 345196 287486 504496 400185 256705 234389 414734 383651 458794 452227 269177 408761 244912 374535 289908 312029 492057 406140 228194 298771 266340 238706
459317 351268 450717 618771 400360 512334 543627 528531 511222 534440 474919 567522 634851 412086 486933 467218 587722 567822 360108 520092 489357 376789 533156 638009 482632 424922 641932 537620 394141 371825 552170 521087 596230 589663 406613 546197 382348 511971 427344 449465 629493 543576 365630 436207 403776 376142
348184 240135 339584 507638 289227 401201 432494 417398 400089 423307 363786 456389 523718 300953 375800 356085 476589 456689 248975 408959 378224 265657 422023 526876 371499 313789 530799 426487 283008 260692 441037 409954 485097 478530 295480 435064 271215 400838 316211 338332 518360 432443 254497 325074 292643 265009
399807 291758 391207 559261 340850 452824 484117 469021 451712 474930 415409 508012 575341 352576 427423 407708 528212 508312 300598 460582 429847 317279 473646 578499 423122 365412 582422 478110 334631 312315 492660 461577 536720 530153 347103 486687 322838 452461 367834 389955 569983 484066 306120 376697 344266 316632
486129 378080 477529 645583 427172 539146 570439 555343 538034 561252 501731 594334 661663 438898 513745 494030 614534 594634 386920 546904 516169 403601 559968 664821 509444 451734 668744 564432 420953 398637 578982 547899 623042 616475 433425 573009 409160 538783 454156 476277 656305 570388 392442 463019 430588 402954
323451 215402 314851 482905 264494 376468 407761 392665 375356 398574 339053 431656 498985 276220 351067 331352 451856 431956 224242 384226 353491 240923 397290 502143 346766 289056 506066 401754 258275 235959 416305 385221 460364 453797 270747 410331 246482 376106 291478 313599 493627 407710 229764 300341 267910 240276
377175 269126 368575 536629 318218 430192 461485 446389 429080 452298 392777 485380 552709 329944 404791 385076 505580 485680 277966 437950 407215 294647 451014 555867 400490 342780 559790 455478 311999 289683 470028 438945 514088 507521 324471 464055 300206 429829 345202 367323 547351 461434 283488 354066 321634 294000
491431 383382 482831 650885 432474 544448 575741 560645 543336 566554 507033 599636 666965 444200 519047 499332 619836 599936 392222 552206 521471 408903 565270 670123 514746 457036 674046 569734 426255 403939 584284 553201 628344 621777 438727 578311 414462 544085 459458 481579 661607 575690 397744 468321 435890 408256
497277 389228 488677 656731 438320 550294 581587 566491 549182 572400 512879 605482 672811 450046 524893 505178 625682 605782 398068 558052 527317 414749 571116 675969 520592 462882 679892 575580 432101 409786 590130 559047 634190 627623 444573 584157 420308 549931 465304 487425 667453 581536 403590 474167 441736 414102
376340 268291 367740 535794 317383 429357 460650 445555 428245 451463 391942 484545 551874 329109 403956 384241 504745 484845 277131 437115 406380 293812 450179 555032 399655 341945 558955 454643 311164 288848 469193 438110 513253 506686 323636 463220 299371 428994 344367 366488 546516 460599 282653 353230 320799 293165
478826 370777 470226 638280 419869 531843 563136 548040 530731 553949 494428 587031 654360 431595 506442 486727 607231 587331 379617 539601 508866 396298 552665 657518 502141 444431 661441 557129 413650 391334 571679 540596 615739 609172 426122 565706 401857 531480 446853 468974 649002 563085 385139 455716 423285 395651
404019 295970 395419 563473 345062 457036 488329 473233 455924 479142 419621 512224 579553 356788 431635 411920 532424 512524 304810 464795 434059 321491 477858 582711 427334 369624 586634 482322 338843 316527 496872 465789 540932 534365 351315 490899 327050 456673 372046 394167 574195 488278 310332 380909 348478 320845
357506 249457 348906 516960 298549 410523 441816 426720 409411 432629 373108 465711 533040 310275 385122 365407 485911 466011 258297 418281 387546 274978 431345 536198 380821 323111 540121 435809 292330 270014 450359 419276 494419 487852 304802 444386 280537 410160 325533 347654 527682 441765 263819 334396 301965 274331
418499 310450 409899 577953 359542 471516 502809 487714 470404 493623 434102 526704 594033 371268 446115 426401 546905 527004 319290 479275 448539 335971 492338 597192 441815 384104 601114 496803 353324 331008 511352 480270 555413 548846 365795 505379 341530 471154 386527 408648 588676 502759 324813 395389 362958 335325
434637 326587 426037 594090 375680 487654 518946 503851 486541 509760 450239 542842 610171 387405 462253 442538 563042 543141 335428 495412 464676 352109 508476 613329 457952 400242 617252 512940 369461 347145 527489 496407 571550 564983 381933 521516 357667 487291 402664 424785 604813 518896 340950 411527 379095 351462
367881 259832 359281 527335 308924 420898 452191 437095 419786 443004 383483 476086 543415 320650 395497 375782 496286 476386 268672 428656 397921 285353 441720 546573 391196 333486 550496 446184 302705 280389 460734 429651 504794 498227 315177 454761 290912 420535 335908 358029 538057 452140 274194 344771 312340 284706
465741 357692 457141 625195 406784 518758 550051 534955 517646 540864 481343 573946 641275 418510 493357 473642 594146 574246 366532 526516 495781 383213 539580 644433 489056 431346 648356 544044 400565 378249 558594 527511 602654 596087 413037 552621 388772 518395 433768 455889 635917 550000 372054 442631 410200 382566
465047 356998 456447 624501 406090 518064 549357 534262 516952 540171 480650 573252 640581 417816 492663 472949 593453 573552 365838 525823 495087 382519 538886 643740 488363 430653 647662 543351 399872 377556 557900 526818 601961 595394 412343 551927 388078 517702 433075 455196 635224 549307 371361 441938 409506 381873
477352 369303 468752 636806 418395 530369 561662 546566 529257 552475 492954 585557 652886 430121 504968 485253 605757 585857 378143 538127 507392 394824 551191 656044 500667 442957 659967 555655 412176 389860 570205 539123 614265 607698 424648 564232 400383 530006 445379 467500 647528 561611 383665 454242 421811 394177
335683 227634 327083 495137 276726 388700 419993 404897 387588 410806 351285 443888 511217 288452 363299 343584 464088 444188 236474 396458 365723 253155 409522 514376 358998 301288 518298 413986 270507 248191 428536 397453 472596 466029 282979 422563 258714 388337 303710 325831 505859 419942 241996 312573 280142 252508
332617 224568 324017 492071 273660 385634 416927 401831 384522 407740 348219 440822 508151 285386 360233 340518 461022 441122 233408 393392 362657 250089 406456 511309 355932 298222 515232 410920 267441 245125 425470 394387 469530 462963 279913 419497 255648 385271 300644 322765 502793 416876 238930 309507 277076 249442
328452 220403 319852 487906 269495 381469 412762 397666 380357 403575 344054 436657 503986 281221 356068 336353 456857 436957 229243 389227 358492 245924 402291 507144 351767 294057 511067 406755 263276 240960 421305 390222 465365 458798 275748 415332 251483 381106 296479 318600 498628 412711 234765 305342 272912 245277
441788 333739 433188 601242 382831 494805 526098 511002 493693 516911 457390 549993 617322 394557 469404 449689 570193 550293 342579 502563 471828 359260 515627 620480 465103 407393 624403 520091 376612 354296 534641 503558 578701 572134 389084 528668 364819 494442 409815 431937 611964 526047 348101 418678 386247 358613
481364 373315 472764 640818 422407 534381 565674 550578 533269 556487 496966 589569 656898 434133 508980 489265 609769 589869 382155 542139 511404 398836 555203 660056 504679 446969 663979 559667 416188 393872 574217 543134 618277 611710 428660 568244 404395 534018 449391 471512 651540 565623 387677 458254 425823 398189
343826 235777 335226 503280 284869 396843 428136 413040 395731 418949 359428 452031 519360 296595 371442 351727 472231 452331 244617 404601 373866 261298 417665 522518 367141 309431 526441 422129 278650 256334 436678 405596 480739 474172 291122 430705 266857 396480 311853 333974 514002 428085 250139 320716 288285 260651
426851 318802 418251 586305 367894 479868 511161 496065 478756 501974 442453 535056 602385 379620 454467 434752 555256 535356 327642 487626 456891 344323 500690 605543 450166 392456 609466 505154 361675 339359 519704 488621 563764 557197 374147 513731 349882 479505 394878 416999 597027 511110 333164 403741 371310 343676
345862 237813 337262 505316 286905 398879 430172 415076 397767 420985 361464 454067 521396 298631 373478 353763 474267 454367 246653 406637 375902 263334 419701 524554 369177 311467 528477 424165 280686 258370 438715 407632 482775 476208 293158 432742 268893 398516 313889 336010 516038 430121 252175 322752 290321 262687
503754 395705 495154 663208 444797 556771 588064 572968 555659 578877 519356 611959 679288 456523 531370 511655 632159 612259 404545 564529 533794 421226 577593 682446 527069 469359 686369 582057 438578 416262 596607 565524 640667 634100 451050 590634 426785 556408 471781 493902 673930 588013 410067 480644 448213 420579
402829 294780 394229 562283 343872 455846 487139 472043 454734 477952 418431 511034 578363 355598 430445 410730 531234 511334 303620 463604 432869 320301 476668 581521 426144 368434 585444 481132 337653 315337 495682 464599 539742 533175 350125 489709 325860 455483 370856 392977 573005 487088 309142 379719 347288 319654
460721 352672 452121 620175 401764 513738 545031 529935 512626 535844 476323 568926 636255 413490 488337 468622 589126 569226 361512 521496 490761 378193 534560 639413 484036 426326 643336 539024 395545 373229 553574 522491 597634 591067 408017 547601 383752 513375 428748 450869 630897 544980 367034 437611 405180 377546
441878 333829 433278 601332 382921 494895 526188 511092 493783 517001 457480 550083 617412 394647 469494 449779 570283 550383 342669 502653 471918 359351 515717 620570 465193 407483 624494 520181 376702 354386 534731 503648 578791 572224 389174 528758 364909 494532 409905 432026 612054 526137 348191 418768 386337 358703
427278 319228 418678 586731 368321 480295 511587 496492 479182 502401 442880 535483 602812 380047 454894 435179 555683 535782 328069 488053 457317 344750 501117 605970 450593 392883 609893 505581 362102 339786 520130 489048 564191 557624 374574 514157 350308 479932 395305 417426 597454 511537 333591 404168 371737 344103
353597 245548 344997 513051 294640 406614 437907 422812 405502 428721 369200 461802 529131 306366 381213 361499 482003 462102 254388 414373 383637 271069 427436 532290 376913 319202 536212 431901 288421 266106 446450 415368 490511 483944 300893 440477 276628 406252 321625 343745 523774 437857 259911 330487 298056 270423
364480 256430 355880 523933 305523 417497 448789 433694 416384 439603 380082 472685 540013 317248 392096 372381 492885 472984 265271 425255 394519 281952 438318 543172 387795 330085 547095 442783 299304 276988 457332 426250 501393 494826 311776 451359 287510 417134 332507 354628 534656 448739 270793 341370 308938 281305
342919 234870 334319 502373 283962 395936 427229 412133 394824 418042 358521 451124 518453 295688 370535 350820 471324 451424 243710 403694 372959 260391 416758 521611 366234 308524 525534 421222 277743 255427 435772 404689 479832 473265 290215 429799 265950 395574 310946 333067 513095 427178 249232 319809 287378 259744
457255 349206 448655 616709 398298 510273 541565 526469 509160 532378 472857 565460 632789 410024 484871 465156 585660 565760 358046 518030 487295 374727 531094 635947 480570 422860 639870 535558 392079 369763 550108 519025 594168 587601 404551 544135 380286 509909 425282 447403 627431 541514 363568 434145 401714 374080
329410 221361 320810 488864 270453 382427 413720 398624 381315 404533 345012 437615 504944 282179 357026 337311 457815 437915 230201 390185 359450 246882 403249 508102 352725 295015 512025 407713 264234 241918 422263 391180 466323 459756 276706 416290 252441 382064 297437 319558 499586 413669 235723 306300 273869 246235
421075 313025 412475 580528 362118 474092 505384 490289 472979 496198 436677 529280 596609 373844 448691 428976 549480 529579 321866 481850 451114 338547 494914 599767 444390 386680 603690 499378 355899 333583 513927 482845 557988 551421 368371 507954 344105 473729 389102 411223 591251 505334 327388 397965 365533 337900
485708 377659 477108 645162 426751 538725 570018 554922 537613 560831 501310 593913 661242 438477 513324 493609 614113 594213 386499 546483 515748 403180 559547 664400 509023 451313 668323 564011 420532 398216 578561 547478 622621 616054 433004 572588 408739 538362 453735 475856 655884 569967 392021 462598 430167 402533
480143 372094 471543 639597 421186 533160 564453 549357 532048 555266 495745 588348 655677 432912 507759 488044 608548 588648 380934 540918 510183 397615 553982 658835 503458 445748 662758 558446 414967 392651 572996 541913 617056 610489 427439 567023 403174 532797 448170 470291 650319 564402 386456 457033 424602 396968
464059 356010 455459 623513 405102 517076 548369 533273 515964 539182 479661 572264 639593 416828 491675 471960 592464 572564 364850 524834 494099 381531 537898 642751 487374 429664 646674 542362 398883 376567 556912 525829 600972 594405 411355 550939 387090 516713 432086 454207 634235 548318 370372 440949 408518 380884
367949 259899 359348 527402 308992 420966 452258 437163 419853 443072 383551 476153 543482 320717 395564 375850 496354 476453 268739 428724 397988 285420 441787 546641 391264 333554 550564 446252 302773 280457 460801 429719 504862 498295 315245 454828 290979 420603 335976 358097 538125 452208 274262 344839 312407 284774
317895 209846 309295 477349 258938 370912 402205 387109 369800 393018 333497 426100 493429 270664 345511 325796 446300 426400 218686 378670 347935 235367 391734 496587 341210 283500 500510 396198 252719 230403 410748 379665 454808 448241 265191 404775 240926 370549 285922 308043 488071 402154 224208 294785 262354 234720
396325 288276 387725 555779 337368 449342 480635 465539 448230 471448 411927 504530 571859 349094 423941 404226 524730 504830 297116 457100 426365 313797 470164 575017 419640 361930 578940 474628 331149 308833 489178 458095 533238 526671 343621 483205 319356 448979 364352 386473 566501 480584 302638 373215 340784 313150
352115 244066 343515 511569 293158 405132 436425 421329 404020 427238 367717 460320 527649 304884 379731 360016 480520 460620 252906 412890 382155 269587 425954 530807 375430 317720 534730 430418 286939 264623 444968 413885 489028 482461 299411 438995 275146 404769 320142 342263 522291 436374 258428 329005 296574 268940
348141 240092 339541 507595 289184 401158 432451 417355 400046 423264 363743 456346 523675 300910 375757 356042 476546 456646 248932 408916 378181 265613 421980 526833 371456 313746 530756 426444 282965 260649 440994 409911 485054 478487 295437 435021 271172 400795 316168 338289 518317 432400 254454 325031 292600 264966
503938 395889 495338 663392 444981 556955 588248 573152 555843 579061 519540 612143 679472 456707 531554 511839 632343 612443 404729 564713 533978 421410 577777 682630 527253 469543 686553 582241 438762 416446 596791 565708 640851 634284 451234 590818 426969 556592 471965 494086 674114 588197 410251 480828 448397 420763
426826 318777 418226 586280 367869 479843 511136 496040 478731 501949 442428 535031 602360 379595 454442 434727 555231 535331 327617 487601 456866 344298 500665 605518 450141 392431 609441 505129 361650 339334 519679 488596 563739 557172 374122 513706 349857 479480 394853 416974 597002 511085 333139 403716 371285 343651
411906 303857 403306 571360 352949 464923 496216 481120 463811 487029 427508 520111 587440 364675 439522 419807 540311 520411 312697 472681 441946 329378 485745 590598 435221 377511 594521 490209 346730 324414 504759 473676 548819 542252 359202 498786 334937 464560 379933 402054 582082 496165 318219 388796 356365 328731
488205 380156 479605 647659 429248 541222 572515 557419 540110 563328 503807 596410 663739 440974 515821 496106 616610 596710 388996 548980 518245 405677 562044 666897 511520 453810 670820 566508 423029 400713 581058 549975 625118 618551 435501 575085 411236 540859 456232 478353 658381 572464 394518 465095 432665 405030
327363 219314 318763 486817 268406 380380 411673 396577 379268 402486 342965 435568 502897 280132 354979 335264 455768 435868 228154 388138 357403 244835 401202 506055 350678 292968 509978 405666 262187 239871 420216 389133 464276 457709 274659 414243 250395 380017 295390 317511 497539 411622 233676 304253 271822 244188
506973 398924 498373 666427 448016 559990 591283 576187 558878 582096 522575 615178 682507 459742 534589 514874 635378 615478 407764 567748 537013 424445 580812 685665 530288 472578 689588 585276 441797 419481 599826 568743 643886 637319 454269 593853 430004 559628 475000 497121 677149 591232 413286 483863 451432 423798
430294 322245 421694 589748 371337 483311 514604 499508 482199 505417 445896 538499 605828 383063 457910 438195 558699 538799 331085 491069 460334 347766 504133 608986 453609 395899 612909 508597 365118 342802 523147 492064 567207 560640 377590 517174 353325 482948 398321 420442 600470 514553 336607 407184 374753 347119
406952 298903 398352 566406 347995 459969 491262 476167 458857 482075 422554 515157 582486 359721 434568 414854 535357 515457 307743 467727 436992 324424 480791 585644 430267 372557 589567 485255 341776 319460 499805 468722 543865 537298 354248 493832 329983 459606 374979 397100 577128 491211 313265 383842 351411 323777
369075 261026 360475 528529 310118 422092 453385 438289 420980 444198 384677 477280 544609 321844 396691 376976 497480 477580 269866 429850 399115 286547 442914 547767 392390 334680 551690 447378 303899 281583 461928 430845 505988 499421 316371 455955 292106 421729 337102 359223 539251 453334 275388 345965 313534 285900
494270 386221 485670 653724 435313 547287 578580 563484 546175 569393 509872 602475 669804 447039 521886 502171 622675 602775 395061 555045 524310 411742 568109 672962 517585 459875 676885 572573 429094 406778 587123 556040 631183 624616 441566 581150 417301 546924 462297 484418 664446 578529 400583 471160 438729 411095
308563 200514 299963 468017 249606 361580 392873 377777 360468 383686 324165 416768 484097 261332 336179 316464 436968 417068 209354 369338 338603 226035 382402 487255 331878 274168 491178 386866 243387 221071 401416 370333 445476 438909 255859 395443 231594 361217 276590 298711 478739 392822 214876 285453 253022 225388
493965 385916 485365 653419 435008 546982 578275 563179 545870 569088 509567 602170 669499 446734 521581 501866 622371 602470 394756 554740 524005 411437 567804 672658 517280 459570 676580 572269 428789 406474 586818 555735 630878 624311 441261 580845 416996 546620 461993 484113 664141 578224 400278 470855 438424 410791
501446 393397 492846 660900 442489 554464 585756 570660 553351 576569 517048 609651 676980 454215 529062 509347 629851 609951 402237 562221 531486 418918 575285 680138 524761 467051 684061 579750 436270 413954 594299 563216 638359 631792 448743 588326 424477 554100 469473 491594 671622 585705 407759 478337 445905 418271
323094 215045 314494 482548 264137 376111 407404 392308 374999 398217 338696 431299 498628 275864 350710 330995 451499 431599 223885 383869 353134 240566 396933 501786 346409 288699 505709 401397 257918 235602 415947 384864 460007 453440 270390 409975 246125 375748 291121 313242 493270 407353 229407 299984 267553 239919
469342 361293 460742 628796 410385 522359 553652 538556 521247 544465 484944 577547 644876 422111 496958 477243 597747 577847 370133 530117 499382 386814 543181 648034 492657 434947 651957 547645 404166 381850 562195 531112 606255 599688 416639 556222 392373 521996 437369 459490 639518 553601 375655 446232 413801 386167
334839 226790 326239 494293 275882 387856 419149 404053 386744 409962 350441 443044 510373 287608 362455 342740 463244 443344 235630 395614 364879 252311 408678 513531 358154 300444 517454 413142 269663 247347 427692 396609 471752 465185 282135 421719 257870 387493 302866 324987 505015 419098 241152 311729 279298 251664
343490 235441 334890 502944 284533 396507 427800 412704 395395 418613 359093 451695 519024 296259 371106 351391 471895 451995 244281 404265 373530 260962 417329 522182 366805 309095 526105 421793 278314 255998 436343 405260 480403 473836 290786 430370 266521 396144 311517 333638 513666 427749 249803 320380 287949 260315
420126 312077 411526 579580 361169 473143 504436 489340 472031 495249 435728 528331 595660 372895 447742 428027 548531 528631 320917 480901 450166 337598 493965 598818 443441 385731 602741 498429 354950 332634 512979 481896 557039 550472 367422 507006 343157 472780 388153 410274 590302 504385 326439 397016 364585 336951
423595 315546 414995 583049 364638 476612 507905 492809 475500 498718 439197 531800 599129 376364 451211 431496 552000 532100 324386 484370 453635 341067 497434 602288 446910 389200 606210 501898 358419 336104 516448 485365 560508 553941 370891 510475 346626 476250 391623 413743 593771 507854 329908 400485 368054 340420
329086 221036 320486 488539 270129 382103 413395 398300 380990 404209 344688 437291 504620 281854 356702 336987 457491 437590 229877 389861 359125 246558 402924 507778 352401 294691 511701 407389 263910 241594 421938 390856 465999 459432 276382 415965 252116 381740 297113 319234 499262 413345 235399 305976 273544 245911
488401 380352 479801 647855 429444 541418 572711 557616 540306 563525 504004 596606 663935 441170 516017 496302 616807 596906 389192 549177 518441 405873 562240 667094 511717 454006 671016 566705 423225 400910 581254 550171 625315 618748 435697 575281 411432 541056 456429 478549 658577 572661 394715 465291 432860 405227
340589 232540 331989 500043 281632 393606 424899 409804 392494 415713 356192 448794 516123 293358 368205 348491 468995 449094 241380 401365 370629 258061 414428 519282 363905 306194 523204 418893 275414 253098 433442 402360 477503 470936 287885 427469 263620 393244 308617 330738 510766 424849 246903 317479 285048 257415
351431 243382 342831 510885 292474 404448 435741 420645 403336 426554 367033 459636 526965 304200 379047 359332 479836 459936 252222 412206 381471 268903 425270 530123 374746 317036 534046 429734 286255 263939 444284 413201 488344 481777 298727 438311 274462 404085 319458 341579 521607 435690 257745 328321 295890 268256
412086 304037 403486 571540 353129 465103 496396 481300 463991 487209 427688 520291 587620 364855 439702 419987 540491 520591 312877 472861 442126 329558 485925 590778 435401 377691 594701 490389 346910 324594 504939 473856 548999 542432 359382 498966 335117 464740 380113 402234 582262 496345 318399 388976 356545 328911
492030 383981 483430 651484 433073 545047 576340 561244 543935 567153 507632 600235 667564 444799 519646 499931 620436 600535 392821 552805 522070 409502 565869 670723 515345 457635 674645 570334 426854 404539 584883 553800 628944 622376 439326 578910 415061 544685 460058 482178 662206 576289 398343 468920 436489 408856
357317 249268 348717 516771 298360 410334 441627 426531 409222 432440 372919 465522 532851 310086 384933 365218 485722 465822 258108 418092 387357 274789 431156 536009 380632 322922 539932 435620 292141 269825 450170 419087 494230 487663 304613 444197 280349 409971 325344 347465 527493 441576 263630 334207 301776 274142
338513 230463 329912 497966 279556 391530 422822 407727 390417 413636 354115 446717 514046 291281 366128 346414 466918 447017 239303 399288 368552 255984 412351 517205 361828 304118 521128 416816 273337 251021 431365 400283 475426 468859 285809 425392 261543 391167 306540 328661 508689 422772 244826 315403 282971 255338
309765 201716 301165 469219 250808 362782 394075 378979 361670 384888 325367 417970 485299 262534 337381 317666 438170 418270 210556 370540 339805 227237 383604 488457 333080 275370 492380 388068 244589 222273 402618 371535 446678 440111 257062 396645 232796 362419 277792 299913 479941 394024 216078 286655 254224 226591
396914 288865 388314 556369 337957 449931 481224 466128 448819 472037 412516 505119 572448 349683 424530 404815 525319 505419 297705 457689 426954 314386 470753 575606 420229 362519 579529 475217 331738 309422 489767 458684 533827 527260 344210 483794 319945 449568 364941 387062 567090 481173 303227 373804 341373 313739
467551 359502 458951 627005 408594 520568 551861 536765 519456 542674 483153 575756 643085 420320 495167 475452 595956 576056 368342 528326 497591 385024 541390 646243 490866 433156 650166 545854 402375 380059 560404 529321 604464 597897 414847 554431 390582 520205 435578 457699 637727 551810 373864 444441 412010 384376
485569 377520 476969 645023 426612 538586 569879 554783 537474 560692 501171 593774 661103 438338 513185 493470 613974 594074 386360 546344 515609 403041 559408 664261 508884 451174 668184 563872 420393 398077 578422 547339 622482 615915 432865 572449 408600 538223 453596 475717 655745 569828 391882 462459 430028 402394
413935 305886 405335 573389 354978 466952 498245 483150 465840 489059 429538 522140 589469 366704 441551 421837 542341 522440 314726 474711 443975 331407 487774 592628 437251 379540 596550 492239 348760 326444 506788 475706 550849 544282 361231 500815 336966 466590 381963 404083 584112 498195 320249 390825 358394 330761
449499 341450 440899 608953 390542 502516 533809 518713 501404 524622 465101 557704 625033 402268 477115 457400 577904 558004 350290 510274 479539 366971 523338 628191 472814 415104 632114 527802 384323 362007 542352 511269 586412 579845 396795 536379 372530 502153 417526 439647 619675 533758 355812 426389 393959 366324
370746 262697 362146 530200 311789 423763 455056 439960 422651 445869 386348 478951 546280 323515 398362 378647 499151 479251 271537 431521 400786 288218 444585 549438 394061 336351 553361 449049 305570 283254 463599 432516 507659 501092 318042 457626 293777 423400 338773 360894 540922 455005 277059 347636 315205 287571
354780 246731 346180 514234 295823 407797 439090 423994 406685 429903 370382 462985 530314 307549 382396 362681 483185 463285 255571 415555 384820 272252 428619 533472 378095 320385 537395 433083 289604 267288 447633 416550 491693 485126 302076 441660 277811 407434 322807 344928 524956 439039 261093 331670 299239 271605
488846 380797 480246 648300 429889 541863 573156 558060 540751 563969 504448 597051 664380 441615 516462 496747 617251 597351 389637 549621 518886 406318 562685 667538 512161 454451 671461 567149 423670 401354 581699 550616 625759 619192 436142 575726 411877 541500 456873 478994 659022 573105 395159 465736 433305 405671
387869 279820 379269 547323 328912 440886 472179 457083 439774 462992 403471 496074 563403 340638 415485 395770 516274 496374 288660 448644 417909 305341 461708 566561 411184 353474 570484 466172 322693 300377 480722 449639 524782 518215 335165 474749 310900 440523 355896 378017 558045 472128 294182 364759 332328 304694
326037 217988 317437 485491 267080 379054 410347 395251 377942 401160 341639 434242 501571 278806 353653 333938 454442 434542 226828 386812 356077 243509 399876 504729 349352 291642 508652 404340 260861 238545 418890 387807 462950 456383 273333 412917 249068 378691 294064 316185 496213 410296 232350 302927 270496 242862
365420 257371 356820 524874 306463 418437 449730 434634 417325 440543 381022 473625 540954 318189 393036 373321 493825 473925 266211 426195 395460 282892 439259 544112 388735 331025 548035 443723 300244 277928 458273 427190 502333 495766 312716 452300 288451 418074 333447 355568 535596 449679 271733 342310 309879 282245
489949 381900 481349 649403 430993 542966 574259 559164 541854 565073 505552 598154 665483 442718 517565 497851 618355 598454 390740 550725 519989 407421 563788 668642 513265 455555 672565 568253 424774 402458 582802 551720 626863 620296 437245 576829 412980 542604 457977 480098 660126 574209 396263 466840 434408 406775
432621 324572 424021 592075 373665 485638 516931 501836 484526 507745 448224 540826 608155 385390 460237 440523 561027 541126 333412 493397 462661 350093 506460 611314 455937 398227 615236 510925 367446 345130 525474 494392 569535 562968 379917 519501 355652 485276 400649 422770 602798 516881 338935 409512 377080 349447
467298 359248 458698 626752 408341 520315 551607 536512 519202 542421 482900 575503 642832 420067 494914 475199 595703 575802 368089 528073 497337 384770 541137 645990 490613 432903 649913 545601 402122 379806 560150 529068 604211 597644 414594 554177 390328 519952 435325 457446 637474 551557 373611 444188 411757 384123
398542 290493 389942 557996 339585 451559 482852 467756 450447 473665 414144 506747 574076 351311 426158 406443 526947 507047 299333 459317 428582 316014 472381 577234 421857 364147 581157 476845 333366 311050 491395 460312 535455 528888 345838 485422 321573 451196 366569 388690 568718 482801 304855 375432 343001 315367
319756 211707 311156 479210 260799 372773 404066 388971 371661 394880 335359 427961 495290 272525 347372 327657 448162 428261 220547 380532 349796 237228 393595 498449 343072 285361 502371 398060 254580 232265 412609 381527 456670 450103 267052 406636 242787 372411 287784 309904 489932 404016 226070 296646 264215 236582
311683 203634 303083 471137 252726 364700 395993 380897 363588 386806 327285 419888 487217 264452 339299 319584 440088 420188 212474 372458 341723 229155 385522 490375 334998 277288 494298 389986 246507 224191 404536 373453 448596 442029 258979 398563 234714 364337 279710 301831 481859 395942 217996 288573 256142 228508
331663 223613 323062 491116 272706 384680 415972 400877 383567 406786 347265 439868 507196 284431 359278 339564 460068 440167 232454 392438 361702 249134 405501 510355 354978 297268 514278 409966 266487 244171 424515 393433 468576 462009 278959 418542 254693 384317 299690 321811 501839 415922 237976 308553 276121 248488
356704 248655 348104 516158 297747 409721 441014 425918 408609 431827 372306 464909 532238 309473 384320 364605 485109 465209 257495 417479 386744 274176 430543 535396 380019 322309 539319 435007 291528 269212 449557 418474 493617 487050 304000 443584 279735 409358 324731 346852 526880 440963 263017 333594 301164 273529
422933 314883 414332 582386 363976 475950 507242 492147 474837 498056 438535 531137 598466 375701 450548 430834 551338 531437 323723 483708 452972 340404 496771 601625 446248 388538 605548 501236 357757 335441 515785 484703 559846 553279 370228 509812 345963 475587 390960 413081 593109 507192 329246 399823 367391 339758
435009 326960 426409 594463 376052 488026 519319 504223 486914 510132 450611 543214 610543 387778 462625 442910 563414 543514 335800 495784 465049 352481 508848 613701 458324 400614 617624 513312 369833 347517 527862 496779 571922 565355 382305 521889 358040 487663 403036 425157 605185 519268 341322 411899 379468 351835
390263 282214 381663 549717 331306 443280 474573 459477 442168 465386 405865 498468 565797 343032 417879 398164 518668 498768 291055 451038 420303 307735 464102 568955 413578 355868 572878 468566 325087 302771 483116 452033 527176 520609 337559 477143 313294 442917 358290 380411 560439 474522 296576 367153 334722 307088
498692 390643 490092 658146 439735 551709 583002 567906 550597 573815 514294 606897 674226 451461 526308 506593 627097 607197 399483 559467 528732 416164 572531 677384 522007 464297 681307 576995 433516 411200 591545 560462 635605 629038 445988 585572 421723 551346 466719 488840 668868 582951 405005 475582 443151 415517
321787 213738 313187 481241 262830 374804 406097 391001 373692 396910 337389 429992 497321 274556 349403 329688 450192 430292 222578 382562 351827 239260 395626 500479 345102 287392 504402 400090 256611 234295 414640 383557 458700 452133 269083 408667 244818 374441 289814 311935 491963 406046 228100 298677 266246 238612
470718 362669 462118 630172 411761 523735 555028 539932 522623 545841 486320 578923 646252 423487 498334 478619 599123 579223 371509 531493 500758 388190 544557 649410 494033 436323 653333 549021 405542 383226 563571 532488 607631 601064 418014 557598 393749 523372 438745 460866 640894 554977 377031 447608 415177 387543
376368 268319 367768 535822 317411 429385 460678 445582 428273 451491 391970 484573 551902 329137 403984 384269 504773 484873 277159 437143 406408 293840 450207 555060 399683 341973 558983 454671 311192 288876 469221 438138 513281 506714 323664 463248 299399 429022 344395 366516 546544 460627 282681 353258 320827 293193
384950 276901 376350 544404 325993 437967 469260 454164 436855 460073 400552 493155 560484 337719 412566 392851 513355 493455 285741 445725 414990 302422 458789 563642 408265 350555 567565 463253 319774 297458 477803 446720 521863 515296 332246 471830 307981 437604 352977 375098 555126 469209 291263 361840 329409 301775
428320 320271 419720 587774 369363 481337 512630 497535 480225 503444 443923 536525 603854 381089 455936 436222 556726 536825 329111 489096 458360 345792 502159 607013 451636 393925 610935 506624 363144 340829 521173 490091 565234 558667 375616 515200 351351 480975 396348 418468 598496 512580 334634 405210 372779 345146
459953 351904 451353 619407 400996 512970 544263 529167 511858 535077 475555 568158 635487 412722 487569 467854 588359 568458 360744 520728 489993 377425 533792 638646 483269 425558 642568 538257 394777 372462 552806 521723 596867 590299 407249 546833 382984 512608 427981 450101 630129 544212 366267 436843 404412 376779
325736 217687 317136 485190 266779 378753 410046 394950 377641 400859 341338 433941 501270 278505 353352 333637 454141 434241 226527 386511 355776 243208 399575 504428 349051 291341 508351 404039 260560 238244 418589 387506 462649 456082 273032 412616 248767 378390 293763 315884 495912 409995 232049 302626 270195 242561
478756 370707 470156 638210 419799 531773 563066 547970 530661 553879 494358 586961 654290 431525 506372 486657 607161 587261 379547 539531 508796 396228 552595 657448 502071 444361 661371 557059 413580 391264 571609 540526 615669 609102 426052 565636 401787 531410 446783 468904 648932 563015 385069 455646 423215 395581
424527 316478 415927 583981 365570 477544 508837 493741 476432 499650 440129 532732 600061 377296 452143 432428 552932 533032 325318 485302 454567 341999 498366 603219 447842 390132 607142 502830 359351 337035 517380 486297 561440 554873 371823 511407 347558 477181 392554 414675 594703 508786 330840 401417 368986 341352
409521 301472 400921 568975 350564 462538 493831 478735 461426 484644 425123 517726 585055 362290 437137 417422 537926 518026 310312 470296 439561 326993 483360 588213 432836 375126 592136 487824 344345 322029 502374 471291 546434 539867 356817 496401 332552 462175 377548 399669 579697 493780 315834 386411 353981 326346
381489 273440 372889 540943 322532 434506 465799 450703 433394 456612 397091 489694 557023 334258 409105 389390 509894 489994 282280 442264 411529 298961 455328 560181 404804 347094 564104 459792 316313 293997 474342 443259 518402 511835 328785 468369 304520 434143 349516 371637 551665 465748 287802 358379 325948 298314
375982 267933 367382 535436 317025 428999 460292 445196 427887 451105 391584 484187 551516 328751 403598 383883 504387 484487 276773 436757 406022 293454 449821 554674 399297 341587 558597 454285 310806 288490 468835 437752 512895 506328 323278 462862 299013 428636 344009 366130 546158 460241 282295 352872 320441 292807
463084 355035 454484 622538 404127 516101 547394 532298 514989 538207 478686 571289 638618 415853 490700 470985 591489 571589 363875 523859 493124 380556 536923 641776 486399 428689 645699 541387 397908 375592 555937 524854 599997 593430 410380 549964 386115 515738 431111 453232 633260 547343 369397 439974 407543 379909
330246 222197 321646 489700 271289 383263 414556 399460 382151 405369 345848 438451 505780 283015 357862 338147 458651 438751 231037 391021 360286 247718 404085 508938 353561 295851 512861 408549 265070 242754 423099 392016 467159 460592 277542 417126 253277 382900 298273 320394 500422 414505 236559 307136 274705 247071
477515 369466 468915 636969 418558 530532 561825 546729 529420 552638 493117 585720 653049 430284 505131 485416 605920 586020 378306 538290 507555 394987 551354 656207 500830 443120 660130 555818 412339 390023 570368 539285 614428 607861 424811 564395 400546 530169 445542 467663 647691 561774 383828 454405 421974 394340
344612 236563 336012 504066 285655 397629 428923 413826 396518 419735 360214 452817 520146 297381 372228 352513 473017 453117 245403 405387 374652 262084 418451 523304 367927 310217 527227 422915 279436 257120 437465 406382 481525 474958 291908 431492 267643 397266 312639 334760 514788 428871 250925 321502 289071 261437
506814 398765 498214 666268 447857 559831 591124 576028 558719 581937 522416 615019 682348 459583 534430 514715 635219 615319 407605 567589 536854 424286 580653 685506 530129 472419 689429 585117 441638 419322 599667 568585 643727 637160 454110 593694 429846 559468 474841 496962 676990 591073 413127 483704 451273 423639
328978 220929 320378 488432 270021 381995 413288 398192 380883 404101 344580 437183 504512 281747 356594 336879 457383 437483 229769 389753 359018 246450 402817 507670 352293 294583 511594 407281 263802 241486 421831 390748 465891 459324 276274 415858 252009 381632 297005 319126 499154 413237 235291 305868 273437 245803
459713 351664 451113 619167 400756 512730 544023 528927 511618 534836 475315 567918 635247 412482 487329 467614 588118 568218 360504 520488 489753 377185 533552 638405 483028 425318 642328 538016 394537 372221 552566 521483 596626 590059 407010 546593 382744 512367 427740 449861 629889 543972 366026 436603 404172 376538
401937 293888 393337 561391 342980 454954 486247 471152 453842 477061 417540 510142 577471 354706 429553 409839 530343 510442 302728 462713 431977 319409 475776 580630 425253 367542 584552 480241 336761 314446 494790 463708 538851 532284 349233 488817 324968 454592 369965 392085 572114 486197 308251 378827 346396 318763
412315 304266 403715 571769 353358 465332 496625 481529 464220 487438 427917 520520 587849 365084 439931 420216 540720 520820 313106 473090 442355 329787 486154 591007 435630 377920 594930 490618 347139 324823 505168 474085 549228 542661 359611 499195 335346 464970 380343 402463 582491 496574 318628 389205 356774 329140
434344 326295 425744 593798 375387 487361 518654 503558 486249 509467 449946 542549 609879 387113 461960 442245 562749 542849 335135 495119 464384 351816 508183 613036 457659 399949 616959 512647 369168 346852 527197 496114 571257 564690 381640 521224 357375 486998 402371 424492 604520 518603 340657 411234 378803 351169
434086 326037 425486 593540 375129 487103 518396 503300 485991 509209 449688 542291 609620 386855 461702 441987 562491 542591 334877 494861 464126 351558 507925 612778 457401 399691 616701 512389 368910 346594 526939 495856 570999 564432 381382 520966 357117 486740 402113 424234 604262 518345 340400 410976 378545 350911
468280 360231 459680 627734 409323 521297 552590 537495 520186 543403 483882 576485 643814 421049 495896 476181 596685 576785 369071 529055 498320 385752 542119 646972 491595 433885 650895 546584 403104 380788 561133 530050 605193 598626 415576 555160 391311 520934 436307 458428 638456 552539 374593 445170 412739 385105
500697 392648 492097 660151 441740 553714 585007 569911 552602 575820 516299 608902 676231 453466 528313 508598 629102 609202 401488 561472 530737 418169 574536 679389 524012 466302 683312 579000 435521 413205 593550 562467 637610 631043 447993 587577 423728 553351 468724 490845 670873 584956 407010 477587 445157 417522
422095 314046 413495 581549 363138 475112 506405 491309 474000 497218 437697 530300 597629 374864 449711 429996 550500 530600 322886 482870 452135 339567 495934 600787 445410 387700 604710 500398 356919 334603 514948 483865 559008 552441 369391 508975 345126 474749 390122 412243 592271 506354 328408 398985 366554 338920
324601 216552 316001 484055 265644 377618 408911 393815 376506 399724 340203 432806 500135 277370 352217 332502 453006 433106 225392 385376 354641 242073 398440 503293 347916 290206 507216 402904 259425 237109 417454 386371 461514 454947 271897 411481 247632 377255 292628 314749 494777 408861 230914 301491 269060 241426
485595 377546 476995 645049 426638 538612 569905 554809 537500 560718 501197 593800 661129 438364 513211 493496 614000 594100 386386 546370 515635 403067 559434 664287 508910 451200 668210 563898 420419 398103 578448 547365 622508 615941 432891 572475 408626 538249 453622 475743 655771 569854 391908 462485 430054 402420
350610 242561 342010 510064 291653 403627 434920 419825 402515 425734 366213 458815 526144 303379 378226 358511 479016 459115 251401 411385 380650 268082 424449 529303 373926 316215 533225 428914 285434 263119 443463 412380 487524 480956 297906 437490 273641 403265 318638 340758 520786 434869 256924 327500 295069 267436
487356 379307 478756 646810 428399 540373 571666 556570 539261 562479 502958 595561 662890 440125 514972 495257 615761 595861 388147 548131 517396 404828 561195 666048 510671 452961 669971 565659 422180 399864 580209 549126 624269 617702 434652 574236 410387 540010 455383 477504 657532 571615 393669 464246 431815 404181
377426 269377 368827 536880 318469 430443 461736 446640 429331 452549 393028 485631 552960 330195 405042 385327 505831 485931 278217 438201 407466 294898 451265 556118 400741 343031 560041 455729 312250 289934 470279 439196 514339 507772 324722 464306 300457 430080 345453 367574 547602 461685 283739 354316 321885 294251
419836 311787 411236 579290 360879 472853 504146 489050 471741 494959 435438 528041 595370 372605 447452 427737 548241 528341 320627 480611 449876 337308 493675 598528 443151 385441 602451 498139 354660 332344 512689 481606 556749 550182 367132 506716 342867 472490 387863 409984 590012 504095 326149 396726 364295 336661
456745 348696 448145 616199 397788 509762 541055 525959 508650 531868 472347 564950 632279 409514 484361 464646 585150 565250 357536 517520 486785 374217 530584 635437 480060 422350 639360 535048 391569 369253 549598 518515 593658 587091 404041 543625 379776 509399 424772 446893 626921 541004 363058 433635 401204 373570
468111 360061 459511 627565 409154 521128 552420 537325 520015 543234 483713 576316 643645 420880 495727 476012 596516 576615 368902 528886 498150 385583 541950 646803 491426 433716 650726 546414 402935 380619 560963 529881 605024 598457 415407 554990 391141 520765 436138 458259 638287 552370 374424 445001 412570 384936
504415 396366 495815 663869 445458 557432 588725 573629 556320 579538 520017 612620 679949 457184 532031 512316 632820 612920 405206 565190 534455 421887 578254 683107 527730 470021 687030 582718 439239 416923 597268 566185 641328 634761 451711 591295 427446 557069 472442 494563 674591 588674 410728 481305 448874 421240
310810 202761 302210 470264 251853 363827 395120 380024 362715 385933 326412 419015 486344 263579 338426 318711 439215 419315 211601 371585 340850 228282 384649 489502 334125 276415 493425 389113 245634 223318 403663 372580 447723 441156 258106 397690 233841 363464 278837 300958 480986 395069 217123 287700 255269 227635
334332 226283 325732 493786 275375 387349 418642 403546 386237 409455 349934 442537 509866 287101 361948 342233 462737 442837 235123 395107 364372 251804 408171 513024 357647 299937 516947 412635 269156 246840 427185 396102 471245 464678 281628 421212 257363 386986 302359 324480 504508 418591 240645 311222 278791 251157
412012 303963 403412 571466 353055 465029 496322 481226 463917 487135 427614 520217 587546 364781 439628 419913 540417 520517 312803 472787 442052 329484 485851 590704 435327 377617 594627 490315 346836 324520 504865 473782 548925 542358 359308 498892 335043 464666 380039 402160 582188 496272 318325 388902 356471 328837
464705 356656 456105 624159 405748 517722 549015 533919 516610 539828 480307 572910 640239 417474 492321 472606 593110 573210 365496 525480 494745 382177 538544 643397 488020 430310 647320 543008 399529 377213 557558 526475 601618 595051 412001 551585 387736 517359 432732 454853 634881 548964 371018 441595 409164 381530
423891 315842 415291 583345 364934 476908 508201 493105 475796 499014 439493 532096 599425 376660 451507 431792 552296 532396 324682 484666 453931 341363 497730 602583 447206 389496 606506 502194 358715 336399 516744 485661 560804 554237 371187 510771 346922 476545 391918 414039 594067 508150 330204 400781 368350 340716
385984 277935 377384 545438 327027 439001 470294 455198 437889 461107 401586 494189 561518 338753 413600 393885 514389 494489 286775 446759 416024 303456 459823 564676 409299 351589 568599 464287 320808 298492 478837 447754 522897 516330 333280 472864 309015 438638 354011 376132 556160 470243 292297 362874 330443 302809
423771 315722 415171 583225 364814 476788 508081 492985 475676 498894 439373 531976 599305 376540 451387 431672 552176 532276 324562 484546 453811 341243 497610 602463 447086 389376 606386 502074 358595 336279 516624 485541 560684 554117 371067 510651 346802 476425 391798 413919 593947 508030 330084 400661 368230 340596
433423 325374 424823 592877 374466 486440 517733 502637 485328 508546 449025 541628 608957 386192 461039 441324 561828 541928 334214 494198 463463 350895 507262 612116 456738 399028 616038 511726 368247 345931 526276 495193 570336 563769 380719 520303 356455 486077 401450 423571 603599 517682 339736 410313 377882 350248
485818 377769 477218 645272 426861 538835 570128 555032 537723 560941 501420 594023 661352 438587 513434 493719 614223 594323 386609 546593 515858 403290 559657 664510 509133 451423 668433 564121 420642 398326 578671 547588 622731 616164 433114 572698 408849 538472 453845 475966 655994 570077 392131 462708 430278 402643
363261 255212 354661 522715 304304 416278 447571 432475 415166 438384 378864 471466 538795 316030 390877 371162 491666 471766 264052 424036 393301 280733 437100 541953 386576 328866 545876 441564 298085 275769 456114 425031 500174 493607 310557 450141 286292 415915 331288 353409 533437 447520 269574 340151 307720 280086
336994 228945 328394 496448 278037 390011 421304 406208 388899 412117 352596 445199 512528 289763 364610 344895 465399 445499 237785 397769 367034 254466 410833 515686 360309 302599 519609 415297 271818 249502 429847 398764 473907 467340 284290 423874 260025 389648 305021 327142 507170 421253 243307 313884 281453 253819
455406 347357 446806 614860 396449 508423 539716 524620 507311 530529 471008 563611 630940 408175 483022 463307 583811 563911 356197 516181 485446 372878 529245 634098 478721 421011 638021 533709 390230 367914 548259 517176 592319 585752 402702 542286 378437 508060 423433 445554 625582 539665 361719 432296 399865 372231
400472 292423 391872 559926 341515 453489 484782 469686 452377 475595 416074 508677 576006 353241 428088 408373 528877 508977 301263 461247 430512 317944 474311 579165 423787 366077 583087 478775 335296 312980 493325 462242 537385 530818 347768 487352 323503 453126 368499 390620 570648 484731 306785 377362 344931 317297
358774 250725 350174 518228 299817 411791 443084 427988 410679 433897 374376 466979 534308 311543 386390 366675 487179 467279 259565 419549 388814 276246 432613 537466 382089 324379 541389 437078 293598 271282 451627 420544 495687 489120 306070 445654 281805 411428 326801 348922 528950 443033 265087 335664 303233 275599
315178 207129 306578 474632 256221 368195 399488 384392 367083 390301 330780 423383 490712 267947 342794 323079 443583 423683 215969 375953 345218 232650 389017 493870 338493 280783 497793 393481 250002 227686 408031 376949 452091 445524 262474 402058 238209 367832 283205 305326 485354 399437 221491 292068 259637 232003
432854 324805 424254 592308 373897 485871 517164 502068 484759 507977 448456 541059 608388 385623 460470 440755 561259 541359 333645 493629 462894 350326 506693 611546 456169 398459 615469 511157 367678 345362 525707 494624 569767 563200 380150 519734 355885 485508 400881 423002 603030 517113 339167 409744 377313 349679
405831 297782 397231 565285 346874 458848 490141 475045 457736 480954 421433 514036 581365 358600 433447 413732 534236 514336 306622 466606 435871 323304 479670 584523 429146 371436 588446 484134 340655 318339 498684 467601 542744 536177 353127 492711 328862 458485 373858 395979 576007 490090 312144 382721 350291 322656
369728 261679 361128 529182 310771 422745 454038 438943 421633 444852 385331 477933 545262 322497 397344 377629 498134 478233 270519 430504 399768 287200 443567 548421 393044 335333 552343 448032 304552 282237 462581 431498 506642 500075 317024 456608 292759 422383 337756 359876 539904 453988 276042 346618 314187 286554
359761 251712 351161 519215 300804 412778 444071 428975 411666 434884 375363 467966 535295 312530 387377 367662 488166 468266 260552 420536 389801 277233 433600 538453 383076 325366 542376 438064 294585 272269 452614 421531 496674 490107 307057 446641 282792 412415 327788 349909 529937 444020 266074 336651 304220 276586
451419 343370 442819 610873 392462 504436 535729 520633 503324 526542 467021 559624 626953 404188 479035 459320 579824 559924 352210 512194 481459 368891 525258 630111 474734 417024 634034 529722 386243 363927 544272 513189 588332 581765 398715 538299 374450 504073 419446 441567 621595 535678 357732 428309 395878 368244
423862 315813 415262 583316 364905 476879 508172 493076 475767 498985 439464 532067 599396 376631 451478 431763 552267 532367 324653 484637 453902 341334 497701 602554 447177 389467 606477 502165 358686 336370 516715 485632 560775 554208 371158 510742 346893 476516 391889 414010 594038 508122 330175 400752 368321 340687
435975 327926 427375 595429 377018 488992 520285 505189 487880 511098 451577 544180 611509 388744 463591 443876 564380 544480 336766 496750 466015 353447 509814 614667 459290 401580 618590 514278 370799 348483 528828 497745 572888 566321 383271 522855 359006 488629 404002 426123 606151 520234 342288 412866 380434 352800
484414 376365 475814 643868 425457 537431 568724 553629 536319 559537 500016 592619 659948 437183 512030 492315 612820 592919 385205 545189 514454 401886 558253 663106 507729 450019 667029 562717 419238 396922 577267 546184 621327 614760 431710 571294 407445 537068 452441 474562 654590 568673 390727 461304 428873 401239
401345 293296 392745 560799 342388 454362 485655 470559 453250 476468 416947 509550 576879 354114 428961 409246 529750 509850 302136 462120 431385 318817 475184 580038 424660 366950 583960 479649 336169 313854 494198 463115 538258 531691 348641 488225 324376 454000 369373 391493 571521 485604 307658 378235 345804 318171
349839 241790 341239 509293 290882 402856 434149 419053 401744 424962 365441 458044 525373 302608 377455 357740 478244 458344 250630 410614 379879 267311 423678 528532 373154 315444 532454 428142 284663 262347 442692 411609 486752 480185 297135 436719 272870 402494 317867 339987 520015 434098 256152 326729 294298 266664
488952 380903 480352 648406 429995 541969 573262 558166 540857 564075 504554 597157 664486 441721 516568 496853 617358 597457 389743 549727 518992 406424 562791 667644 512267 454557 671567 567255 423776 401460 581805 550722 625865 619298 436248 575832 411983 541606 456979 479100 659128 573211 395265 465842 433411 405777
333558 225509 324959 493012 274601 386575 417868 402772 385463 408681 349160 441763 509092 286327 361174 341459 461963 442063 234349 394333 363598 251030 407397 512251 356873 299163 516173 411861 268382 246066 426411 395328 470471 463904 280854 420438 256589 386212 301585 323706 503734 417817 239871 310448 278017 250383
402402 294353 393802 561856 343445 455419 486712 471616 454307 477525 418004 510607 577936 355171 430018 410303 530807 510907 303193 463177 432442 319874 476241 581094 425717 368007 585017 480705 337226 314910 495255 464172 539315 532748 349698 489282 325433 455056 370429 392550 572578 486661 308715 379292 346861 319227
399656 291606 391056 559109 340699 452673 483965 468870 451560 474779 415258 507861 575189 352424 427271 407557 528061 508160 300447 460431 429695 317128 473494 578348 422971 365261 582271 477959 334480 312164 492508 461426 536569 530002 346952 486535 322686 452310 367683 389804 569832 483915 305969 376546 344114 316481
312292 204243 303692 471746 253335 365309 396602 381506 364197 387415 327895 420497 487826 265061 339908 320193 440697 420797 213083 373067 342332 229764 386131 490984 335607 277897 494907 390595 247116 224800 405145 374062 449205 442638 259588 399172 235323 364946 280319 302440 482468 396551 218605 289182 256751 229117
351178 243129 342578 510632 292221 404195 435488 420392 403083 426301 366781 459383 526712 303947 378794 359079 479583 459683 251969 411953 381218 268650 425017 529870 374493 316783 533793 429481 286002 263686 444031 412948 488091 481524 298474 438058 274209 403832 319205 341326 521354 435437 257491 328068 295637 268003
400534 292485 391934 559988 341577 453551 484844 469748 452439 475657 416136 508739 576068 353303 428150 408436 528939 509039 301325 461309 430574 318006 474373 579226 423849 366139 583149 478837 335358 313042 493387 462304 537447 530880 347830 487414 323565 453188 368561 390682 570710 484793 306847 377424 344993 317359
407714 299665 399114 567168 348757 460731 492024 476928 459620 482837 423316 515919 583248 360483 435330 415615 536119 516219 308505 468489 437755 325186 481553 586406 431029 373319 590330 486017 342538 320222 500567 469484 544627 538060 355010 494594 330745 460368 375741 397862 577890 491973 314027 384604 352173 324539
437990 329942 429390 597444 379033 491007 522300 507204 489895 513113 453592 546195 613525 390759 465606 445891 566395 546495 338781 498765 468030 355462 511829 616682 461305 403595 620605 516293 372814 350498 530843 499760 574903 568336 385286 524870 361021 490644 406017 428138 608166 522249 344303 414880 382449 354815
383246 275197 374646 542700 324289 436263 467556 452460 435151 458369 398848 491451 558780 336015 410862 391147 511651 491751 284037 444021 413286 300718 457085 561938 406561 348851 565861 461549 318070 295754 476099 445016 520159 513592 330542 470126 306277 435900 351273 373394 553422 467505 289559 360136 327705 300071
467555 359506 458955 627009 408598 520572 551865 536769 519460 542678 483157 575760 643089 420324 495171 475456 595960 576060 368346 528330 497595 385027 541394 646247 490870 433160 650170 545858 402379 380063 560408 529325 604468 597901 414851 554435 390586 520209 435582 457703 637731 551814 373868 444445 412014 384380
377791 269742 369191 537245 318834 430808 462101 447005 429696 452914 393393 485996 553325 330560 405407 385692 506196 486296 278582 438566 407831 295263 451630 556483 401106 343396 560406 456094 312615 290299 470644 439561 514704 508137 325087 464671 300822 430445 345818 367939 547967 462050 284104 354681 322250 294616
478712 370663 470112 638166 419755 531729 563022 547926 530617 553835 494314 586917 654246 431481 506328 486613 607117 587217 379503 539487 508752 396184 552551 657404 502027 444317 661327 557015 413536 391220 571565 540482 615625 609058 426008 565592 401743 531366 446739 468860 648888 562972 385025 455602 423171 395537
372184 264135 363584 531638 313227 425201 456494 441398 424089 447307 387786 480389 547718 324953 399800 380085 500589 480689 272975 432959 402224 289656 446023 550876 395499 337789 554799 450487 307008 284692 465037 433954 509097 502530 319480 459064 295215 424838 340211 362332 542360 456443 278497 349074 316643 289009
337762 229713 329162 497216 278805 390779 422072 406976 389667 412885 353364 445967 513296 290531 365378 345663 466168 446267 238553 398537 367802 255234 411601 516454 361077 303367 520377 416065 272586 250270 430615 399532 474675 468108 285058 424642 260793 390416 305789 327910 507938 422021 244075 314652 282221 254587
493000 384952 484400 652454 434043 546017 577310 562214 544905 568123 508602 601205 668534 445769 520616 500901 621405 601505 393791 553775 523040 410472 566839 671692 516315 458605 675615 571303 427824 405508 585853 554770 629913 623346 440296 579880 416031 545654 461027 483148 663176 577259 399313 469890 437459 409825
349178 241128 340578 508632 290221 402195 433487 418392 401083 424301 364780 457383 524712 301947 376794 357079 477583 457683 249969 409953 379217 266650 423017 527870 372493 314783 531793 427481 284002 261686 442030 410948 486091 479524 296474 436057 272209 401832 317205 339326 519354 433437 255491 326068 293637 266003
336347 228298 327747 495801 277390 389364 420657 405561 388252 411470 351949 444552 511881 289116 363963 344248 464752 444852 237138 397122 366387 253819 410186 515039 359662 301952 518962 414650 271171 248855 429200 398117 473260 466693 283643 423227 259378 389001 304374 326495 506523 420606 242660 313237 280806 253172
366440 258391 357841 525894 307483 419457 450750 435654 418345 441563 382042 474645 541974 319209 394056 374341 494845 474945 267232 427215 396480 283912 440279 545132 389755 332045 549055 444743 301264 278948 459293 428210 503353 496786 313736 453320 289471 419094 334467 356588 536616 450699 272753 343330 310899 283265
401968 293919 393368 561422 343011 454985 486278 471182 453873 477091 417570 510173 577502 354737 429584 409869 530373 510473 302759 462743 432008 319440 475807 580660 425283 367573 584583 480271 336792 314476 494821 463738 538881 532314 349264 488848 324999 454622 369995 392116 572144 486227 308281 378858 346427 318793
338787 230738 330187 498241 279830 391804 423097 408001 390692 413910 354389 446992 514321 291556 366403 346688 467192 447292 239578 399562 368827 256259 412626 517480 362102 304392 521402 417091 273611 251296 431640 400557 475700 469133 286083 425667 261818 391442 306815 328935 508963 423046 245100 315677 283246 255612
372492 264443 363892 531946 313535 425509 456802 441706 424397 447615 388094 480697 548026 325261 400108 380393 500897 480997 273283 433267 402532 289964 446331 551184 395807 338097 555107 450795 307316 285000 465345 434262 509405 502838 319788 459372 295523 425146 340519 362640 542668 456751 278805 349382 316951 289317
416124 308075 407524 575578 357167 469141 500434 485338 468029 491247 431726 524329 591658 368893 443740 424025 544529 524629 316915 476899 446164 333596 489963 594816 439439 381729 598739 494427 350948 328632 508977 477894 553037 546470 363420 503004 339155 468778 384151 406272 586300 500383 322437 393014 360583 332950
395200 287150 386599 554653 336243 448217 479509 464414 447104 470323 410802 503404 570733 347968 422815 403101 523605 503704 295991 455975 425239 312671 469038 573892 418515 360805 577815 473503 330024 307708 488052 456970 532113 525546 342496 482079 318230 447854 363227 385348 565376 479459 301513 372090 339658 312025
425774 317724 417174 585228 366817 478791 510083 494988 477678 500897 441376 533979 601308 378543 453390 433675 554179 534278 326565 486549 455813 343246 499613 604466 449089 391379 608389 504077 360598 338282 518626 487544 562687 556120 373070 512653 348805 478428 393801 415922 595950 510033 332087 402664 370233 342599
386757 278708 378157 546211 327800 439774 471067 455971 438662 461880 402359 494962 562291 339526 414373 394658 515162 495262 287548 447532 416797 304229 460596 565449 410072 352362 569372 465060 321581 299265 479610 448527 523670 517103 334053 473637 309788 439411 354784 376905 556933 471016 293070 363647 331216 303583
375087 267038 366487 534541 316130 428104 459397 444302 426992 450211 390690 483292 550621 327856 402703 382988 503493 483592 275878 435862 405127 292559 448926 553780 398403 340692 557702 453391 309911 287596 467940 436857 512001 505433 322383 461967 298118 427742 343115 365235 545263 459346 281401 351977 319546 291913
451826 343777 443226 611280 392869 504843 536136 521041 503731 526950 467429 560031 627360 404595 479442 459728 580232 560331 352617 512602 481866 369298 525665 630519 475142 417431 634441 530130 386651 364335 544679 513597 588740 582173 399122 538706 374857 504481 419854 441975 622003 536086 358140 428717 396285 368652
479916 371866 471316 639369 420959 532933 564225 549130 531820 555039 495518 588121 655449 432684 507531 487817 608321 588420 380707 540691 509955 397387 553754 658608 503231 445521 662531 558219 414740 392424 572768 541686 616829 610262 427212 566795 402946 532570 447943 470064 650092 564175 386229 456806 424374 396741
322501 214452 313901 481955 263544 375518 406811 391716 374406 397624 338103 430706 498035 275270 350117 330402 450906 431006 223292 383276 352541 239973 396340 501193 345816 288106 505116 400804 257325 235009 415354 384271 459414 452847 269797 409381 245532 375155 290528 312649 492677 406760 228814 299391 266960 239326
478110 370061 469510 637564 419153 531127 562420 547324 530015 553233 493712 586315 653644 430879 505726 486011 606515 586615 378901 538885 508150 395582 551949 656802 501425 443715 660725 556413 412934 390618 570963 539880 615023 608456 425406 564990 401141 530764 446137 468258 648286 562369 384423 455000 422569 394935
429512 321462 420912 588965 370555 482529 513821 498726 481416 504635 445114 537717 605045 382280 457127 437413 557917 538016 330303 490287 459551 346984 503350 608204 452827 395117 612127 507815 364336 342020 522364 491282 566425 559858 376808 516391 352542 482166 397539 419660 599688 513771 335825 406402 373970 346337
367320 259271 358720 526774 308363 420337 451630 436534 419225 442443 382922 475525 542854 320089 394936 375221 495725 475825 268111 428095 397360 284792 441159 546012 390635 332925 549935 445623 302144 279828 460173 429091 504233 497666 314617 454200 290351 419974 335347 357468 537496 451579 273633 344210 311779 284145
390739 282690 382139 550193 331782 443756 475049 459954 442644 465863 406341 498944 566273 343508 418355 398640 519145 499244 291530 451514 420779 308211 464578 569432 414055 356344 573354 469043 325563 303248 483592 452509 527653 521085 338035 477619 313770 443394 358767 380887 560915 474998 297053 367629 335198 307565
372766 264717 364166 532220 313809 425783 457076 441980 424671 447889 388368 480971 548300 325535 400382 380667 501171 481271 273557 433541 402806 290238 446605 551458 396081 338371 555381 451069 307590 285274 465619 434536 509679 503112 320062 459646 295797 425420 340793 362914 542942 457025 279079 349656 317225 289591
427774 319725 419174 587228 368817 480791 512084 496988 479679 502897 443376 535979 603308 380543 455390 435675 556179 536279 328565 488549 457814 345246 501613 606466 451089 393379 610389 506077 362598 340282 520627 489544 564687 558120 375070 514654 350805 480428 395801 417922 597950 512033 334087 404664 372233 344599
368099 260050 359499 527553 309142 421116 452409 437313 420004 443222 383701 476304 543633 320868 395715 376000 496504 476604 268890 428874 398139 285571 441938 546791 391414 333704 550714 446402 302923 280607 460952 429869 505012 498445 315395 454979 291130 420753 336126 358247 538275 452358 274412 344989 312558 284924
401211 293162 392611 560665 342254 454228 485521 470425 453116 476334 416813 509416 576745 353980 428827 409112 529616 509716 302002 461986 431251 318683 475050 579903 424526 366816 583826 479514 336035 313719 494064 462981 538124 531557 348507 488091 324242 453865 369238 391359 571387 485470 307524 378101 345670 318036
329092 221043 320492 488546 270135 382109 413402 398306 380997 404215 344694 437297 504626 281861 356708 336993 457497 437597 229883 389867 359132 246564 402931 507784 352407 294697 511707 407395 263916 241600 421945 390862 466005 459438 276388 415972 252123 381746 297119 319240 499268 413351 235405 305982 273551 245917
324147 216098 315547 483601 265190 377164 408457 393361 376052 399270 339749 432352 499681 276916 351763 332048 452552 432652 224938 384922 354187 241619 397986 502839 347462 289752 506762 402450 258971 236655 417000 385917 461060 454493 271443 411027 247178 376801 292174 314295 494323 408406 230460 301037 268606 240972
316663 208614 308063 476117 257706 369680 400973 385877 368568 391786 332265 424868 492197 269432 344279 324564 445068 425168 217454 377438 346703 234135 390502 495355 339978 282268 499278 394966 251487 229171 409516 378433 453576 447009 263959 403543 239694 369317 284690 306811 486839 400922 222976 293553 261122 233488
470800 362751 462200 630254 411843 523817 555110 540014 522705 545923 486402 579005 646334 423569 498416 478701 599205 579305 371591 531575 500840 388272 544639 649492 494115 436405 653415 549103 405624 383308 563653 532570 607713 601146 418096 557680 393831 523454 438827 460948 640976 555059 377113 447690 415259 387625
361678 253629 353078 521132 302721 414695 445988 430892 413583 436801 377280 469883 537212 314447 389294 369579 490083 470183 262469 422453 391718 279150 435517 540370 384993 327283 544293 439981 296502 274186 454531 423448 498591 492024 308974 448558 284709 414332 329705 351826 531854 445937 267991 338568 306137 278503
478269 370220 469669 637723 419312 531286 562579 547483 530174 553392 493871 586474 653803 431038 505885 486170 606674 586774 379060 539044 508309 395741 552108 656961 501584 443874 660884 556572 413093 390777 571122 540039 615182 608615 425565 565149 401300 530923 446296 468417 648445 562528 384582 455159 422728 395094
445636 337587 437036 605090 386679 498653 529946 514850 497541 520759 461238 553841 621170 398405 473252 453537 574041 554141 346427 506411 475676 363108 519475 624328 468951 411241 628251 523939 380460 358144 538489 507406 582549 575982 392932 532516 368667 498290 413663 435784 615812 529895 351949 422526 390095 362461
478240 370191 469640 637694 419283 531257 562550 547454 530145 553363 493842 586445 653774 431009 505856 486141 606645 586745 379031 539015 508280 395712 552079 656932 501555 443845 660855 556543 413064 390748 571093 540010 615153 608586 425536 565120 401271 530894 446267 468388 648416 562499 384553 455130 422699 395065
415920 307871 407320 575374 356963 468937 500230 485134 467826 491043 431522 524125 591454 368689 443536 423821 544325 524425 316711 476695 445960 333392 489759 594612 439235 381525 598535 494223 350744 328428 508773 477690 552833 546266 363216 502800 338951 468574 383947 406068 586096 500179 322233 392810 360379 332745
507512 399463 498912 666966 448555 560529 591822 576726 559417 582635 523114 615717 683046 460281 535128 515413 635917 616017 408303 568287 537552 424984 581351 686204 530827 473117 690127 585815 442336 420020 600365 569282 644425 637858 454808 594392 430543 560166 475539 497660 677688 591771 413825 484402 451971 424337
494647 386598 486047 654101 435690 547664 578957 563861 546552 569770 510249 602852 670181 447416 522263 502548 623052 603152 395438 555422 524687 412119 568486 673339 517962 460252 677262 572950 429471 407155 587500 556417 631560 624993 441943 581527 417678 547301 462674 484795 664823 578907 400960 471537 439106 411472
391261 283212 382661 550715 332304 444278 475571 460475 443166 466384 406863 499466 566795 344030 418877 399162 519666 499766 292052 452036 421301 308733 465100 569953 414576 356866 573876 469564 326085 303769 484114 453031 528174 521607 338557 478141 314292 443915 359288 381409 561437 475520 297575 368151 335720 308086
409186 301137 400586 568640 350229 462203 493496 478400 461091 484309 424788 517391 584720 361955 436802 417087 537591 517691 309977 469961 439226 326658 483025 587878 432501 374791 591801 487489 344010 321694 502039 470956 546099 539532 356482 496066 332217 461840 377213 399334 579362 493445 315499 386076 353646 326011
389437 281388 380837 548891 330480 442454 473747 458651 441342 464560 405039 497642 564971 342206 417053 397338 517842 497942 290228 450212 419477 306909 463276 568129 412752 355042 572052 467740 324261 301945 482290 451207 526350 519783 336733 476317 312468 442091 357464 379585 559613 473696 295750 366327 333896 306262
438627 330578 430027 598081 379670 491644 522937 507841 490532 513750 454229 546832 614161 391396 466243 446528 567032 547132 339418 499402 468668 356099 512466 617319 461942 404232 621242 516930 373451 351135 531480 500397 575540 568973 385923 525507 361658 491281 406654 428775 608803 522886 344940 415517 383086 355452
310752 202702 302152 470206 251795 363769 395061 379966 362656 385875 326354 418957 486286 263521 338368 318653 439157 419257 211543 371527 340791 228224 384591 489444 334067 276357 493367 389055 245576 223260 403604 372522 447665 441098 258048 397631 233783 363406 278779 300900 480928 395011 217065 287642 255211 227577
463235 355186 454635 622689 404278 516252 547545 532449 515140 538358 478837 571440 638769 416004 490851 471136 591640 571740 364026 524010 493275 380707 537074 641927 486550 428840 645850 541538 398059 375743 556088 525005 600148 593581 410531 550115 386266 515889 431262 453383 633411 547494 369548 440125 407694 380060
387513 279464 378913 546967 328556 440531 471823 456727 439418 462636 403115 495718 563047 340282 415129 395414 515918 496018 288304 448288 417553 304985 461352 566205 410828 353118 570128 465816 322337 300021 480366 449283 524426 517859 334809 474393 310544 440167 355540 377661 557689 471772 293826 364403 331972 304338
470728 362679 462128 630182 411771 523745 555038 539942 522633 545851 486330 578933 646262 423497 498344 478629 599133 579233 371519 531503 500768 388200 544567 649420 494043 436333 653343 549031 405552 383236 563581 532498 607641 601074 418024 557608 393759 523382 438755 460876 640904 554987 377041 447618 415187 387553
473537 365488 464937 632991 414580 526554 557847 542751 525442 548660 489139 581742 649071 426306 501153 481438 601942 582042 374328 534312 503577 391009 547376 652229 496852 439142 656152 551840 408361 386045 566390 535307 610450 603883 420833 560417 396568 526191 441564 463685 643713 557796 379850 450427 417996 390362
388653 280604 380053 548107 329696 441670 472963 457867 440558 463776 404255 496858 564187 341422 416269 396554 517058 497158 289445 449428 418693 306125 462492 567345 411968 354258 571268 466956 323477 301161 481506 450423 525566 518999 335949 475533 311684 441307 356680 378801 558829 472912 294966 365543 333112 305478
403957 295908 395357 563411 345000 456974 488267 473171 455862 479080 419559 512162 579491 356726 431573 411858 532362 512462 304748 464732 433997 321429 477796 582649 427272 369562 586572 482260 338781 316465 496810 465727 540870 534303 351253 490837 326988 456611 371984 394105 574133 488216 310270 380847 348416 320782
321520 213471 312920 480974 262563 374537 405830 390734 373425 396643 337122 429725 497054 274289 349136 329421 449925 430025 222311 382295 351560 238992 395359 500212 344835 287125 504135 399823 256344 234028 414373 383290 458433 451866 268816 408399 244551 374174 289547 311668 491696 405779 227833 298410 265979 238345
360155 252106 351555 519609 301198 413173 444465 429369 412060 435278 375757 468360 535689 312924 387771 368056 488560 468660 260946 420930 390195 277627 433994 538847 383470 325760 542770 438458 294979 272663 453008 421925 497068 490501 307451 447035 283186 412809 328182 350303 530331 444414 266468 337045 304614 276980
332283 224234 323683 491737 273326 385300 416593 401497 384188 407406 347885 440488 507817 285052 359899 340184 460688 440788 233074 393058 362323 249755 406122 510975 355598 297888 514898 410586 267107 244791 425136 394053 469196 462629 279579 419163 255314 384937 300310 322431 502459 416542 238596 309173 276742 249108
440248 332199 431648 599702 381291 493265 524558 509463 492153 515371 455850 548453 615782 393017 467864 448149 568653 548753 341039 501023 470288 357720 514087 618940 463563 405853 622863 518551 375072 352756 533101 502018 577161 570594 387544 527128 363279 492902 408275 430396 610424 524507 346561 417138 384707 357073
498157 390108 489557 657611 439200 551174 582467 567371 550062 573280 513759 606362 673691 450926 525773 506058 626562 606662 398948 558932 528197 415629 571996 676849 521472 463762 680772 576460 432981 410665 591010 559927 635070 628503 445453 585037 421188 550811 466184 488305 668333 582416 404470 475047 442616 414982
