297 46
438579 242806 512057 441868 240971 256076 452345 309445 358935 306926 296337 334520 299886 404423 379036 571897 584647 432346 342495 249050 319859 311701 487433 538804 380044 277052 523208 515044 370733 470186 590882 486854 331809 530606 452001 381845 337587 518972 363538 442949 293937 420546 376348 360788 529943 407021
514691 261418 588169 460480 259583 274688 528457 385557 377547 325538 372449 410632 318498 480535 340148 590509 603259 393458 361107 325162 280971 387813 563545 499916 398656 295664 541820 591156 331845 431298 551994 447966 292921 549218 413113 400457 298699 595084 439650 404061 255049 496658 337460 379400 491055 483133
637809 442036 653787 526098 382701 455306 651575 508675 500665 391156 438067 533750 384116 603653 463266 713627 668877 574076 426725 390780 461589 453431 629163 623034 521774 476282 607438 656774 512463 611916 732612 571084 416039 672336 593731 581075 479317 718202 505268 527179 435667 619776 460578 560018 614173 606251
521178 325405 594656 524467 323570 396175 592444 392044 441534 332025 436436 417119 382485 544522 461635 654496 609746 457445 425094 389149 402458 451800 570032 563903 462643 417151 548307 655143 395832 552785 615981 511953 356908 613205 534600 464444 420186 659071 446137 525548 376536 503145 401447 443387 612542 547120
483928 288155 499906 372217 228820 301425 497694 354794 346784 237275 284186 379869 230235 449772 309385 559746 514996 420195 272844 236899 307708 299550 475282 469153 367893 322401 453557 502893 358582 458035 578731 417203 262158 518455 439850 427194 325436 564321 351387 373298 281786 465895 306697 406137 460292 452370
549411 353638 680389 495200 351803 424408 563177 477777 412267 417758 464669 502852 410718 515255 432368 682729 637979 485678 395827 417382 373191 480033 655765 649636 548376 387884 576540 625876 481565 523518 701714 597686 442641 641438 562833 492677 448419 687304 531870 496281 347269 531378 487180 529120 583275 517853
640125 444352 713603 585914 442517 400122 653891 453491 445481 393472 497883 536066 443932 605969 465582 658443 671193 576392 429041 393096 406405 513247 688979 625350 524090 478598 609754 716590 514779 614232 677428 630900 418355 674652 538547 525891 424133 720518 565084 529495 437983 622092 462894 562334 616489 551067
554831 301558 570809 500620 299723 314828 511097 425697 417687 365678 412589 393272 358638 520675 380288 630649 585899 491098 401247 365302 378611 427953 546185 540056 438796 393304 524460 573796 429485 528938 649634 545606 333061 589358 453253 498097 338839 577724 422290 444201 352689 479298 435100 419540 531195 523273
518384 265111 591862 464173 320776 278381 474650 389250 323740 271731 376142 356825 322191 426728 343841 594202 549452 454651 364800 271355 284664 391506 509738 503609 459849 299357 545513 594849 335538 434991 555687 509159 354114 552911 416806 404150 359892 541277 443343 465254 316242 500351 341153 440593 494748 486826
619309 423536 692787 507598 421701 379306 575575 432675 482165 372656 477067 515250 365616 527653 502266 695127 650377 498076 408225 429780 385589 492431 610663 604534 560774 457782 588938 695774 436463 535916 714112 610084 455039 711336 575231 562575 403317 642202 486768 508679 359667 601276 499578 484018 653173 530251
678117 482344 694095 623906 423009 438114 691883 491483 540973 488964 535875 574058 424424 643961 561074 753935 766685 614384 467033 431088 444397 493739 726971 663342 562082 459090 647746 697082 552771 652224 715420 668892 456347 770144 634039 621383 462125 701010 603076 567487 418475 660084 500886 542826 711981 589059
660881 465108 734359 549170 405773 478378 674647 531747 466237 471728 461139 556822 407188 569225 486338 736699 691949 539648 507297 413852 427161 534003 652235 646106 544846 441854 688010 737346 478035 634988 755684 594156 439111 752908 559303 604147 444889 741274 528340 607751 458739 642848 541150 525590 637245 629323
551467 355694 567445 439756 296359 368964 565233 422333 414323 304814 351725 447408 297774 517311 376924 627285 582535 487734 340383 304438 375247 367089 542821 536692 435432 389940 521096 570432 426121 525574 646270 484742 329697 585994 507389 494733 392975 631860 418926 440837 349325 533434 374236 473676 527831 519909
521257 325484 537235 409546 266149 338754 535023 392123 384113 274604 321515 417198 267564 487101 346714 597075 552325 457524 310173 274228 345037 336879 512611 506482 405222 359730 490886 540222 395911 495364 616060 454532 299487 555784 477179 464523 362765 601650 388716 410627 319115 503224 344026 443466 497621 489699
660884 465111 676862 549173 463276 478381 617150 474250 466240 471731 518642 499325 407191 626728 486341 679202 691952 597151 507300 413855 427164 476506 652238 703609 602349 499357 688013 679849 535538 634991 755687 651659 496614 695411 559306 546650 444892 683777 528343 607754 458742 642851 541153 583093 637248 571826
497577 301804 628555 500866 299969 372574 568843 425943 417933 365924 355335 393518 301384 463421 380534 573395 586145 491344 401493 308048 321357 370699 546431 540302 439042 393550 582206 631542 372231 529184 649880 488352 333307 647104 510999 498343 396585 577970 480036 501947 295435 537044 435346 419786 531441 523519
526522 388249 657500 472311 328914 401519 597788 397388 446878 394869 384280 422463 387829 549866 409479 602340 672590 520289 430438 336993 350302 399644 575376 626747 525487 422495 553651 602987 401176 558129 678825 574797 419752 618549 482444 469788 368030 606915 451481 530892 381880 565989 406791 506231 617886 494964
497887 244614 513865 443676 242779 257884 454153 368753 360743 308734 355645 393828 301694 463731 323344 516205 586455 434154 344303 308358 264167 371009 489241 483112 381852 278860 467516 574352 372541 471994 535190 431162 333617 589914 453809 383653 339395 520780 365346 387257 238245 422354 378156 362596 531751 408829
548495 295222 621973 494284 293387 308492 562261 419361 411351 359342 406253 444436 352302 514339 373952 624313 637063 427262 394911 358966 314775 421617 597349 533720 432460 329468 575624 624960 365649 465102 585798 481770 326725 583022 446917 434261 332503 628888 473454 437865 288853 530462 371264 413204 524859 516937
559971 421698 633449 505760 419863 434968 573737 488337 480327 370818 475229 455912 421278 525815 500428 693289 706039 496238 463887 370442 383751 490593 608825 660196 501436 455944 587100 693936 492125 534078 712274 550746 453201 651998 573393 503237 401479 697864 484930 506841 357829 599438 440240 482180 651335 585913
443782 305509 517260 389571 303674 318779 457548 314648 306638 312129 359040 339723 305089 467126 326739 577100 532350 380049 347698 254253 325062 374404 492636 486507 442747 339755 528411 520247 318436 475389 538585 492057 337012 535809 457204 444548 285290 524175 368741 448152 241640 483249 324051 423491 535146 412224
523242 327469 596720 411531 325634 340739 479508 336608 328598 276589 381000 419183 269549 489086 348699 541560 554310 459509 312158 276213 347022 396364 514596 565967 464707 304215 550371 599707 397896 497349 618045 456517 301472 615269 421664 409008 307250 603635 390701 412612 321100 447709 346011 387951 557106 491684
545982 350209 619460 491771 405874 420979 559748 416848 408838 414329 403740 441923 407289 569326 486439 621800 634550 539749 392398 413953 427262 476604 594836 588707 487447 384455 630611 679947 478136 520089 698285 536757 381712 695509 501904 546748 387490 683875 470941 492852 401340 585449 483751 525691 637346 571924
548908 353135 622386 494697 351300 366405 505174 419774 411764 302255 349166 444849 295215 457252 374365 624726 637476 485175 337824 301879 315188 422030 540262 534133 490373 329881 518537 625373 366062 465515 586211 539683 384638 640935 504830 492174 332916 629301 416367 438278 346766 530875 371677 413617 525272 459850
679260 483487 695238 567549 481652 439257 693026 492626 542116 432607 537018 575201 425567 645104 562217 697578 767828 615527 525676 432231 503040 494882 728114 664485 620725 517733 706389 698225 496414 595867 716563 612535 514990 713787 577682 622526 463268 759653 604219 626130 419618 603727 502029 543969 713124 590202
439887 301614 513365 385676 242279 314884 511153 368253 302743 308234 355145 393328 243694 405731 322844 573205 528455 376154 343803 307858 321167 370509 488741 540112 438852 335860 467016 516352 314541 471494 592190 430662 275617 531914 453309 383153 281395 577780 364846 444257 295245 421854 320156 419596 531251 408329
533189 394916 664167 536478 335581 408186 604455 404055 453545 344036 448447 429130 336996 556533 416146 609007 621757 469456 437105 343660 414469 406311 582043 633414 474654 371662 560318 609654 465343 564796 627992 523964 426419 625216 489111 533955 432197 671082 515648 537559 331047 572656 413458 512898 624553 559131
506435 310662 522413 394724 251327 323932 520201 377301 369291 259782 306693 402376 252742 472279 331892 582253 537503 442702 295351 259406 330215 322057 497789 491660 390400 344908 476064 525400 381089 480542 601238 439710 284665 540962 462357 449701 347943 586828 373894 395805 304293 488402 329204 428644 482799 474877
472012 276239 602990 475301 331904 347009 543278 400378 334868 340359 329770 367953 275819 437856 412469 547830 560580 465779 318428 339983 353292 402634 520866 514737 470977 367985 499141 605977 346666 503619 566815 520287 365242 621539 485434 415278 313520 552405 396971 418882 327370 453979 352281 451721 563376 440454
535428 339655 551406 423717 280320 352925 549194 406294 398284 288775 335686 431369 281735 501272 360885 611246 566496 471695 324344 288399 359208 351050 526782 520653 419393 373901 505057 554393 410082 509535 630231 468703 313658 569955 491350 478694 376936 615821 402887 424798 333286 517395 358197 457637 511792 503870
542618 289345 616096 430907 287510 302615 498884 355984 405474 295965 400376 438559 346425 508462 425575 560936 631186 478885 331534 295589 366398 358240 533972 527843 484083 323591 512247 619083 359772 459225 637421 533393 378348 577145 441040 485884 326626 623011 467577 431988 340476 467085 365387 464827 576482 511060
569682 316409 585660 457971 314574 387179 583448 440548 375038 380529 369940 465623 315989 478026 452639 588000 600750 505949 416098 322653 393462 442804 618536 612407 453647 408155 539311 588647 444336 543789 664485 502957 347912 661709 468104 512948 411190 650075 437141 459052 310040 551649 392451 434391 546046 538124
524887 271614 598365 470676 269779 342384 538653 395753 330243 335734 325145 363328 271194 490731 407844 543205 613455 403654 371303 335358 291167 340509 573741 567612 408852 363360 494516 543852 399541 498994 619690 458162 360617 559414 423309 410653 366395 605280 392346 414257 265245 449354 405156 389596 501251 493329
616691 363418 690169 504980 419083 434188 630457 430057 479547 370038 474449 455132 420498 525035 499648 692509 705259 552958 463107 427162 382971 432313 608045 601916 500656 455164 643820 635656 491345 533298 711494 549966 452421 651218 515113 559957 458199 697084 484150 563561 357049 541158 439460 481400 593055 527633
530266 276993 603744 476055 275158 347763 544032 343632 393122 341113 388024 426207 276573 496110 355723 606084 561334 409033 376682 283237 296546 345888 521620 572991 414231 311239 499895 549231 404920 446873 567569 521041 308496 622293 428688 473532 371774 553159 455225 419636 270624 512233 410535 452475 506630 498708
557186 361413 688164 502975 359578 374683 570952 485552 477542 368033 472444 510627 360993 580530 497643 633004 703254 550953 403602 367657 380966 487808 663540 657411 498651 453159 584315 691151 431840 531293 709489 547961 450416 706713 570608 500452 398694 637579 482145 561556 412544 539153 494955 536895 591050 583128
563696 310423 579674 509485 308588 323693 519962 434562 426552 374543 421454 459637 367503 529540 389153 582014 652264 499963 410112 374167 329976 436818 555050 548921 447661 344669 533325 640161 438350 537803 600999 496971 399426 655723 519618 449462 405204 586589 431155 453066 304054 488163 443965 428405 597560 474638
557664 419391 631142 560953 360056 432661 571430 486030 420520 426011 415422 511105 418971 523508 440621 633482 703732 493931 461580 425635 381444 488286 664018 657889 556629 453637 584793 634129 489818 531771 652467 548439 393394 649691 513586 558430 456672 638057 482623 562034 413022 597131 437933 537373 649028 526106
662514 466741 735992 608303 464906 480011 618780 533380 467870 473361 462772 558455 466321 570858 487971 738332 693582 541281 508930 472985 428794 478136 711368 705239 603979 500987 632143 681479 479668 636621 757317 595789 440744 754541 560936 548280 446522 742907 587473 551884 402872 586981 542783 527223 638878 573456
494059 298286 510037 382348 296451 254056 450325 307425 299415 304906 351817 390000 240366 459903 319516 569877 525127 430326 340475 247030 317839 309681 485413 479284 435524 332532 521188 570524 368713 468166 588862 427334 272289 586086 392481 379825 335567 516952 419018 383429 234417 418526 374328 416268 470423 405001
548797 353024 622275 494586 293689 366294 505063 362163 411653 302144 349055 444738 352604 457141 374254 567115 637365 485064 395213 301768 372577 421919 540151 534022 432762 329770 518426 567762 423451 522904 643600 482072 327027 583324 447219 492063 390305 629190 416256 438167 346655 473264 429066 413506 582661 517239
610533 414760 626511 498822 355425 428030 624299 481399 473389 363880 410791 506474 356840 576377 435990 686351 641601 546800 399449 363504 434313 426155 601887 595758 494498 449006 580162 629498 485187 584640 705336 543808 388763 645060 566455 553799 452041 690926 477992 499903 408391 592500 433302 532742 586897 578975
499370 303597 572848 387659 244262 316867 455636 312736 362226 310217 299628 395311 303177 407714 382327 575188 530438 378137 288286 309841 265650 372492 490724 542095 383335 280343 526499 518335 316524 415977 594173 432645 335100 591397 455292 442636 340878 522263 424329 446240 239728 423837 322139 364079 475734 467812
644228 448455 660206 532517 389120 461725 657994 515094 507084 397575 444486 540169 390535 610072 469685 720046 675296 580495 433144 397199 468008 459850 635582 629453 528193 482701 613857 663193 518882 618335 739031 577503 422458 678755 600150 587494 485736 724621 511687 533598 442086 626195 466997 566437 620592 612670
429962 291689 503440 433251 232354 247459 501228 300828 292818 298309 345220 325903 291269 453306 370419 563280 576030 423729 276378 297933 253742 303084 478816 472687 428927 268435 514591 506427 362116 404069 524765 478237 323192 521989 385884 430728 271470 567855 354921 376832 285320 469429 310231 409671 521326 398404
480901 285128 496879 369190 225793 298398 494667 351767 343757 234248 281159 376842 227208 446745 306358 556719 511969 417168 269817 233872 304681 296523 472255 466126 364866 319374 450530 499866 355555 455008 575704 414176 259131 515428 436823 424167 322409 561294 348360 370271 278759 462868 303670 403110 457265 449343
578481 440208 709459 581770 380873 395978 649747 449347 441337 389328 493739 531922 439788 544325 518938 711799 667049 572248 482397 388952 402261 509103 684835 621206 577446 416954 605610 712446 510635 610088 730784 569256 414211 670508 534403 579247 419989 658874 560940 525351 376339 560448 516250 558190 669845 546923
579463 326190 595441 467752 324355 339460 593229 450329 384819 332810 379721 417904 383270 545307 404920 597781 668031 458230 425879 332434 403243 452585 570817 622188 520928 417936 606592 598428 454117 496070 674266 570238 357693 671490 535385 465229 420971 602356 504422 526333 377321 503930 459732 444172 555827 490405
673879 478106 689857 562168 418771 491376 687645 544745 536735 427226 474137 569820 420186 639723 499336 749697 704947 610146 462795 426850 497659 489501 665233 659104 557844 512352 643508 692844 548533 647986 768682 607154 452109 708406 629801 617145 515387 754272 541338 563249 471737 655846 496648 596088 650243 642321
538053 342280 554031 483842 340445 355550 551819 408919 343409 348900 395811 433994 284360 503897 363510 556371 569121 416820 326969 291024 361833 411175 586907 580778 479518 376526 565182 614518 355207 454660 575356 471328 316283 572580 493975 423819 322061 560946 405512 484923 278411 520020 418322 402762 514417 448995
543488 347715 616966 431777 345880 360985 557254 356854 348844 296835 343746 381929 289795 509332 368945 561806 632056 422255 389904 353959 367268 359110 534842 586213 427453 324461 570617 619953 418142 517595 580791 476763 379218 578015 441910 486754 327496 566381 410947 490358 341346 525455 423757 408197 519852 511930
549542 353769 623020 495331 409434 424539 563308 477908 469898 417889 407300 502983 410849 572886 489999 682860 638110 543309 453458 417513 373322 422664 598396 592267 491007 388015 634171 626007 481696 581149 644345 540317 442772 641569 505464 492808 391050 687435 532001 496412 404900 589009 429811 529251 583406 575484
622117 426344 695595 510406 424509 382114 578383 435483 484973 375464 479875 518058 368424 530461 505074 697935 653185 500884 411033 432588 388397 495239 613471 607342 563582 460590 591746 698582 439271 538724 716920 612892 457847 714144 578039 565383 406125 645010 489576 511487 362475 604084 502386 486826 655981 533059
559971 364198 575949 505760 362363 377468 573737 373337 422827 313318 417729 455912 363778 468315 385428 635789 591039 438738 348887 312942 383751 375593 551325 602696 443936 340944 587100 578936 377125 534078 654774 550746 338201 651998 458393 503237 343979 640364 427430 506841 300329 541938 440240 424680 536335 470913
506336 310563 637314 509625 366228 323833 577602 434702 426692 317183 364094 459777 310143 472180 446793 582154 594904 500103 410252 374307 387616 379458 612690 549061 505301 344809 533465 640301 438490 480443 601139 497111 342066 655863 519758 507102 347844 644229 431295 453206 361694 488303 444105 428545 540200 532278
445094 249321 518572 390883 247486 320091 516360 315960 365450 255941 302852 398535 248901 468438 385551 520912 591162 381361 349010 313065 268874 375716 551448 487819 444059 341067 529723 521559 377248 419201 597397 493369 280824 537121 458516 445860 286602 525487 370053 449464 300452 427061 382863 367303 478958 471036
577629 381856 593607 465918 322521 337626 533895 448495 440485 388476 377887 473570 381436 485973 403086 653447 608697 456396 366545 388100 401409 393251 626483 562854 519094 358602 604758 596594 394783 494236 614932 510904 413359 669656 533551 463395 361637 658022 502588 524499 317987 559596 457898 442338 611493 546071
470707 274934 544185 473996 273099 288204 541973 341573 391063 281554 328465 366648 332014 436551 411164 546525 616775 406974 317123 338678 294487 401329 519561 570932 412172 309180 555336 604672 402861 502314 565510 518982 306437 562734 484129 471473 369715 551100 453166 475077 268565 510174 350976 450416 562071 496649
473630 335357 604608 419419 276022 291127 487396 401996 336486 284477 388888 427071 334937 439474 356587 606948 562198 409897 320046 341601 297410 404252 579984 516355 415095 312103 558259 550095 348284 447737 625933 521905 366860 623157 487052 474396 372638 554023 398589 420500 328988 513097 411399 453339 564994 442072
643687 447914 659665 531976 388579 461184 657453 514553 506543 397034 443945 539628 389994 609531 469144 719505 674755 579954 432603 396658 467467 459309 635041 628912 527652 482160 613316 662652 518341 617794 738490 576962 421917 678214 599609 586953 485195 724080 511146 533057 441545 625654 466456 565896 620051 612129
586984 391211 717962 532773 446876 461981 658250 457850 507340 397831 502242 540425 390791 552828 469941 662802 733052 580751 433400 397455 468264 517606 693338 629709 528449 482957 671613 663449 519138 561091 681787 635259 422714 736511 600406 530250 428492 724877 569443 591354 384842 568951 467253 509193 678348 612926
497553 301780 628531 500842 357445 372550 568819 425919 417909 308400 355311 450994 358860 463397 380510 573371 643621 433820 401469 365524 321333 370675 546407 540278 496518 393526 524682 574018 429707 471660 592356 545828 390783 589580 510975 440819 396561 635446 480012 444423 352911 537020 377822 419762 531417 465995
653416 457643 669394 541705 398308 470913 667182 524282 516272 406763 453674 549357 399723 619260 478873 729234 684484 589683 442332 406387 477196 469038 644770 638641 537381 491889 623045 672381 528070 627523 748219 586691 431646 687943 609338 596682 494924 733809 520875 542786 451274 635383 476185 575625 629780 621858
583186 329913 599164 471475 385578 343183 596952 454052 446042 336533 440944 479127 386993 491530 408643 601504 614254 519453 429602 336157 349466 398808 632040 568411 524651 421659 610315 659651 457840 499793 620489 573961 361416 675213 481608 526452 367194 663579 508145 530056 323544 507653 405955 447895 559550 551628
560403 422130 633881 506192 420295 435400 631669 488769 480759 371250 475661 456344 364210 583747 500860 693721 706471 496670 406819 370874 384183 491025 609257 603128 559368 456376 645032 636868 492557 592010 655206 551178 453633 652430 573825 561169 401911 640796 542862 507273 358261 599870 440672 482612 594267 586345
600575 404802 731553 546364 460467 418072 671841 471441 520931 468922 458333 496516 404382 623919 483532 733893 746643 594342 446991 411046 481855 531197 649429 700800 542040 439048 685204 677040 475229 574682 695378 648850 436305 692602 613997 543841 499583 680968 525534 604945 455933 640042 538344 580284 691939 626517
628402 375129 644380 516691 430794 445899 642168 499268 491258 439249 428660 466843 432209 594246 511359 646720 716970 564669 417318 381373 452182 444024 619756 613627 569867 466875 598031 647367 445556 545009 723205 619177 464132 662929 526824 514168 469910 651295 553361 575272 368760 610369 451171 550611 604766 539344
573350 377577 589328 461639 318242 390847 587116 444216 436206 326697 373608 469291 319657 539194 398807 649168 604418 509617 362266 326321 397130 388972 564704 558575 457315 411823 542979 592315 448004 547457 668153 506625 351580 607877 529272 516616 414858 653743 440809 462720 371208 555317 396119 495559 549714 541792
544789 349016 675767 548078 404681 362286 616055 415655 407645 355636 402547 498230 406096 568133 427746 620607 690857 538556 448705 412760 426069 475411 593643 645014 486254 383262 629418 621254 419443 576396 639592 593064 438019 694316 500711 545555 386297 682682 469748 491659 400147 584256 425058 466998 578653 513231
462472 324199 535950 465761 264864 337469 476238 390838 382828 273319 377730 358413 323779 428316 345429 538290 551040 398739 366388 330443 343752 393094 511326 505197 403937 300945 547101 596437 394626 436579 557275 453247 355702 554499 475894 463238 303980 600365 387431 466842 317830 444439 342741 442181 553836 488414
447882 252109 578860 451171 307774 265379 519148 318748 310738 258729 305640 401323 309189 471226 330839 523700 593950 441649 351798 315853 329162 378504 496736 548107 389347 286355 532511 524347 322536 479489 542685 496157 341112 597409 403804 448648 289390 585775 372841 394752 303240 487349 328151 370091 481746 416324
471442 333169 544920 474731 273834 288939 542708 342308 334298 339789 386700 367383 332749 494786 411899 604760 617510 465209 317858 339413 295222 344564 520296 514167 470407 309915 556071 547907 403596 445549 566245 519717 364672 563469 427364 472208 312950 609335 396401 418312 326800 510909 351711 451151 562806 439884
584915 389142 600893 473204 329807 402412 598681 455781 447771 338262 385173 480856 331222 550759 410372 660733 615983 521182 373831 337886 408695 400537 576269 570140 468880 423388 554544 603880 459569 559022 679718 518190 363145 619442 540837 528181 426423 665308 452374 474285 382773 566882 407684 507124 561279 553357
531096 335323 547074 419385 275988 348593 544862 401962 393952 284443 331354 427037 277403 496940 356553 606914 562164 467363 320012 284067 354876 346718 522450 516321 415061 369569 500725 550061 405750 505203 625899 464371 309326 565623 487018 474362 372604 611489 398555 420466 328954 513063 353865 453305 507460 499538
560574 422301 691552 506363 362966 378071 574340 431440 480930 371421 475832 514015 421881 583918 443531 693892 649142 554341 406990 428545 384354 491196 666928 660799 502039 399047 645203 694539 435228 592181 712877 551349 396304 652601 516496 503840 459582 640967 543033 507444 415932 600041 498343 482783 651938 529016
663142 467369 679120 608931 408034 480639 619408 476508 468498 416489 463400 501583 466949 571486 546099 738960 694210 541909 452058 473613 429422 536264 654496 705867 547107 444115 690271 739607 480296 579749 757945 653917 498872 755169 619064 548908 447150 686035 588101 552512 461000 587609 543411 585351 697006 631584
563355 367582 694333 566644 365747 438352 634621 491721 483711 374202 421113 459296 424662 586699 503812 639173 651923 557122 409771 373826 387135 493977 669709 663580 504820 401828 647984 697320 438009 594962 658158 611630 456585 655382 519277 506621 462363 643748 545814 567725 361213 545322 443624 485564 654719 589297
489266 293493 562744 492555 291658 306763 503032 360132 409622 357613 347024 385207 350573 455110 429723 622584 635334 483033 393182 299737 370546 362388 538120 589491 430731 327739 573895 565731 421420 520873 641569 537541 382496 581293 502688 432532 388274 569659 414225 493636 344624 471233 427035 411475 580630 457708
679137 425864 752615 567426 481529 496634 692903 550003 484493 432484 479395 575078 482944 587481 562094 697455 767705 557904 525553 489608 502917 494759 670491 721862 563102 460110 706266 698102 496291 653244 773940 669912 457367 713664 577559 564903 463145 759530 604096 626007 419495 603604 559406 543846 713001 590079
534455 338682 550433 422744 279347 351952 548221 405321 397311 287802 334713 430396 280762 500299 359912 610273 565523 470722 323371 287426 358235 350077 525809 519680 418420 372928 504084 553420 409109 508562 629258 467730 312685 568982 490377 477721 375963 614848 401914 423825 332313 516422 357224 456664 510819 502897
587342 391569 603320 475631 332234 404839 601108 458208 450198 340689 387600 483283 333649 553186 412799 663160 618410 523609 376258 340313 411122 402964 578696 572567 471307 425815 556971 606307 461996 561449 682145 520617 365572 621869 543264 530608 428850 667735 454801 476712 385200 569309 410111 509551 563706 555784
487307 291534 503285 375596 232199 304804 501073 358173 350163 240654 287565 383248 233614 453151 312764 563125 518375 423574 276223 240278 311087 302929 478661 472532 371272 325780 456936 506272 361961 461414 582110 420582 265537 521834 443229 430573 328815 567700 354766 376677 285165 469274 310076 409516 463671 455749
557664 304391 631142 445953 302556 317661 513930 371030 420520 311011 415422 453605 361471 523508 440621 575982 646232 493931 346580 310635 381444 373286 549018 542889 499129 338637 527293 634129 374818 474271 652467 548439 393394 592191 456086 500930 341672 638057 482623 447034 355522 482131 380433 479873 591528 526106
556337 360564 629815 444626 358729 316334 570103 369703 361693 367184 414095 452278 302644 522181 439294 574655 587405 435104 345253 309308 322617 371959 605191 541562 497802 394810 525966 575302 430991 472944 593640 489612 392067 590864 512259 499603 397845 579230 423796 445707 354195 538304 436606 478546 532701 524779
437486 299213 568464 383275 239878 254983 508752 308352 357842 248333 295244 390927 298793 460830 377943 513304 583554 373753 283902 247957 261266 368108 543840 480211 378951 275959 464615 513951 312140 469093 589789 428261 273216 587013 393408 438252 336494 575379 419945 384356 292844 476953 375255 417195 528850 405928
519154 380881 592632 464943 379046 394151 590420 390020 382010 387501 434412 415095 322961 542498 402111 594972 607722 512921 365570 329625 400434 449776 625508 619379 518119 357627 546283 595619 451308 550761 613957 567429 354884 668681 475076 519920 418162 599547 501613 466024 374512 558621 399423 441363 553018 545096
579029 383256 652507 467318 323921 396526 535295 392395 384385 332376 436787 417470 382836 544873 404486 654847 610097 515296 367945 332000 345309 394651 627883 621754 462994 417502 606158 597994 396183 553136 616332 512304 414759 613556 534951 522295 420537 659422 503988 468399 376887 560996 401798 443738 612893 489971
450020 254247 580998 453309 252412 267517 521286 320886 370376 318367 365278 345961 311327 473364 390477 583338 596088 386287 296436 317991 331300 380642 556374 492745 391485 345993 477149 583985 324674 481627 602323 440795 343250 599547 405942 393286 291528 530413 374979 454390 247878 431987 330289 372229 483884 475962
488044 292271 561522 433833 290436 305541 501810 358910 350900 241391 288302 326485 291851 396388 313501 506362 519112 366811 276960 298515 254324 303666 479398 473269 429509 326517 515173 507009 362698 462151 525347 478819 323774 580071 443966 373810 272052 510937 413003 377414 285902 412511 310813 352753 521908 398986
509756 313983 525734 398045 254648 327253 523522 380622 372612 263103 310014 405697 256063 475600 335213 585574 540824 446023 298672 262727 333536 325378 501110 494981 393721 348229 479385 528721 384410 483863 604559 443031 287986 544283 465678 453022 351264 590149 377215 399126 307614 491723 332525 431965 486120 478198
551656 355883 567634 439945 296548 369153 565422 422522 414512 305003 351914 447597 297963 517500 377113 627474 582724 487923 340572 304627 375436 367278 543010 536881 435621 390129 521285 570621 426310 525763 646459 484931 329886 586183 507578 494922 393164 632049 419115 441026 349514 533623 374425 473865 528020 520098
578118 382345 709096 523907 438010 395615 591884 448984 440974 446465 493376 531559 381925 543962 461075 653936 666686 514385 482034 446089 401898 451240 626972 678343 577083 474091 662747 712083 452772 609725 730421 626393 471348 727645 591540 521384 419626 716011 560577 524988 375976 617585 515887 500327 669482 546560
497870 244597 513848 443659 300262 257867 454136 311236 303226 251217 355628 336311 244177 463714 380827 516188 528938 434137 344286 250841 264150 313492 546724 540595 381835 278843 524999 516835 372524 471977 535173 488645 333600 532397 453792 441136 281878 520763 422829 444740 295728 479837 320639 420079 531734 408812
638104 384831 654082 526393 382996 398101 651870 508970 443460 391451 438362 476545 441911 603948 463561 656422 726672 516871 484520 391075 461884 511226 629458 680829 579569 476577 665233 657069 512758 554711 732907 628879 416334 730131 594026 523870 479612 660997 563063 584974 435962 562571 518373 502813 614468 549046
547526 351753 621004 550815 349918 422523 561292 475892 467882 415873 405284 500967 351333 570870 430483 623344 636094 483793 393942 357997 428806 420648 596380 647751 546491 443499 574655 681491 422180 579133 642329 595801 440756 697053 560948 548292 446534 627919 472485 551896 345384 529493 485295 527235 581390 573468
655350 402077 728828 601139 400242 472847 669116 468716 518206 466197 513108 551291 401657 621194 480807 731168 686418 534117 501766 408321 421630 470972 646704 698075 539315 436323 624979 674315 530004 571957 692653 646125 433580 747377 553772 598616 496858 678243 580309 544720 395708 637317 535619 577559 631714 623792
658893 463120 674871 547182 403785 476390 672659 529759 521749 412240 459151 554834 405200 624737 484350 734711 689961 595160 447809 411864 482673 474515 650247 644118 542858 497366 628522 677858 533547 633000 753696 592168 437123 693420 614815 602159 500401 739286 526352 548263 456751 640860 481662 581102 635257 627335
444267 248494 575245 447556 304159 319264 458033 315133 364623 255114 359525 340208 248074 410111 327224 520085 532835 438034 348183 312238 325547 374889 493121 486992 443232 340240 528896 520732 376421 475874 596570 435042 279997 593794 400189 445033 285775 524660 369226 448637 299625 426234 324536 423976 478131 470209
555109 416836 686087 500898 415001 430106 568875 483475 475465 423456 412867 451050 358916 578453 438066 630927 701177 548876 401525 365580 436389 485731 661463 597834 496574 451082 582238 631574 429763 529216 649912 603384 448339 704636 568531 498375 396617 635502 480068 501979 410467 594576 435378 534818 646473 581051
583104 387331 599082 471393 385496 400601 596870 453970 388460 336451 383362 479045 386911 491448 466061 601422 614172 519371 429520 336075 349384 398726 574458 568329 524569 364077 552733 659569 457758 499711 677907 516379 418834 675131 539026 468870 367112 663497 450563 529974 323462 565071 405873 505313 616968 494046
427414 231641 500892 373203 287306 302411 441180 298280 290270 238261 342672 323355 231221 450758 367871 560732 573482 363681 273830 237885 251194 300536 533768 527639 426379 323387 454543 561379 359568 459021 522217 418189 320644 576941 383336 428180 326422 565307 409873 374284 282772 409381 365183 407123 461278 395856
507766 254493 581244 453555 252658 325263 464032 321132 370622 318613 308024 346207 311573 416110 333223 583584 596334 444033 296682 260737 274046 380888 499120 492991 449231 346239 534895 526731 324920 481873 545069 498541 285996 599793 406188 451032 291774 588159 432725 397136 248124 489733 330535 429975 484130 476208
462153 266380 535631 407942 264545 337150 533419 333019 382509 273000 377411 358094 265960 485497 402610 537971 608221 398420 308569 330124 285933 335275 511007 504878 461118 358126 489282 538618 336807 493760 614456 510428 355383 611680 418075 462919 303661 600046 387112 466523 317511 501620 399922 441862 496017 488095
475550 337277 549028 421339 277942 350547 489316 346416 395906 343897 390808 371491 336857 498894 416007 551368 621618 411817 321966 343521 299330 406172 524404 518275 417015 371523 502679 552015 407704 507157 627853 523825 368780 625077 488972 476316 374558 613443 400509 479920 273408 457517 355819 397759 509414 443992
474754 336481 605732 478043 334646 349751 546020 345620 395110 343101 332512 370695 278561 440598 357711 550572 563322 411021 321170 285225 356034 405376 523608 517479 473719 370727 559383 608719 406908 448861 627057 465529 367984 566781 430676 475520 373762 555147 457213 479124 272612 456721 412523 396963 508618 500696
537316 341543 668294 540605 397208 412313 551082 408182 400172 348163 395074 490757 341123 503160 420273 670634 625884 473583 441232 347787 418596 467938 586170 637541 478781 433289 564445 671281 469470 568923 689619 585591 373046 686843 550738 480582 436324 617709 462275 541686 392674 576783 475085 459525 571180 505758
581097 385324 597075 469386 383489 341094 594863 451963 443953 391944 438855 419538 327404 489441 464054 599415 669665 517364 370013 334068 404877 454219 629951 566322 465062 362070 550726 600062 398251 497704 675900 514372 359327 615624 537019 524363 422605 661490 506056 527967 378955 505564 403866 445806 557461 549539
619369 423596 635347 507658 364261 436866 633135 490235 482225 372716 419627 515310 365676 585213 444826 695187 650437 555636 408285 372340 443149 434991 610723 604594 503334 457842 588998 638334 494023 593476 714172 552644 397599 653896 575291 562635 460877 699762 486828 508739 417227 601336 442138 541578 595733 587811
649286 453513 665264 537575 394178 466783 663052 520152 512142 402633 449544 545227 395593 615130 474743 725104 680354 585553 438202 402257 473066 464908 640640 634511 533251 487759 618915 668251 523940 623393 744089 582561 427516 683813 605208 592552 490794 729679 516745 538656 447144 631253 472055 571495 625650 617728
480807 342534 554285 484096 340699 298304 552073 409173 401163 349154 338565 376748 284614 446651 363764 614125 626875 417074 384723 348778 304587 353929 587161 523532 479772 319280 507936 614772 412961 454914 575610 529082 316537 572834 494229 424073 379815 561200 463266 485177 336165 462774 361076 460516 514671 506749
552039 298766 625517 440328 354431 369536 565805 365405 357395 305386 352297 447980 298346 517883 434996 627857 640607 488306 340955 362510 375819 367661 543393 594764 493504 390512 521668 628504 369193 468646 589342 485314 330269 644066 450461 495305 393547 632432 419498 441409 349897 476506 374808 416748 528403 520481
544648 348875 560626 432937 289540 362145 558414 415514 407504 297995 344906 440589 290955 510492 370105 620466 575716 480915 333564 297619 368428 360270 536002 529873 428613 383121 514277 563613 419302 518755 639451 477923 322878 579175 500570 487914 386156 625041 412107 434018 342506 526615 367417 466857 521012 513090
455423 317150 528901 458712 315315 272920 469189 383789 375779 323770 313181 408864 259230 478767 338380 588741 543991 391690 359339 323394 336703 328545 504277 555648 396888 293896 482552 589388 330077 487030 550226 503698 348653 547450 468845 456189 296931 535816 380382 459793 253281 437390 393192 377632 546787 481365
658189 404916 674167 546478 460581 418186 614455 471555 463545 411536 515947 496630 404496 566533 483646 734007 746757 594456 504605 411160 481969 531311 707043 700914 599654 496662 627818 677154 532843 632296 695492 591464 493919 692716 614111 601455 442197 738582 525648 605059 398547 582656 480958 580398 692053 626631
527104 331331 543082 415393 271996 344601 540870 397970 389960 280451 327362 423045 273411 492948 352561 602922 558172 463371 316020 280075 350884 342726 518458 512329 411069 365577 496733 546069 401758 501211 621907 460379 305334 561631 483026 470370 368612 607497 394563 416474 324962 509071 349873 449313 503468 495546
506095 252822 522073 394384 250987 266092 462361 376961 311451 316942 306353 344536 309902 414439 389052 524413 537163 384862 352511 316566 329875 379217 554949 548820 390060 344568 475724 582560 380749 480202 543398 496870 341825 598122 404517 449361 347603 528988 373554 452965 246453 430562 328864 370804 539959 474537
634491 381218 650469 522780 379383 394488 648257 505357 497347 387838 434749 472932 438298 542835 517448 710309 665559 513258 480907 444962 400771 507613 625845 677216 518456 472964 661620 710956 509145 551098 671794 625266 470221 726518 590413 577757 418499 657384 501950 523861 432349 616458 457260 499200 610855 602933
584116 388343 600094 472405 329008 401613 597882 454982 446972 337463 384374 480057 330423 549960 409573 659934 615184 520383 373032 337087 407896 399738 575470 569341 468081 422589 553745 603081 458770 558223 678919 517391 362346 618643 540038 527382 425624 664509 451575 473486 381974 566083 406885 506325 560480 552558
501683 248410 517661 389972 246575 261680 515449 372549 364539 255030 301941 340124 305490 410027 384640 577501 532751 380450 348099 312154 267963 374805 493037 544408 385648 340156 528812 578148 376337 418290 538986 492458 337413 593710 457605 444949 285691 524576 369142 391053 299541 483650 324452 366392 478047 470125
604867 409094 620845 493156 349759 422364 618633 475733 467723 358214 405125 500808 351174 570711 430324 680685 635935 541134 393783 357838 428647 420489 596221 590092 488832 443340 574496 623832 479521 578974 699670 538142 383097 639394 560789 548133 446375 685260 472326 494237 402725 586834 427636 527076 581231 573309
481302 228029 554780 427091 226194 241299 437568 352168 344158 292149 281560 319743 285109 389646 364259 557120 512370 360069 270218 234273 247582 296924 472656 524027 422767 319775 508431 557767 298456 397909 518605 472077 259532 573329 379724 424568 322810 504195 406261 428172 221660 463269 361571 403511 457666 392244
632506 436733 648484 578295 434898 450003 588772 445872 495362 443353 490264 470947 436313 540850 457963 708324 663574 511273 421422 385477 398786 505628 623860 675231 516471 470979 602135 651471 449660 606613 727309 623281 410736 724533 530928 575772 416514 655399 557465 579376 430364 556973 455275 497215 666370 600948
612096 473823 685574 615385 471988 429593 625862 482962 474952 422943 527354 565537 473403 577940 552553 745414 700664 605863 516012 480067 435876 485218 660950 654821 611061 450569 639225 688561 544250 643703 764399 660371 505326 704123 625518 555362 511104 749989 594555 616466 409954 594063 549865 534305 645960 580538
486247 290474 559725 489536 288639 303744 557513 414613 406603 297094 401505 382188 347554 452091 369204 619565 574815 422514 332663 354218 367527 359369 535101 528972 427712 382220 570876 620212 418401 460354 581050 477022 379477 635774 499669 487013 385255 566640 468706 490617 284105 525714 424016 408456 520111 512189
620746 424973 751724 624035 423138 495743 634512 549112 541102 431593 478504 516687 424553 586590 561203 754064 766814 614513 524662 431217 502026 493868 669600 663471 562211 516719 705375 754711 552900 594853 773049 611521 513976 770273 576668 564012 462254 701139 603205 625116 476104 602713 501015 542955 712110 646688
559411 421138 690389 505200 419303 434408 573177 430277 422267 427758 417169 455352 420718 582755 499868 635229 647979 553178 405827 369882 440691 490033 665765 659636 500876 455384 644040 693376 434065 533518 654214 607686 452641 708938 572833 502677 400919 697304 484370 506281 414769 598878 439680 481620 593275 527853
635410 382137 651388 523699 437802 395407 649176 506276 440766 446257 493168 473851 439217 601254 460867 711228 666478 514177 424326 445881 459190 451032 684264 620635 519375 416383 662539 654375 452564 609517 730213 568685 471140 727437 533832 578676 419418 658303 560369 582280 375768 559877 515679 557619 669274 546352
594068 455795 725046 597357 453960 469065 665334 522434 456924 404915 451826 547509 397875 617412 477025 669886 740136 587835 440484 404539 475348 467190 700422 636793 535533 432541 621197 728033 468722 568175 688871 642343 487298 686095 607490 594834 435576 674461 576527 540938 391926 633535 531837 573777 685432 562510
577163 381390 650641 522952 379555 394660 648429 505529 440019 445510 434921 473104 438470 600507 460120 652981 723231 570930 481079 387634 458443 507785 683517 677388 576128 473136 661792 653628 451817 608770 671966 625438 412893 669190 590585 577929 476171 657556 502122 524033 432521 616630 457432 499372 611027 603105
646394 450621 662372 534683 391286 463891 660160 517260 509250 399741 446652 542335 392701 612238 471851 722212 677462 582661 435310 399365 470174 462016 637748 631619 530359 484867 616023 665359 521048 620501 741197 579669 424624 680921 602316 589660 487902 726787 513853 535764 444252 628361 469163 568603 622758 614836
636908 441135 652886 525197 381800 454405 650674 507774 499764 390255 437166 532849 383215 602752 462365 712726 667976 573175 425824 389879 460688 452530 628262 622133 520873 475381 606537 655873 511562 611015 731711 570183 415138 671435 592830 580174 478416 717301 504367 526278 434766 618875 459677 559117 613272 605350
644237 448464 660215 532526 389129 461734 658003 515103 507093 397584 444495 540178 390544 610081 469694 720055 675305 580504 433153 397208 468017 459859 635591 629462 528202 482710 613866 663202 518891 618344 739040 577512 422467 678764 600159 587503 485745 724630 511696 533607 442095 626204 467006 566446 620601 612679
669859 474086 685837 558148 414751 487356 683625 540725 532715 423206 470117 565800 416166 635703 495316 745677 700927 606126 458775 422830 493639 485481 661213 655084 553824 508332 639488 688824 544513 643966 764662 603134 448089 704386 625781 613125 511367 750252 537318 559229 467717 651826 492628 592068 646223 638301
594076 398303 610054 482365 396468 354073 607842 407442 456932 347423 451834 490017 340383 559920 477033 612394 682644 530343 440492 347047 417856 409698 642930 579301 535541 432549 621205 613041 411230 510683 631379 527351 429806 628603 492498 537342 378084 674469 519035 540946 334434 518543 416845 458785 627940 505018
508536 370263 639514 511825 368428 383533 579802 379402 428892 376883 366294 404477 312343 474380 391493 584354 597104 444803 354952 319007 389816 439158 557390 551261 507501 404509 593165 642501 440690 482643 660839 499311 401766 600563 464458 509302 407544 588929 490995 512906 306394 490503 446305 430745 542400 534478
653921 458148 669899 542210 456313 413918 667687 524787 516777 464768 511679 492362 400228 562265 536878 672239 742489 590188 442837 406892 477701 527043 702775 639146 537886 434894 623550 672886 471075 570528 748724 587196 432151 688448 609843 597187 495429 734314 578880 600791 451779 578388 476690 518630 630285 622363
550101 296828 566079 438390 352493 310098 563867 420967 355457 360948 407859 388542 353908 515945 375558 625919 581169 428868 339017 360572 373881 365723 598955 535326 434066 331074 577230 569066 367255 524208 644904 483376 385831 642128 448523 493367 334109 572994 475060 496971 290459 474568 430370 472310 583965 461043
437434 299161 568412 383223 239826 254931 451200 365800 300290 248281 352692 390875 298741 403278 320391 570752 526002 373701 283850 305405 261214 368056 543788 480159 378899 275907 522063 513899 312088 411541 589737 485709 330664 586961 450856 438200 336442 517827 362393 384304 292792 476901 375203 417143 528798 405876
523791 328018 539769 412080 326183 341288 537557 337157 386647 334638 381549 362232 270098 432135 406748 542109 554859 402558 312707 334262 347571 339413 515145 566516 407756 304764 550920 600256 398445 497898 618594 457066 302021 558318 422213 409557 365299 604184 391250 413161 321649 448258 404060 446000 500155 492233
606653 353380 680131 552442 409045 366650 562919 477519 412009 360000 464411 445094 410460 514997 432110 682471 637721 542920 453069 359624 372933 479775 598007 591878 548118 387626 633782 683118 423807 523260 643956 597428 442383 641180 505075 492419 448161 629546 531612 553523 404511 588620 429422 528862 583017 575095
614428 476155 687906 560217 474320 431925 628194 485294 534784 482775 472186 510369 475735 637772 554885 747746 760496 550695 518344 482399 438208 545050 663282 657153 613393 510401 641557 748393 546582 588535 766731 605203 507658 763955 627850 615194 455936 694821 539387 561298 469786 596395 494697 536637 648292 640370
605883 467610 679361 609172 465775 480880 619649 476749 526239 416730 521141 559324 467190 629227 488840 739201 751951 542150 452299 473854 429663 536505 712237 648608 604848 444356 690512 682348 538037 637490 700686 654158 441613 755410 619305 549149 447391 686276 530842 552753 403741 587850 543652 528092 697247 574325
479888 284115 495866 368177 282280 239885 493654 293254 285244 290735 337646 375829 226195 445732 362845 498206 510956 416155 268804 290359 246168 353010 471242 465113 363853 260861 507017 556353 297042 453995 517191 413163 315618 514415 435810 423154 263896 502781 347347 426758 220246 461855 360157 402097 456252 448330
629655 433882 703133 575444 432047 389652 643421 500521 492511 440502 487413 525596 433462 537999 512612 647973 660723 508422 476071 382626 395935 502777 621009 672380 571120 410628 599284 706120 446809 546262 666958 562930 465385 721682 585577 515421 413663 710048 497114 519025 427513 554122 452424 494364 606019 540597
624989 371716 698467 570778 369881 442486 581255 438355 430345 435836 425247 520930 428796 533333 450446 643307 713557 561256 413905 377960 448769 498111 673843 610214 508954 405962 652118 643954 499643 599096 662292 615764 403219 717016 580911 568255 408997 647882 492448 514359 422847 606956 447758 547198 601353 593431
663017 409744 678995 608806 407909 423014 676783 533883 525873 416364 520775 501458 466824 628861 545974 681335 751585 541784 451933 415988 429297 478639 711871 648242 604482 443990 690146 681982 480171 579624 757820 653792 498747 755044 618939 548783 504525 685910 530476 609887 460875 644984 485786 527726 696881 573959
538210 284937 554188 483999 283102 298207 551976 351576 343566 349057 338468 434151 342017 504054 421167 556528 626778 416977 384626 291181 304490 411332 529564 580935 479675 319183 565339 614675 355364 454817 575513 471485 373940 630237 494132 481476 322218 618603 463169 427580 278568 462677 418479 460419 514574 449152
571638 318365 587616 517427 316530 389135 527904 385004 434494 324985 429396 410079 317945 479982 454595 589956 660206 507905 418054 324609 395418 387260 620492 614363 455603 352611 598767 648103 388792 545745 666441 562413 349868 663665 527560 457404 413146 594531 439097 518508 369496 496105 394407 436347 605502 482580
441973 246200 515451 387762 301865 259470 513239 312839 304829 310320 357231 337914 303280 407817 382430 575291 588041 378240 288389 309944 265753 372595 548327 484698 383438 280446 469102 575938 374127 473580 536776 490248 277703 591500 455395 385239 283481 579866 424432 388843 239831 423940 379742 421682 533337 467915
515396 319623 531374 403685 260288 332893 529162 386262 378252 268743 315654 411337 261703 481240 340853 591214 546464 451663 304312 268367 339176 331018 506750 500621 399361 353869 485025 534361 390050 489503 610199 448671 293626 549923 471318 458662 356904 595789 382855 404766 313254 497363 338165 437605 491760 483838
507206 311433 638184 452995 367098 324703 578472 435572 370062 375553 422464 403147 311013 530550 390163 583024 595774 443473 411122 317677 330986 380328 556060 549931 448671 403179 534335 641171 439360 538813 659509 497981 400436 656733 520628 507972 348714 645099 489665 454076 362564 546673 444975 429415 541070 533148
511005 315232 526983 399294 255897 328502 524771 381871 373861 264352 311263 406946 257312 476849 336462 586823 542073 447272 299921 263976 334785 326627 502359 496230 394970 349478 480634 529970 385659 485112 605808 444280 289235 545532 466927 454271 352513 591398 378464 400375 308863 492972 333774 433214 487369 479447
609666 471393 740644 612955 469558 427163 623432 538032 530022 420513 524924 563107 413473 575510 550123 685484 755734 545933 513582 420137 490946 482788 716020 652391 608631 448139 694295 686131 541820 583773 704469 657941 502896 701693 565588 610432 508674 747559 534625 556536 465024 591633 547435 531875 643530 578108
643006 447233 658984 531295 387898 460503 656772 513872 505862 396353 443264 538947 389313 608850 468463 718824 674074 579273 431922 395977 466786 458628 634360 628231 526971 481479 612635 661971 517660 617113 737809 576281 421236 677533 598928 586272 484514 723399 510465 532376 440864 624973 465775 565215 619370 611448
519529 266256 593007 407818 264421 337026 533295 332895 382385 330376 319787 415470 323336 427873 402486 537847 608097 455796 308445 330000 343309 335151 510883 504754 403494 300502 546658 538494 394183 436136 556832 510304 297759 611556 475451 405295 303537 542422 386988 466399 317387 501496 399798 384238 495893 487971
549140 410867 680118 552429 409032 424137 620406 477506 469496 359987 464398 502581 352947 514984 489597 624958 637708 485407 453056 359611 372920 422262 597994 649365 490605 387613 633769 625605 481294 523247 701443 539915 442370 641167 562562 492406 390648 687033 474099 496010 404498 531107 486909 471349 640504 575082
650702 454929 666680 538991 395594 468199 664468 521568 513558 404049 450960 546643 397009 616546 476159 726520 681770 586969 439618 403673 474482 466324 642056 635927 534667 489175 620331 669667 525356 624809 745505 583977 428932 685229 606624 593968 492210 731095 518161 540072 448560 632669 473471 572911 627066 619144
543785 348012 674763 489574 346177 418782 557551 472151 406641 412132 459043 497226 405092 509629 426742 677103 632353 480052 390201 411756 367565 474407 650139 644010 542750 382258 570914 620250 475939 517892 696088 592060 437015 635812 557207 487051 442793 681678 526244 490655 341643 525752 481554 523494 577649 512227
586472 448199 717450 589761 446364 403969 657738 514838 449328 397319 501730 539913 447779 552316 469429 662290 675040 580239 490388 396943 467752 517094 635326 686697 527937 424945 613601 662937 518626 618079 738775 634747 422202 678499 542394 529738 485480 666865 568931 590842 384330 568439 524241 508681 677836 554914
542414 289141 615892 430703 344806 359911 556180 413280 347770 295761 342672 438355 346221 450758 425371 560732 630982 421181 388830 352885 366194 358036 533768 585139 426379 323387 569543 561379 359568 516521 637217 533189 320644 576941 440836 428180 326422 622807 467373 489284 282772 466881 422683 407123 576278 453356
601357 405584 674835 604646 461249 476354 672623 529723 464213 412204 459115 554798 405164 567201 541814 677175 689925 537624 447773 411828 482637 531979 650211 644082 600322 497330 628486 735322 533511 575464 696160 649632 494587 693384 614779 602123 500365 739250 526316 548227 399215 640824 481626 581066 692721 627299
482458 286685 555936 428247 284850 357455 553724 353324 402814 293305 340216 435899 286265 505802 422915 558276 628526 418725 386374 350429 306238 413080 588812 525183 481423 378431 567087 558923 414612 456565 634761 530733 318188 574485 495880 483224 323966 562851 407417 486828 337816 464425 420227 404667 516322 508400
638686 442913 654664 526975 383578 456183 652452 509552 501542 392033 438944 534627 384993 604530 464143 714504 669754 574953 427602 391657 462466 454308 630040 623911 522651 477159 608315 657651 513340 612793 733489 571961 416916 673213 594608 581952 480194 719079 506145 528056 436544 620653 461455 560895 615050 607128
661273 465500 677251 549562 406165 478770 675039 532139 524129 414620 461531 557214 407580 627117 486730 737091 692341 597540 450189 414244 485053 476895 652627 646498 545238 499746 630902 680238 535927 635380 756076 594548 439503 695800 617195 604539 502781 741666 528732 550643 459131 643240 484042 583482 637637 629715
540582 344809 671560 543871 400474 415579 554348 468948 460938 408929 398340 494023 401889 506426 423539 616400 629150 476849 386998 408553 364362 471204 589436 583307 482047 436555 625211 617047 472736 514689 692885 531357 433812 690109 554004 541348 382090 620975 465541 544952 395940 522549 478351 462791 631946 509024
526081 330308 657059 471870 385973 401078 597347 454447 388937 336928 441339 479522 329888 491925 409038 659399 614649 462348 372497 394052 407361 399203 574935 626306 525046 364554 553210 660046 400735 557688 678384 516856 419311 675608 482003 469347 425089 663974 508540 472951 381439 508048 463850 448290 617445 494523
520749 324976 594227 466538 323141 395746 534515 449115 441105 331596 378507 416690 324556 544093 403706 654067 666817 457016 367165 388720 402029 451371 569603 563474 519714 359222 547878 654714 395403 552356 673052 569024 413979 670276 476671 521515 419757 601142 503208 525119 376107 560216 401018 442958 554613 546691
542203 288930 615681 430492 287095 359700 498469 413069 405059 295550 399961 380644 288510 450547 367660 618021 630771 420970 331119 352674 365983 357825 591057 584928 426168 323176 511832 618668 416857 516310 579506 475478 377933 634230 440625 427969 383711 565096 467162 489073 282561 524170 364972 464412 576067 453145
621114 367841 637092 509403 366006 381111 634880 434480 426470 374461 478872 517055 367421 586958 446571 639432 709682 557381 410030 431585 387394 494236 612468 663839 505079 402087 648243 640079 495768 537721 715917 611889 456844 655641 577036 564380 462622 701507 488573 567984 361472 545581 501383 485823 654978 589556
532327 336554 548305 420616 277219 349824 546093 403193 395183 285674 332585 428268 278634 498171 357784 608145 563395 468594 321243 285298 356107 347949 523681 517552 416292 370800 501956 551292 406981 506434 627130 465602 310557 566854 488249 475593 373835 612720 399786 421697 330185 514294 355096 454536 508691 500769
666159 412886 739637 554448 411051 483656 622425 537025 529015 419506 523917 504600 412466 574503 491616 741977 754727 544926 455075 476630 489939 481781 715013 708884 550124 447132 635788 742624 540813 640266 703462 599434 501889 758186 564581 551925 507667 689052 591118 613029 406517 648126 488928 588368 700023 577101
513258 374985 586736 516547 373150 330755 584524 384124 376114 381605 428516 466699 374565 479102 396215 589076 659326 449525 359674 381229 337038 443880 562112 555983 454723 409231 540387 589723 387912 544865 665561 561533 348988 662785 469180 514024 354766 593651 495717 517628 368616 552725 393527 435467 604622 539200
585080 389307 601058 473369 329972 402577 598846 455946 447936 338427 385338 481021 331387 550924 410537 660898 616148 521347 373996 338051 408860 400702 576434 570305 469045 423553 554709 604045 459734 559187 679883 518355 363310 619607 541002 528346 426588 665473 452539 474450 382938 567047 407849 507289 561444 553522
551953 356180 567931 440242 296845 369450 565719 422819 414809 305300 352211 447894 298260 517797 377410 627771 583021 488220 340869 304924 375733 367575 543307 537178 435918 390426 521582 570918 426607 526060 646756 485228 330183 586480 507875 495219 393461 632346 419412 441323 349811 533920 374722 474162 528317 520395
612877 474604 743855 558666 472769 487874 684143 483743 533233 481224 470635 566318 416684 578721 553334 688695 758945 606644 516793 423348 494157 485999 719231 713102 611842 508850 697506 689342 487531 586984 765180 603652 506107 704904 626299 556143 454385 750770 595336 559747 410735 594844 493146 535086 646741 581319
504993 309220 635971 508282 364885 322490 518759 433359 425349 315840 362751 400934 366300 528337 445450 638311 651061 498760 408909 372964 386273 378115 553847 547718 446458 400966 532122 638958 437147 479100 599796 495768 398223 597020 518415 448259 346501 585386 429952 451863 302851 544460 385262 484702 596357 530935
436085 297812 509563 439374 238477 311082 449851 364451 356441 246932 351343 389526 239892 401929 376542 511903 582153 429852 282501 304056 317365 309207 484939 536310 377550 332058 463214 570050 310739 410192 588388 426860 271815 585612 449507 379351 335093 516478 418544 382955 291443 418052 373854 415794 469949 404527
556894 361121 572872 445183 301786 374391 570660 427760 419750 310241 357152 452835 303201 522738 382351 632712 587962 493161 345810 309865 380674 372516 548248 542119 440859 395367 526523 575859 431548 531001 651697 490169 335124 591421 512816 500160 398402 637287 424353 446264 354752 538861 379663 479103 533258 525336
559952 421679 690930 563241 419844 377449 573718 488318 480308 370799 475210 513393 363759 525796 500409 635770 706020 496219 463868 370423 441232 433074 666306 602677 558917 398425 644581 636417 492106 534059 654755 608227 453182 651979 515874 560718 458960 697845 484911 506822 415310 541919 497721 482161 593816 528394
518772 322999 534750 407061 263664 336269 532538 389638 381628 272119 319030 414713 265079 484616 344229 594590 549840 455039 307688 271743 342552 334394 510126 503997 402737 357245 488401 537737 393426 492879 613575 452047 297002 553299 474694 462038 360280 599165 386231 408142 316630 500739 341541 440981 495136 487214
540753 344980 556731 486542 343145 358250 497019 354119 346109 351600 398511 436694 287060 449097 366210 616571 571821 477020 329669 351224 364533 356375 532107 583478 424718 321726 567882 559718 357907 457360 578056 531528 318983 575280 496675 484019 324761 563646 465712 487623 338611 465220 421022 462962 517117 509195
493681 240408 509659 381970 296073 311178 507447 364547 356537 247028 351439 332122 239988 459525 319138 569499 524749 372448 340097 304152 259961 366803 542535 478906 377646 274654 463310 570146 310835 410288 530984 484456 271911 528208 449603 379447 335189 574074 418640 440551 234039 475648 373950 358390 527545 404623
570753 374980 586731 459042 373145 388250 527019 384119 376109 381600 428511 409194 317060 536597 396210 589071 601821 507020 417169 323724 337033 386375 562107 613478 512218 409226 597882 589718 445407 544860 665556 561528 406483 605280 469175 456519 354761 593646 438212 517623 368611 552720 451022 492962 547117 481695
528844 275571 602322 474633 273736 346341 485110 342210 391700 339691 329102 367285 332651 437188 354301 604662 617412 465111 317760 281815 295124 401966 520198 514069 470309 367317 555973 547809 345998 502951 566147 519619 307074 620871 427266 472110 312852 609237 453803 418214 269202 510811 351613 451053 505208 497286
557609 361836 573587 445898 302501 375106 571375 428475 420465 310956 357867 453550 303916 523453 383066 633427 588677 493876 346525 310580 381389 373231 548963 542834 441574 396082 527238 576574 432263 531716 652412 490884 335839 592136 513531 500875 399117 638002 425068 446979 355467 539576 380378 479818 533973 526051
512071 258798 528049 400360 314463 329568 525837 325437 374927 322918 369829 408012 315878 420415 395028 587889 600639 390838 358487 322542 335851 385193 503425 497296 396036 350544 481700 531036 329225 428678 549374 445346 347801 604098 410493 397837 353579 534964 437030 401441 252429 436538 334840 434280 545935 423013
573287 377514 704265 519076 433179 390784 644553 501653 493643 384134 431045 469228 377094 596631 456244 706605 719355 509554 419703 441258 397067 503909 622141 673512 572252 469260 600416 707252 447941 547394 725590 564062 466517 722814 586709 574053 472295 711180 555746 520157 371145 555254 453556 495496 664651 541729
497295 301522 513273 385584 299687 314792 511061 310661 360151 308142 355053 335736 243602 405639 380252 515613 528363 376062 286211 307766 321075 312917 488649 540020 381260 278268 524424 573760 371949 471402 592098 430570 275525 531822 395717 383061 338803 577688 364754 386665 295153 421762 377564 419504 473659 465737
424993 286720 555971 428282 227385 299990 496259 295859 345349 293340 282751 378434 228800 448337 307950 500811 513561 361260 271409 235464 248773 355615 531347 467718 366458 320966 452122 558958 299647 399100 577296 473268 318223 574520 380915 425759 266501 562886 407452 429363 222851 406960 305262 347202 516357 450935
580664 442391 711642 526453 440556 455661 594430 451530 501020 449011 438422 534105 384471 546508 463621 656482 669232 574431 484580 448635 461944 453786 629518 680889 522129 419137 607793 657129 512818 612271 732967 628939 416394 730191 536586 581430 479672 661057 563123 585034 378522 620131 460933 560373 614528 549106
503721 307948 519699 392010 248613 321218 517487 374587 366577 257068 303979 399662 250028 469565 329178 579539 534789 439988 292637 256692 327501 319343 495075 488946 387686 342194 473350 522686 378375 477828 598524 436996 281951 538248 459643 446987 345229 584114 371180 393091 301579 485688 326490 425930 480085 472163
598717 345444 614695 487006 343609 416214 612483 412083 461573 409564 398975 494658 402524 507061 481674 617035 687285 477484 387633 409188 364997 414339 590071 583942 482682 437190 625846 675182 473371 515324 693520 531992 434447 690744 554639 484483 382725 679110 523676 545587 339075 523184 478986 463426 632581 509659
522536 326763 653514 525825 324928 397533 536302 450902 442892 333383 380294 418477 326343 488380 462993 655854 668604 516303 426452 333007 403816 395658 571390 565261 464001 418509 607165 656501 454690 496643 674839 513311 415766 672063 478458 465802 364044 602929 504995 526906 377894 504503 402805 444745 613900 548478
483766 287993 499744 372055 228658 301263 497532 354632 346622 237113 284024 379707 230073 449610 309223 559584 514834 420033 272682 236737 307546 299388 475120 468991 367731 322239 453395 502731 358420 457873 578569 417041 261996 518293 439688 427032 325274 564159 351225 373136 281624 465733 306535 405975 460130 452208
562705 309432 636183 508494 307597 322702 518971 433571 425561 373552 362963 401146 366512 471049 445662 638523 593773 441472 351621 315676 328985 378327 554059 605430 504170 401178 589834 639170 379859 479312 600008 553480 340935 654732 461127 505971 404213 585598 487664 509575 303063 544672 442974 484914 539069 473647
424418 286145 555396 370207 226810 299415 438184 295284 287274 235265 282176 320359 228225 447762 307375 557736 570486 418185 328334 292389 305698 355040 530772 467143 423383 262891 451547 558383 299072 398525 576721 415193 260148 516445 380340 425184 265926 562311 406877 428788 222276 406385 362187 404127 515782 450360
577394 439121 708372 523183 379786 394891 591160 448260 440250 445741 492652 473335 438701 600738 517851 710712 723462 571161 423810 445365 401174 450516 626248 677619 518859 415867 604523 711359 452048 609001 672197 568169 470624 669421 590816 578160 476402 715287 559853 524264 375252 616861 457663 557103 611258 603336
499793 246520 573271 445582 302185 259790 456059 313159 362649 310640 357551 395734 303600 465637 382750 518111 588361 436060 288709 252764 323573 315415 491147 542518 441258 280766 469422 518758 316947 416400 594596 433068 278023 534320 398215 385559 283801 580186 424752 446663 297651 481760 322562 422002 476157 410735
571368 375595 644846 459657 373760 331365 527634 384734 434224 324715 371626 467309 375175 479712 396825 647186 602436 450135 417784 381839 337648 386990 620222 614093 512833 409841 540997 590333 388522 545475 608671 562143 407098 605895 527290 457134 355376 594261 496327 460738 311726 553335 451637 493577 605232 482310
615176 419403 631154 503465 360068 432673 628942 486042 478032 368523 415434 511117 361483 581020 440633 690994 646244 551443 404092 368147 438956 430798 606530 600401 499141 453649 584805 634141 489830 589283 709979 548451 393406 649703 571098 558442 456684 695569 482635 504546 413034 597143 437945 537385 591540 583618
551207 355434 567185 439496 353599 368704 507473 364573 356563 362054 351465 389648 297514 459551 376664 627025 639775 487474 397623 361678 374987 366829 542561 593932 435172 332180 578336 570172 368361 467814 588510 541982 386937 643234 449629 436973 392715 574100 476166 498077 349065 475674 431476 473416 585071 462149
574000 320727 589978 462289 376392 333997 530266 387366 379356 327347 431758 412441 320307 482344 399457 649818 662568 510267 420416 326971 397780 447122 622854 616725 515465 412473 543629 592965 448654 548107 611303 507275 409730 608527 529922 517266 358008 654393 441459 520870 314358 498467 396769 496209 607864 542442
601031 405258 732009 604320 403423 418528 614797 529397 521387 469378 516289 496972 404838 566875 483988 734349 747099 594798 504947 411502 424811 474153 649885 701256 599996 497004 685660 677496 533185 632638 753334 591806 436761 693058 614453 544297 442539 738924 525990 605401 456389 640498 481300 580740 634895 569473
500423 362150 573901 503712 302815 375420 514189 428789 363279 368770 358181 453864 361730 466267 383380 576241 646491 436690 404339 368394 324203 431045 606777 600648 499388 396396 527552 576888 432577 474530 595226 491198 336153 592450 456345 501189 399431 580816 425382 504793 355781 539890 380692 480132 591787 468865
497625 244352 571103 443414 242517 315122 511391 368491 302981 308472 297883 336066 243932 463469 380582 515943 586193 376392 344041 308096 263905 313247 546479 540350 381590 336098 467254 516590 372279 471732 592428 430900 333355 532152 396047 383391 339133 578018 365084 386995 237983 422092 377894 362334 473989 466067
456248 317975 587226 402037 316140 331245 470014 384614 376604 324595 314006 352189 260055 479592 339205 532066 602316 450015 302664 266719 337528 386870 562602 498973 397713 352221 483377 532713 330902 430355 551051 504523 349478 605775 469670 399514 297756 536641 381207 403118 311606 495715 336517 435957 547612 482190
510162 371889 583640 513451 370054 327659 581428 438528 430518 321009 425420 406103 313969 476006 450619 585980 598730 446429 414078 378133 391442 383284 616516 552887 451627 348635 537291 644127 384816 484269 662465 558437 403392 659689 523584 453428 409170 648055 435121 514532 308020 549629 447931 432371 544026 478604
523466 327693 539444 411755 268358 340963 537232 394332 386322 276813 323724 419407 269773 489310 348923 599284 554534 459733 312382 276437 347246 339088 514820 508691 407431 361939 493095 542431 398120 497573 618269 456741 301696 557993 479388 466732 364974 603859 390925 412836 321324 505433 346235 445675 499830 491908
626569 373296 642547 514858 428961 386566 640335 497435 489425 379916 484327 522510 430376 534913 452026 644887 657637 562836 472985 379540 392849 442191 675423 611794 568034 465042 653698 703034 501223 543176 663872 617344 404799 718596 524991 569835 410577 706962 551528 573439 366927 551036 449338 491278 602933 595011
492622 296849 508600 438411 237514 310119 448888 305988 297978 245969 292880 331063 296429 400966 375579 568440 523690 371389 281538 303093 258902 365744 483976 535347 376587 273595 519751 569087 309776 409229 587425 483397 328352 584649 448544 378388 276630 515515 417581 381992 290480 417089 372891 414831 526486 461064
532996 337223 606474 421285 335388 292993 489262 346362 395852 286343 333254 428937 336803 441340 358453 608814 564064 411763 379412 343467 299276 348618 581850 575721 474461 371469 502625 551961 350150 507103 570299 523771 368726 567523 488918 418762 317004 555889 457955 422366 273354 514963 413265 455205 566860 443938
606121 352848 679599 551910 351013 423618 562387 419487 411477 416968 406379 502062 409928 514465 431578 624439 694689 542388 395037 359092 429901 479243 654975 591346 490086 387094 633250 625086 480775 580228 643424 596896 384351 698148 562043 549387 390129 629014 473580 495491 403979 588088 428890 528330 582485 574563
579268 383495 595246 467557 324160 396765 593034 450134 442124 332615 379526 475209 325575 545112 404725 655086 610336 515535 368184 332239 403048 394890 570622 564493 463233 417741 548897 598233 453922 553375 674071 512543 357498 613795 535190 522534 420776 659661 446727 468638 377126 561235 402037 501477 555632 547710
627513 374240 643491 515802 372405 387510 583779 498379 432869 438360 427771 465954 431320 535857 510470 645831 658581 506280 473929 437984 451293 500635 676367 670238 511478 465986 597142 703978 502167 601620 664816 618288 463243 719540 525935 570779 469021 650406 494972 574383 367871 551980 450282 492222 661377 595955
534275 338502 607753 480064 336667 294272 490541 405141 339631 287622 392033 372716 338082 500119 417232 610093 622843 413042 323191 287246 358055 349897 525629 519500 418240 315248 561404 553240 351429 450882 571578 467550 312505 568802 490197 420041 318283 614668 459234 481145 332133 516242 357044 456484 568139 502717
525258 329485 598736 413547 327650 342755 481524 338624 330614 278605 383016 421199 271565 491102 350715 543576 556326 461525 314174 278229 349038 398380 516612 567983 466723 306231 552387 601723 399912 499365 620061 458533 303488 617285 423680 411024 309266 605651 392717 414628 323116 449725 348027 389967 559122 493700
548144 352371 679122 551433 350536 423141 619410 476510 468500 416491 405902 444085 351951 513988 431101 623962 636712 541911 452060 358615 371924 421266 596998 590869 489609 444117 632773 682109 422798 579751 700447 538919 383874 697671 561566 548910 447152 628537 530603 552514 346002 587611 485913 470353 582008 574086
544314 406041 675292 490103 346706 361811 615580 415180 464670 355161 402072 497755 405621 567658 484771 620132 690382 480581 390730 354785 368094 474936 650668 587039 485779 382787 571443 620779 418968 575921 696617 535089 380044 693841 500236 545080 443322 682207 526773 491184 399672 583781 482083 524023 635678 512756
635780 382507 651758 581569 380672 453277 649546 449146 441136 389127 436038 531721 382087 544124 461237 654098 724348 514547 482196 446251 402060 451402 684634 678505 577245 416753 662909 654745 452934 552387 730583 569055 414010 727807 534202 521546 477288 716173 560739 582650 433638 617747 516049 557989 669644 546722
472592 334319 603570 475881 332484 347589 543858 400958 392948 283439 387850 426033 276399 438436 413049 548410 561160 408859 376508 283063 296372 345714 521446 572817 414057 311065 557221 549057 404746 446699 624895 463367 365822 564619 486014 415858 314100 610485 397551 419462 327950 454559 410361 394801 563956 498534
528543 390270 602021 531832 388435 346040 599809 456909 448899 339390 443801 424484 332350 494387 469000 604361 617111 464810 432459 396514 409823 401665 634897 571268 470008 367016 555672 662508 403197 502650 680846 576818 421773 678070 541965 471809 427551 666436 453502 532913 326401 568010 466312 450752 562407 496985
605960 410187 621938 494249 350852 423457 619726 476826 468816 359307 406218 501901 352267 571804 431417 681778 637028 542227 394876 358931 429740 421582 597314 591185 489925 444433 575589 624925 480614 580067 700763 539235 384190 640487 561882 549226 447468 686353 473419 495330 403818 587927 428729 528169 582324 574402
617142 421369 748120 620431 419534 492139 688408 545508 537498 427989 474900 513083 478449 640486 557599 692960 705710 610909 463558 427613 440922 547764 723496 717367 558607 455615 701771 751107 491796 648749 711945 665417 510372 709169 573064 560408 516150 697535 599601 621512 415000 599109 497411 539351 708506 643084
594632 398859 668110 597921 397024 469629 608398 522998 514988 462979 452390 548073 398439 617976 477589 670450 683200 530899 441048 405103 475912 467754 643486 694857 593597 490605 621761 728597 469286 626239 689435 642907 487862 744159 608054 595398 493640 675025 519591 599002 392490 576599 532401 574341 628496 620574
596167 400394 612145 484456 398559 356164 552433 467033 459023 407014 453925 434608 399974 562011 421624 671985 684735 532434 385083 349138 419947 469289 645021 638892 480132 377140 623296 615132 470821 570274 690970 586942 374397 630694 552089 481933 380175 619060 463626 485537 336525 520634 418936 460876 630031 507109
611989 416216 627967 500278 356881 429486 625755 482855 474845 365336 412247 507930 358296 577833 437446 687807 643057 548256 400905 364960 435769 427611 603343 597214 495954 450462 581618 630954 486643 586096 706792 545264 390219 646516 567911 555255 453497 692382 479448 501359 409847 593956 434758 534198 588353 580431
587359 449086 660837 590648 389751 462356 601125 515725 507715 398206 502617 483300 448666 553203 470316 663177 675927 523626 491275 455330 468639 517981 636213 630084 528824 425832 671988 721324 519513 561466 682162 578134 480589 679386 600781 588125 428867 725252 512318 591729 442717 569326 467628 567068 678723 613301
532138 393865 663116 477927 334530 349635 545904 403004 394994 400485 447396 428079 393445 555482 472595 665456 678206 525905 378554 400109 355918 405260 580992 632363 473603 370611 559267 666103 406792 563745 626941 522913 425368 624165 545560 532904 431146 670031 514597 479008 329996 571605 412407 511847 566002 558080
490150 351877 621128 493439 350042 307647 561416 418516 353006 300997 405408 443591 351457 455994 373107 565968 578718 483917 394066 300621 371430 420772 539004 590375 431615 328623 517279 566615 422304 521757 642453 538425 325880 582177 446072 433416 389158 570543 472609 494520 288008 472117 427919 412359 581514 458592
652855 399582 668833 541144 455247 470352 666621 523721 515711 406202 510613 491296 399162 618699 478312 728673 683923 531622 499271 463326 419135 525977 701709 638080 536820 433828 622484 729320 470009 569462 690158 643630 431085 687382 608777 538621 494363 733248 577814 599725 393213 634822 533124 517564 686719 563797
534364 396091 665342 537653 336756 351861 605630 405230 397220 345211 449622 487805 395671 500208 474821 667682 622932 528131 438280 344835 358144 464986 640718 577089 533329 372837 561493 668329 466518 565971 686667 525139 370094 626391 490286 535130 375872 614757 516823 481234 332222 516331 472133 514073 625728 502806
556141 417868 687119 559430 416033 431138 627407 484507 418997 366988 413899 509582 359948 579485 439098 631959 702209 549908 402557 366612 437421 429263 662495 598866 497606 394614 583270 690106 430795 530248 650944 604416 449371 648168 569563 556907 397649 636534 538600 503011 353999 595608 493910 535850 647505 524583
485098 289325 616076 488387 344990 360095 498864 355964 405454 353445 400356 438539 288905 450942 368055 560916 573666 478865 389014 353069 366378 358220 533952 527823 484063 381071 569727 619063 359752 459205 637401 475873 320828 577125 441020 428364 384106 622991 467557 431968 282956 467065 422867 407307 576462 511040
618150 422377 634128 563939 420542 435647 574416 431516 481006 428997 475908 456591 421957 526494 443607 693968 649218 496917 407066 371121 384430 491272 609504 660875 502115 456623 587779 637115 435304 592257 712953 608925 396380 710177 516572 561416 402158 641043 543109 565020 416008 542617 440919 482859 652014 586592
666085 470312 682063 554374 410977 483582 679851 536951 528941 419432 466343 562026 412392 631929 491542 741903 697153 602352 455001 419056 489865 481707 657439 651310 550050 504558 635714 685050 540739 640192 760888 599360 444315 700612 622007 609351 507593 746478 533544 555455 463943 648052 488854 588294 642449 634527
424030 285757 497508 369819 283922 299027 437796 352396 344386 234877 339288 319971 285337 389874 364487 557348 570098 360297 327946 234501 247810 354652 472884 524255 365495 320003 451159 557995 356184 398137 576333 414805 317260 516057 437452 367296 265538 561923 348989 370900 221888 463497 304299 346239 515394 449972
633627 437854 649605 521916 378519 451124 647393 504493 496483 386974 433885 529568 379934 599471 459084 709445 664695 569894 422543 386598 457407 449249 624981 618852 517592 472100 603256 652592 508281 607734 728430 566902 411857 668154 589549 576893 475135 714020 501086 522997 431485 615594 456396 555836 609991 602069
471201 332928 544679 416990 273593 288698 542467 399567 334057 339548 328959 424642 275008 494545 354158 604519 617269 464968 317617 339172 294981 344323 577555 571426 470166 309674 555830 547666 345855 502808 623504 461976 364431 620728 427123 414467 370209 609094 453660 418071 269059 510668 351470 450910 505065 439643
592069 396296 665547 537858 336961 409566 548335 462935 454925 345416 392327 488010 338376 557913 475026 610387 623137 528336 380985 345040 358349 407691 583423 634794 533534 373042 619198 611034 409223 566176 686872 582844 427799 626596 547991 477835 376077 614962 517028 538939 389927 516536 414838 456778 625933 503011
532261 336488 548239 420550 277153 349758 546027 403127 395117 285608 332519 428202 278568 498105 357718 608079 563329 468528 321177 285232 356041 347883 523615 517486 416226 370734 501890 551226 406915 506368 627064 465536 310491 566788 488183 475527 373769 612654 399720 421631 330119 514228 355030 454470 508625 500703
496963 301190 570441 442752 356855 371960 568229 425329 359819 365310 412221 450404 358270 520307 379920 572781 585531 490730 343379 364934 320743 370085 603317 539688 438428 335436 581592 630928 429117 528570 591766 487738 390193 588990 510385 440229 395971 634856 421922 501333 294821 536430 377232 419172 530827 522905
619935 424162 635913 508224 364827 437432 633701 490801 482791 373282 420193 515876 366242 585779 445392 695753 651003 556202 408851 372906 443715 435557 611289 605160 503900 458408 589564 638900 494589 594042 714738 553210 398165 654462 575857 563201 461443 700328 487394 509305 417793 601902 442704 542144 596299 588377
451908 313635 582886 397697 254300 269405 465674 322774 372264 262755 367166 405349 313215 475252 334865 585226 540476 445675 298324 319879 275688 382530 558262 552133 393373 290381 536537 585873 326562 483515 604211 442683 287638 543935 407830 395174 350916 532301 434367 398778 307266 491375 389677 374117 543272 420350
620552 424779 636530 508841 365444 438049 634318 491418 483408 373899 420810 516493 366859 586396 446009 696370 651620 556819 409468 373523 444332 436174 611906 605777 504517 459025 590181 639517 495206 594659 715355 553827 398782 655079 576474 563818 462060 700945 488011 509922 418410 602519 443321 542761 596916 588994
450962 312689 524440 396751 310854 325959 522228 321828 313818 319309 366220 346903 254769 474306 333919 526780 539530 444729 297378 261433 332242 381584 557316 551187 449927 289435 478091 527427 383116 482569 545765 499237 286692 600489 406884 451728 349970 531355 433421 397832 306320 490429 331231 373171 484826 476904
440560 244787 571538 386349 300452 315557 511826 368926 303416 251407 355818 394001 244367 406404 323517 573878 529128 376827 286976 308531 321840 313682 489414 540785 439525 279033 467689 574525 315214 472167 592863 431335 333790 590087 396482 383826 339568 578453 423019 387430 295918 422527 378329 362769 531924 409002
492538 239265 566016 438327 237430 310035 448804 305904 355394 303385 292796 388479 238845 400882 375495 568356 523606 428805 281454 245509 258818 365660 541392 477763 376503 273511 519667 569003 367192 466645 529841 425813 328268 527065 448460 378304 276546 572931 417497 439408 290396 474505 315307 357247 468902 403480
525415 329642 541393 413704 270307 342912 539181 396281 388271 278762 325673 421356 271722 491259 350872 601233 556483 461682 314331 278386 349195 341037 516769 510640 409380 363888 495044 544380 400069 499522 620218 458690 303645 559942 481337 468681 366923 605808 392874 414785 323273 507382 348184 447624 501779 493857
512002 316229 585480 515291 314394 386999 583268 382868 432358 322849 427260 407943 373309 535346 452459 645320 600570 448269 415918 379973 393282 442624 560856 554727 453467 407975 539131 645967 386656 543609 606805 502777 347732 604029 525424 455268 411010 649895 436961 516372 367360 493969 392271 434211 603366 537944
594339 398566 667817 597628 454231 411836 665605 522705 457195 462686 509597 547780 455646 560183 534796 727657 740407 588106 440755 404810 475619 467461 643193 637064 593304 490312 678968 728304 526493 568446 746642 585114 430069 686366 550261 595105 435847 674732 519298 541209 392197 576306 474608 574048 685703 620281
503713 307940 577191 392002 248605 321210 459979 317079 309069 314560 361471 399654 250020 412057 386670 579531 534781 439980 292629 314184 269993 376835 495067 488938 445178 284686 530842 580178 378367 477820 541016 494488 339443 538240 459635 389479 287721 584106 428672 393083 244071 428180 383982 368422 480077 414655
551756 355983 567734 497545 296648 369253 508022 365122 357112 305103 409514 447697 355563 460100 377213 570074 640324 430523 398172 362227 318036 367378 543110 594481 435721 390229 578885 570721 426410 525863 589059 485031 387486 643783 507678 437522 393264 632149 476715 498626 292114 476223 432025 416465 528120 462698
501449 248176 574927 447238 303841 261446 515215 372315 364305 254796 301707 397390 247756 467293 384406 577267 532517 380216 347865 254420 325229 374571 550303 486674 385414 282422 471078 577914 318603 418056 596252 492224 279679 535976 457371 387215 285457 524342 426408 390819 241807 483416 324218 423658 535313 412391
454921 316648 585899 400710 314813 329918 526187 383287 375277 323268 312679 350862 258728 478265 337878 588239 543489 391188 301337 322892 336201 385543 503775 555146 396386 293394 482050 531386 387075 486528 607224 503196 290651 604448 410843 398187 296429 592814 379880 401791 252779 494388 335190 377130 546285 480863
487733 234460 561211 376022 290125 305230 501499 301099 350589 241080 345491 326174 291540 396077 370690 563551 576301 424000 334149 298204 254013 303355 479087 472958 371698 326206 514862 506698 362387 404340 582536 421008 323463 522260 386155 430999 329241 568126 355192 434603 228091 412200 310502 352442 464097 398675
518549 322776 534527 406838 263441 278546 474815 389415 381405 329396 318807 414490 322356 426893 344006 594367 549617 397316 307465 329020 342329 334171 567403 503774 460014 299522 545678 537514 335703 435156 555852 451824 354279 610576 474471 404315 302557 598942 443508 465419 258907 500516 398818 383258 552413 486991
566860 371087 697838 570149 426752 441857 580626 437726 487216 435207 482118 520301 370667 532704 449817 642678 655428 560627 470776 434831 448140 439982 615714 609585 565825 462833 651489 700825 441514 540967 719163 557635 402590 658887 522782 510126 465868 704753 549319 513730 364718 548827 504629 489069 658224 592802
451286 255513 582264 397075 311178 268783 522552 322152 371642 319633 309044 347227 255093 474630 334243 584604 597354 445053 297702 261757 332566 381908 500140 551511 392751 289759 535915 527751 325940 425393 546089 499561 287016 543313 464708 394552 350294 531679 376245 455656 306644 490753 389055 430995 542650 477228
598669 402896 729647 601958 458561 473666 612435 527035 519025 467016 456427 552110 459976 564513 481626 674487 687237 534936 445085 466640 422449 529291 647523 641394 540134 494642 683298 675134 530823 572776 750972 589444 491899 748196 612091 599435 440177 679062 523628 603039 454027 580636 536438 520878 690033 567111
646004 450231 719482 591793 390896 463501 602270 516870 451360 399351 446262 541945 449811 554348 471461 721822 734572 582271 434920 398975 469784 519126 637358 631229 587469 426977 615633 722469 463158 562611 683307 579279 481734 680531 601926 531770 430012 726397 570963 535374 443862 627971 468773 510713 679868 614446
640098 444325 656076 528387 384990 457595 653864 510964 502954 393445 440356 536039 386405 605942 465555 715916 671166 576365 429014 393069 463878 455720 631452 625323 524063 478571 609727 659063 514752 614205 734901 573373 418328 674625 596020 583364 481606 720491 507557 529468 437956 622065 462867 562307 616462 608540
594687 398914 668165 482976 397079 412184 550953 408053 457543 348034 394945 490628 340994 560531 477644 613005 683255 530954 383603 347658 418467 410309 643541 637412 536152 433160 621816 613652 411841 568794 689490 527962 372917 629214 550609 480453 378695 617580 519646 541557 335045 519154 417456 516896 571051 505629
490432 294659 506410 436221 292824 307929 504198 361298 295788 301279 348190 386373 236739 456276 315889 508750 521500 369199 279348 243403 314212 363554 539286 533157 431897 328905 517561 566897 307586 407039 527735 423707 268662 524959 446354 376198 274440 513325 357891 437302 230790 472399 370701 355141 466796 401374
596009 457736 726987 541798 455901 471006 667275 524375 516365 464356 453767 491950 399816 619353 478966 729327 684577 532276 442425 463980 477289 526631 644863 696234 537474 434482 623138 672474 528163 627616 748312 644284 431739 745536 551931 539275 437517 733902 520968 542879 393867 635476 476278 518218 687373 621951
523036 269763 596514 411325 267928 283033 479302 336402 385892 333883 323294 418977 326843 488880 348493 598854 554104 459303 311952 333507 289316 338658 514390 508261 407001 304009 550165 599501 397690 497143 617839 513811 301266 615063 421458 466302 307044 545929 390495 469906 263394 505003 403305 445245 499400 491478
640163 444390 656141 528452 385055 457660 653929 511029 503019 393510 440421 536104 386470 606007 465620 715981 671231 576430 429079 393134 463943 455785 631517 625388 524128 478636 609792 659128 514817 614270 734966 573438 418393 674690 596085 583429 481671 720556 507622 529533 438021 622130 462932 562372 616527 608605
530757 334984 546735 419046 275649 348254 544523 401623 393613 284104 331015 426698 277064 496601 356214 606575 561825 467024 319673 283728 354537 346379 522111 515982 414722 369230 500386 549722 405411 504864 625560 464032 308987 565284 486679 474023 372265 611150 398216 420127 328615 512724 353526 452966 507121 499199
645632 392359 719110 591421 448024 405629 601898 458998 508488 456479 503390 541573 391939 553976 528589 721450 734200 524399 492048 456103 469412 461254 694486 688357 529597 426605 615261 664597 462786 619739 682935 578907 423862 737659 544054 588898 429640 668525 570591 592502 385990 627599 525901 510341 621996 556574
673508 420235 689486 619297 475900 433505 629774 486874 478864 426855 531266 569449 419815 639352 498965 749326 762076 552275 519924 483979 497288 546630 722362 658733 614973 454481 700637 749973 490662 647615 710811 606783 509238 765535 629430 559274 515016 753901 540967 562878 471366 597975 496277 538217 649872 584450
524565 271292 598043 412854 269457 284562 480831 337931 387421 335412 324823 420506 328372 490409 350022 600383 555633 460832 313481 335036 290845 340187 515919 509790 408530 305538 551694 601030 399219 498672 619368 515340 302795 616592 422987 467831 308573 547458 392024 471435 264923 506532 404834 446774 500929 493007
465458 269685 596436 411247 267850 282955 536724 336324 385814 276305 323216 418899 326765 431302 348415 541276 611526 459225 369374 333429 289238 396080 571812 565683 406923 303931 492587 541923 397612 497065 617761 513733 301188 614985 478880 466224 364466 603351 390417 469828 263316 504925 345727 387667 499322 433900
556227 360454 687205 502016 416119 373724 627493 484593 476583 367074 413985 452168 360034 579571 439184 689545 702295 492494 402643 424198 380007 486849 605081 656452 555192 452200 583356 690192 430881 530334 708530 547002 449457 705754 569649 556993 455235 694120 538686 503097 354085 538194 436496 478436 647591 524669
603715 350442 619693 492004 406107 421212 559981 474581 466571 357062 461473 442156 407522 512059 429172 679533 692283 539982 450131 414186 427495 419337 595069 646440 545180 384688 573344 680180 420869 520322 698518 536990 381945 695742 502137 546981 387723 626608 528674 550585 344073 585682 426484 525924 580079 514657
586824 333551 602802 475113 331716 346821 600590 400190 392180 340171 444582 482765 333131 552668 412281 605142 675392 523091 375740 397295 353104 459946 578178 629549 470789 367797 613953 605789 461478 503431 681627 577599 422554 621351 542746 530090 428332 667217 454283 533694 327182 511291 467093 451533 620688 555266
590360 337087 663838 478649 335252 407857 604126 403726 453216 401207 390618 486301 394167 498704 473317 608678 678928 526627 379276 400831 414140 405982 581714 575585 474325 371333 617489 609325 465014 506967 627663 581135 368590 682387 546282 476126 374368 613253 457819 537230 388218 572327 470629 455069 566724 558802
527991 274718 601469 416280 272883 287988 541757 341357 333347 338838 385749 423932 331798 493835 353448 546309 616559 406758 374407 280962 294271 343613 576845 513216 469456 366464 555120 546956 345145 502098 622794 461266 363721 562518 483913 413757 369499 550884 395450 474861 268349 452458 408260 450200 561855 438933
565697 369924 639175 511486 368089 383194 521963 436563 371053 376544 365955 461638 369504 474041 391154 641515 596765 444464 412113 376168 331977 381319 614551 608422 507162 404170 535326 584662 382851 539804 660500 498972 343927 657724 464119 451463 349705 646090 490656 455067 306055 490164 445966 430406 542061 476639
488643 350370 562121 434432 291035 306140 559909 417009 351499 356990 403901 384584 349950 454487 429100 621961 634711 482410 335059 299114 369923 419265 537497 588868 487608 384616 515772 565108 363297 520250 583446 536918 324373 638170 444565 489409 387651 569036 471102 435513 344001 528110 368912 410852 522507 457085
573332 377559 646810 461621 318224 390829 529598 386698 378688 384179 431090 469273 319639 481676 456289 649150 604400 509599 362248 383803 339612 446454 564686 558557 514797 354305 600461 649797 447986 547439 610635 564107 409062 607859 529254 459098 357340 653725 498291 462702 313690 497799 453601 438041 549696 484274
568911 373138 584889 514700 313803 386408 525177 382277 374267 322258 426669 464852 372718 477255 394368 587229 657479 447678 415327 379382 335191 384533 560265 611636 452876 407384 596040 587876 443565 543018 606214 502186 404641 660938 524833 454677 410419 649304 493870 515781 309269 493378 449180 433620 545275 479853
453351 315078 526829 456640 313243 328348 467117 381717 316207 264198 311109 406792 257158 476695 393808 586669 541919 447118 357267 263822 277131 383973 559705 553576 452316 291824 480480 529816 385505 427458 548154 501626 289081 545378 409273 454117 352359 533744 435810 457721 251209 435318 391120 433060 487215 421793
512893 259620 586371 401182 257785 330390 469159 326259 318249 266240 370651 351334 316700 478737 338350 531211 601461 391660 359309 265864 336673 386015 504247 498118 454358 351366 482522 589358 387547 487000 550196 446168 291123 547420 468815 456159 296901 593286 437852 402263 310751 437360 393162 377602 546757 481335
511607 315834 527585 399896 256499 329104 525373 382473 374463 264954 311865 407548 257914 477451 337064 587425 542675 447874 300523 264578 335387 327229 502961 496832 395572 350080 481236 530572 386261 485714 606410 444882 289837 546134 467529 454873 353115 592000 379066 400977 309465 493574 334376 433816 487971 480049
431346 235573 562324 377135 233738 248843 502612 302212 351702 242193 289104 384787 292653 397190 314303 507164 577414 425113 335262 299317 255126 361968 537700 531571 372811 269819 458475 507811 363500 462953 583649 479621 267076 580873 444768 432112 330354 569239 356305 435716 229204 470813 311615 353555 465210 399788
594394 398621 610372 482683 396786 411891 608160 465260 399750 347741 394652 490335 398201 502738 477351 612712 625462 530661 440810 347365 360674 410016 585748 579619 535859 375367 564023 670859 469048 511001 689197 527669 430124 686421 550316 480160 378402 674787 461853 541264 334752 576361 417163 516603 628258 505336
487462 291689 503440 375751 232354 304959 501228 358328 350318 240809 287720 383403 233769 453306 312919 563280 518530 423729 276378 240433 311242 303084 478816 472687 371427 325935 457091 506427 362116 461569 582265 420737 265692 521989 443384 430728 328970 567855 354921 376832 285320 469429 310231 409671 463826 455904
517341 321568 648319 520630 377233 334838 531107 445707 437697 328188 375099 413282 378648 540685 457798 650659 663409 511108 421257 385312 398621 390463 566195 560066 458806 413314 544470 651306 449495 491448 612144 508116 410571 609368 530763 460607 358849 597734 442300 464211 315199 556808 397610 497050 608705 543283
660402 464629 733880 548691 462794 477899 674168 473768 465758 413749 460660 498843 406709 626246 485859 678720 748970 539169 506818 470873 484182 476024 651756 703127 544367 441375 687531 736867 535056 634509 697705 593677 496132 694929 558824 603668 444410 683295 527861 607272 458260 642369 540671 525111 636766 628844
443544 247771 574522 389333 303436 261041 457310 314410 306400 311891 358802 396985 247351 409388 326501 519362 532112 379811 347460 311515 267324 316666 492398 543769 442509 339517 528173 577509 318198 475151 595847 491819 336774 593071 456966 386810 285052 581437 426003 390414 241402 483011 381313 365753 534908 411986
573321 377548 646799 519110 375713 448318 644587 444187 493677 384168 488579 469262 377128 596665 513778 649139 719389 509588 419737 441292 397101 446443 622175 616046 572286 469294 600450 649786 447975 604928 725624 621596 466551 722848 529243 574087 414829 711214 498280 577691 428679 612788 511090 553030 607185 599263
609005 355732 624983 497294 411397 426502 622771 479871 471861 419852 409263 447446 412812 574849 491962 627323 697573 545272 397921 361976 432785 424627 600359 594230 550470 447478 578634 627970 426159 525612 703808 599780 444735 643532 507427 494771 450513 631898 533964 555875 349363 590972 431774 531214 585369 519947
552130 413857 683108 497919 412022 427127 623396 422996 472486 420477 409888 505571 355937 517974 492587 627948 698198 545897 456046 362601 433410 425252 658484 652355 551095 448103 636759 628595 426784 526237 704433 542905 445360 644157 565552 495396 393638 690023 534589 499000 349988 534097 432399 474339 585994 520572
638474 442701 654452 526763 383366 455971 652240 509340 501330 391821 438732 534415 384781 604318 463931 714292 669542 574741 427390 391445 462254 454096 629828 623699 522439 476947 608103 657439 513128 612581 733277 571749 416704 673001 594396 581740 479982 718867 505933 527844 436332 620441 461243 560683 614838 606916
675995 422722 691973 564284 478387 435992 689761 489361 538851 429342 533753 571936 422302 584339 558952 694313 707063 554762 522411 486466 499775 491617 724849 661220 617460 456968 645624 694960 493149 650102 770798 609270 511725 710522 631917 619261 517503 756388 543454 622865 473853 600462 556264 540704 709859 586937
567859 372086 641337 513648 312751 385356 524125 438725 430715 321206 368117 463800 314166 533703 450816 586177 598927 504126 356775 320830 334139 383481 559213 610584 509324 348832 594988 586824 385013 541966 662662 558634 403589 602386 523781 453625 351867 590752 492818 514729 365717 492326 390628 432568 601723 478801
485560 232287 501538 373849 230452 245557 441826 298926 290916 238907 343318 381501 231867 451404 311017 561378 574128 421827 331976 238531 309340 358682 476914 470785 369525 324033 512689 562025 360214 459667 522863 418835 263790 577587 441482 428826 269568 508453 410519 374930 283418 467527 308329 350269 519424 454002
558527 362754 632005 446816 303419 376024 514793 371893 363883 311874 416285 396968 362334 524371 383984 634345 589595 494794 347443 311498 324807 374149 607381 601252 442492 397000 585656 577492 375681 532634 595830 491802 394257 593054 514449 501793 400035 638920 483486 447897 356385 540494 381296 423236 592391 469469
