499 11
369668 425818 433771 313332 407274 511573 334838 473339 334389 361910 495702
323343 379493 387446 267006 360949 465247 288512 427013 288064 315583 449376
405087 461237 469190 348751 442693 546991 370257 508758 369808 397328 531121
335626 391775 399728 279289 373232 477530 300795 439296 300347 327866 461659
323721 379872 387824 267385 361327 465625 288890 427391 288442 315962 449754
473060 529210 537162 416724 510666 614963 438228 576729 437780 465301 599093
292050 348199 356152 235714 329655 433953 257219 395720 256771 284291 418083
467483 523633 531586 411147 505089 609387 432652 571152 432203 459723 593516
344921 401072 409024 288586 382527 486826 310091 448592 309643 337162 470954
458816 514966 522920 402480 496423 600721 423985 562487 423537 451058 584850
331204 387355 395308 274869 368811 473108 296373 434875 295926 323446 457237
455702 511852 519806 399366 493308 597606 420871 559372 420423 447944 581736
287409 343558 351511 231072 325014 429312 252578 391079 252129 279650 413442
344408 400558 408511 288072 382015 486312 309578 448079 309130 336650 470442
342795 398945 406898 286458 380400 484698 307963 446464 307515 335035 468827
369087 425238 433190 312752 406694 510991 334256 472757 333808 361329 495121
447815 503965 511918 391480 485422 589720 412984 551485 412536 440057 573849
400555 456705 464659 344220 438161 542459 365724 504225 365276 392796 526589
403245 459395 467349 346909 440852 545149 368414 506915 367966 395487 529279
439616 495766 503719 383281 477222 581520 404785 543287 404338 431858 565649
318115 374265 382219 261780 355721 460020 283284 421786 282837 310356 444149
314906 371056 379009 258570 352511 456810 280074 418576 279626 307146 440938
302147 358297 366250 245811 339753 444051 267316 405817 266868 294388 428180
441444 497594 505546 385107 479050 583348 406613 545113 406165 433684 567477
428483 484634 492587 372148 466089 570388 393653 532154 393204 420724 554516
316823 372973 380925 260487 354428 458726 281992 420493 281544 309064 442855
415984 472134 480087 359649 453590 557888 381153 519655 380705 408225 542018
432827 488978 496930 376492 470433 574731 397996 536498 397548 425069 558860
394759 450910 458862 338423 432365 536663 359928 498429 359480 387001 520793
473240 529390 537343 416903 510845 615144 438409 576909 437960 465480 599273
332959 389109 397062 276622 370564 474862 298128 436629 297680 325200 458992
433088 489238 497190 376751 470693 574992 398256 536758 397809 425329 559121
370633 426784 434736 314298 408239 512537 335802 474304 335354 362875 496666
381230 437380 445334 324895 418837 523135 346399 484901 345951 373471 507264
299980 356130 364083 243643 337586 441883 265148 403650 264700 292221 426012
321116 377266 385219 264780 358723 463021 286285 424787 285837 313357 447149
371854 428005 435958 315518 409461 513758 337023 475524 336576 364095 497887
284763 340913 348867 228428 322370 426668 249932 388433 249484 277004 410796
333182 389333 397285 276846 370788 475086 298351 436853 297904 325423 459216
370850 427001 434954 314514 408456 512754 336019 474521 335572 363092 496883
413691 469841 477794 357356 451297 555596 378860 517362 378413 405932 539725
408550 464700 472653 352214 446156 550455 373719 512220 373272 400792 534583
361924 418075 426027 305588 399530 503828 327093 465594 326646 354166 487958
387578 443728 451681 331242 425185 529482 352747 491248 352299 379819 513612
387214 443364 451317 330878 424820 529117 352383 490883 351935 379455 513247
296942 353092 361045 240606 334548 438846 262110 400612 261663 289183 422975
381884 438035 445988 325548 419491 523788 347054 485554 346606 374125 507917
358461 414611 422564 302126 396067 500365 323631 462132 323183 350702 484495
429687 485836 493789 373351 467293 571591 394855 533357 394407 421928 555720
334912 391062 399015 278576 372518 476816 300081 438582 299633 327153 460945
286943 343093 351047 230607 324549 428848 252113 390614 251664 279185 412976
419961 476111 484064 363626 457567 561865 385131 523632 384682 412203 545995
317830 373980 381933 261494 355436 459734 282999 421500 282551 310071 443863
316491 372642 380594 260156 354098 458396 281660 420161 281212 308732 442525
459750 515899 523853 403414 497355 601654 424919 563419 424470 451991 585783
298957 355106 363059 242621 336563 440860 264126 402627 263678 291197 424990
380399 436548 444501 324063 418005 522302 345568 484068 345120 372640 506432
423269 479419 487371 366932 460874 565172 388438 526939 387990 415510 549302
474945 531095 539047 418608 512550 616849 440113 578614 439666 467186 600978
310100 366250 374203 253764 347706 452004 275269 413769 274821 302341 436133
395293 451443 459396 338956 432899 537197 360461 498963 360014 387533 521326
377268 433418 441370 320931 414874 519171 342436 480937 341989 369508 503300
354698 410849 418801 298363 392304 496602 319868 458368 319420 346939 480732
402585 458735 466687 346249 440191 544489 367753 506255 367306 394826 528618
300344 356494 364446 244007 337950 442248 265513 404013 265065 292585 426377
477003 533154 541106 420668 514610 618907 442172 580673 441724 469245 603037
305864 362013 369966 249527 343469 447768 271033 409534 270584 298105 431897
388554 444703 452656 332217 426160 530457 353722 492223 353274 380795 514587
320365 376515 384467 264029 357971 462268 285534 424034 285085 312606 446398
290933 347083 355035 234597 328539 432836 256101 394602 255653 283174 416966
379772 435923 443875 323437 417378 521676 344941 483442 344493 372013 505805
456104 512253 520206 399768 493709 598008 421273 559773 420824 448345 582136
292981 349131 357083 236644 330586 434884 258150 396651 257701 285222 419013
475285 531435 539387 418949 512891 617188 440453 578954 440005 467526 601318
311159 367310 375262 254823 348765 453063 276328 414829 275881 303400 437192
329980 386130 394083 273644 367586 471883 295149 433649 294701 322221 456013
393540 449690 457642 337203 431146 535444 358708 497209 358261 385780 519572
404568 460718 468670 348232 442174 546471 369736 508237 369288 396809 530601
334614 390765 398718 278278 372221 476518 299784 438285 299336 326856 460647
405975 462126 470079 349640 443581 547879 371145 509645 370696 398217 532008
422513 478664 486617 366178 460119 564417 387682 526184 387234 414755 548546
312982 369132 377085 256646 350589 454886 278151 416653 277704 305223 439015
334660 390810 398763 278324 372265 476564 299828 438330 299381 326901 460692
448594 504744 512698 392258 486201 590498 413764 552264 413315 440835 574628
384699 440848 448802 328363 422305 526602 349868 488368 349419 376939 510731
395490 451641 459594 339155 433096 537394 360660 499160 360211 387732 521523
442359 498509 506462 386024 479965 584263 407529 546030 407081 434601 568393
320563 376712 384666 264226 358168 462466 285731 424232 285283 312804 446595
464121 520271 528223 407785 501727 606024 429290 567790 428841 456362 590154
443627 499777 507729 387291 481233 585530 408795 547297 408348 435868 569659
471486 527636 535588 415150 509092 613389 436655 575155 436206 463727 597519
350820 406969 414922 294483 388426 492724 315989 454489 315540 343061 476853
338999 395148 403101 282662 376604 480903 304168 442668 303719 331239 465032
328455 384606 392559 272119 366061 470359 293625 432126 293176 320697 454489
342136 398287 406240 285800 379742 484041 307306 445807 306858 334378 468169
450852 507002 514956 394516 488458 592756 416021 554523 415573 443094 576885
394587 450737 458690 338251 432193 536491 359756 498256 359308 386828 520620
345281 401430 409383 288945 382887 487184 310449 448951 310002 337521 471314
324372 380523 388475 268036 361978 466277 289541 428042 289093 316614 450406
415243 471392 479345 358906 452849 557146 380412 518913 379963 407483 541275
436504 492653 500607 380168 474109 578407 401673 540174 401225 428745 562536
328091 384242 392194 271756 365698 469995 293260 431761 292812 320333 454125
388876 445026 452979 332540 426482 530781 354046 492547 353598 381117 514909
371266 427416 435368 314930 408872 513169 336434 474935 335986 363507 497299
451126 507277 515230 394791 488733 593030 416295 554797 415848 443368 577160
333915 390065 398018 277579 371521 475818 299084 437584 298635 326156 459948
336679 392829 400783 280343 374286 478584 301848 440349 301401 328921 462713
365083 421234 429186 308747 402689 506987 330252 468753 329804 357324 491116
325151 381302 389255 268815 362758 467055 290321 428821 289872 317392 451184
284115 340265 348219 227779 321721 426020 249284 387785 248837 276357 410149
291294 347445 355398 234959 328901 433198 256464 394965 256016 283535 417327
432210 488360 496313 375874 469816 574114 397379 535880 396931 424451 558243
328389 384539 392493 272054 365995 470293 293559 432060 293110 320630 454422
294391 350540 358494 238054 331997 436294 259559 398060 259112 286631 420424
349228 405378 413330 292892 386834 491132 314397 452897 313949 341468 475260
424228 480379 488331 367892 461834 566132 389397 527898 388949 416469 550262
449494 505644 513597 393159 487101 591398 414663 553164 414216 441736 575528
470842 526993 534945 414506 508448 612746 436011 574512 435563 463083 596876
442721 498870 506824 386384 480326 584625 407890 546390 407442 434961 568753
410008 466158 474110 353671 447614 551912 375177 513677 374729 402249 536041
354585 410736 418688 298249 392191 496489 319754 458255 319306 346826 480619
327883 384034 391987 271548 365490 469788 293053 431553 292604 320124 453916
395359 451509 459462 339022 432965 537262 360527 499028 360080 387599 521391
456747 512898 520850 400412 494353 598651 421916 560417 421468 448989 582781
412645 468795 476747 356308 450251 554548 377814 516314 377365 404885 538677
402484 458635 466587 346148 440091 544388 367653 506154 367205 394726 528518
344337 400487 408439 288000 381943 486241 309505 448006 309057 336577 470370
331536 387686 395639 275200 369142 473441 296706 435206 296257 323778 457569
344505 400655 408608 288169 382111 486409 309674 448175 309226 336746 470538
367726 423877 431830 311391 405332 509630 332896 471396 332448 359968 493759
476842 532993 540946 420507 514449 618747 442012 580512 441564 469083 602876
392096 448245 456198 335759 429702 533999 357264 495765 356816 384337 518129
335605 391755 399708 279269 373211 477508 300773 439275 300325 327846 461638
480339 536489 544443 424004 517945 622244 445508 584009 445060 472581 606373
480013 536163 544116 423676 517619 621916 445182 583682 444733 472254 606046
450846 506996 514949 394510 488452 592750 416015 554515 415567 443087 576879
457848 513998 521950 401511 495454 599752 423016 561517 422569 450089 583880
405535 461684 469638 349198 443141 547439 370704 509204 370255 397776 531568
281440 337590 345543 225104 319046 423343 246609 385109 246160 273681 407473
421634 477785 485737 365298 459240 563539 386803 525305 386356 413876 547668
424962 481113 489065 368626 462568 566866 390131 528632 389683 417204 550996
407260 463411 471363 350924 444866 549164 372430 510931 371981 399501 533294
399238 455388 463342 342902 436844 541143 364408 502909 363960 391480 525271
424100 480249 488203 367764 461706 566003 389269 527769 388820 416340 550133
351156 407305 415258 294819 388761 493060 316325 454826 315877 343396 477188
354598 410747 418701 298261 392204 496502 319766 458267 319318 346839 480630
336631 392781 400734 280295 374237 478535 301800 440301 301352 328872 462664
392844 448995 456947 336508 430450 534748 358013 496514 357565 385085 518878
315121 371270 379223 258784 352727 457024 280290 418790 279841 307362 441153
303409 359558 367511 247073 341014 445313 268577 407079 268129 295650 429441
302861 359010 366964 246524 340467 444765 268029 406530 267581 295101 428893
388816 444966 452919 332480 426422 530719 353985 492485 353536 381057 514849
387852 444002 451955 331515 425458 529756 353020 491522 352573 380092 513885
382378 438528 446481 326042 419985 524282 347548 486048 347099 374620 508411
350553 406702 414656 294217 388158 492456 315722 454222 315274 342794 476586
289564 345714 353667 233228 327170 431468 254733 393234 254285 281805 415597
387536 443687 451639 331201 425143 529440 352706 491207 352257 379777 513569
398741 454891 462843 342405 436347 540644 363910 502411 363462 390982 524773
433516 489665 497618 377180 471122 575420 398684 537186 398237 425757 559548
478670 534821 542773 422334 516277 620574 443839 582340 443391 470912 604703
389326 445477 453430 332990 426933 531230 354496 492997 354048 381568 515360
436306 492456 500409 379970 473912 578210 401475 539976 401027 428547 562339
367799 423949 431901 311462 405405 509702 332967 471468 332520 360040 493831
314724 370875 378827 258388 352330 456628 279893 418394 279445 306965 440757
344500 400651 408603 288164 382106 486404 309669 448170 309221 336742 470534
374514 430664 438618 318179 412120 516418 339684 478184 339235 366755 500548
403592 459743 467695 347256 441199 545496 368761 507263 368313 395833 529626
368091 424241 432195 311756 405698 509996 333261 471761 332812 360332 494125
428896 485047 492999 372560 466502 570800 394066 532566 393617 421137 554929
338848 394998 402950 282512 376454 480752 304016 442517 303568 331088 464881
419629 475779 483733 363294 457235 561534 384798 523299 384351 411871 545662
307343 363492 371446 251007 344948 449247 272511 411013 272063 299584 433376
442051 498202 506154 385716 479657 583955 407221 545722 406772 434293 568084
334551 390700 398654 278215 372157 476454 299719 438221 299272 326792 460584
346696 402845 410798 290359 384302 488599 311864 450366 311416 338936 472729
336510 392659 400613 280174 374116 478414 301679 440179 301231 328750 462542
379503 435652 443606 323167 417108 521407 344672 483173 344224 371744 505535
480926 537077 545030 424590 518533 622831 446096 584597 445647 473168 606960
464506 520657 528610 408170 502113 606410 429675 568176 429228 456747 590539
323305 379455 387409 266970 360911 465210 288474 426976 288027 315546 449339
395612 451761 459715 339275 433217 537516 360780 499281 360332 387853 521644
466222 522373 530325 409886 503828 608127 431391 569892 430943 458463 592255
445608 501757 509711 389272 483214 587511 410777 549277 410328 437849 571641
330717 386867 394820 274380 368323 472620 295886 434386 295438 322957 456750
283761 339912 347865 227425 321368 425665 248930 387431 248483 276003 409795
327939 384090 392042 271603 365546 469843 293108 431609 292660 320181 453973
413661 469810 477764 357324 451267 555565 378829 517330 378382 405901 539693
392922 449071 457024 336585 430528 534825 358090 496592 357643 385163 518955
299589 355740 363693 243253 337196 441493 264758 403260 264311 291831 425622
358111 414260 422213 301775 395716 500014 323280 461781 322831 350351 484144
405054 461204 469156 348717 442659 546958 370223 508723 369775 397295 531086
467387 523538 531490 411052 504994 609291 432557 571057 432108 459628 593420
345521 401671 409624 289186 383128 487426 310691 449191 310242 337763 471554
283099 339249 347202 226763 320705 425004 248268 386769 247820 275341 409132
459082 515232 523185 402746 496688 600986 424251 562752 423803 451323 585115
425396 481546 489498 369059 463002 567300 390564 529065 390117 417637 551429
300003 356152 364106 243667 337609 441907 265172 403672 264724 292244 426036
433252 489402 497356 376917 470858 575156 398421 536922 397974 425493 559285
333860 390011 397964 277525 371467 475765 299030 437531 298581 326101 459893
478293 534443 542397 421958 515899 620197 443462 581964 443014 470534 604326
412502 468653 476605 356166 450108 554406 377671 516172 377223 404743 538535
430688 486837 494790 374351 468294 572591 395856 534358 395408 422928 556720
430593 486742 494695 374257 468199 572497 395761 534262 395314 422834 556625
442114 498264 506217 385778 479720 584018 407283 545783 406834 434355 568146
351181 407331 415283 294844 388787 493084 316349 454850 315902 343421 477213
364044 420195 428147 307709 401651 505948 329214 467714 328765 356285 490078
373825 429974 437928 317489 411431 515729 338993 477494 338546 366065 499857
370793 426942 434895 314456 408398 512697 335962 474463 335513 363033 496825
284592 340743 348695 228256 322198 426496 249761 388262 249313 276833 410625
306269 362418 370372 249933 343875 448173 271438 409938 270989 298510 432302
382486 438636 446588 326150 420092 524389 347655 486155 347206 374727 508519
380104 436254 444208 323768 417710 522009 345273 483774 344826 372346 506137
479618 535769 543722 423282 517224 621523 444787 583288 444340 471860 605652
455035 511185 519137 398699 492641 596938 420204 558704 419755 447276 581068
324096 380245 388199 267760 361702 465999 289264 427766 288817 316336 450129
324541 380691 388644 268205 362148 466445 289711 428211 289262 316783 450575
407196 463347 471299 350861 444803 549100 372366 510866 371917 399438 533230
311737 367887 375839 255400 349342 453640 276906 415407 276457 303978 437769
449139 505288 513242 392802 486745 591043 414308 552809 413860 441379 575171
419365 475516 483468 363029 456971 561269 384535 523036 384086 411607 545399
322299 378450 386402 265963 359906 464203 287469 425970 287020 314540 448333
367330 423480 431434 310994 404937 509234 332499 471000 332051 359571 493363
281946 338096 346049 225610 319552 423849 247115 385615 246666 274187 407979
288466 344616 352569 232130 326072 430370 253635 392136 253187 280707 414499
443517 499667 507619 387181 481123 585420 408686 547186 408238 435757 569549
351029 407178 415132 294692 388634 492933 316197 454699 315749 343269 477062
404338 460488 468442 348003 441945 546243 369507 508008 369059 396579 530372
404901 461052 469004 348565 442507 546805 370070 508571 369622 397142 530934
334391 390541 398493 278055 371997 476294 299560 438060 299111 326631 460423
374886 431035 438988 318549 412491 516789 340054 478555 339607 367126 500919
423046 479197 487150 366711 460652 564950 388215 526717 387768 415288 549080
354050 410200 418152 297713 391655 495954 319218 457719 318771 346291 480082
345045 401194 409147 288708 382650 486948 310213 448714 309765 337286 471078
440438 496588 504540 384101 478044 582341 405607 544107 405158 432679 566470
379672 435821 443775 323336 417277 521576 344841 483341 344393 371912 505704
407548 463699 471651 351213 445154 549453 372718 511219 372269 399790 533581
304693 360844 368797 248358 342300 446598 269862 408364 269415 296934 430727
398715 454865 462817 342379 436321 540618 363883 502384 363435 390956 524748
338712 394862 402815 282376 376318 480615 303881 442381 303433 330953 464745
313564 369715 377667 257228 351171 455468 278733 417234 278285 305806 439598
455857 512007 519960 399521 493463 597760 421026 559526 420577 448098 581890
301479 357629 365582 245143 339085 443383 266648 405149 266200 293720 427512
396983 453133 461087 340648 434590 538887 362153 500653 361704 389225 523016
425444 481593 489546 369108 463049 567348 390612 529113 390165 417684 551476
402612 458761 466714 346275 440218 544515 367781 506282 367332 394852 528645
287800 343950 351902 231464 325406 429703 252969 391469 252520 280041 413833
342343 398493 406447 286008 379949 484248 307512 446014 307065 334584 468376
452000 508149 516102 395663 489605 593903 417168 555669 416721 444241 578033
400809 456958 464911 344473 438414 542713 365978 504479 365530 393049 526841
299261 355411 363364 242925 336866 441164 264430 402931 263982 291501 425293
312457 368607 376559 256121 350062 454361 277625 416127 277177 304698 438489
312480 368630 376583 256144 350086 454384 277650 416151 277202 304721 438514
324578 380727 388680 268241 362184 466481 289747 428248 289299 316818 450610
322787 378937 386890 266451 360393 464692 287957 426458 287509 315028 448820
352210 408360 416314 295874 389816 494115 317379 455881 316931 344452 478244
383292 439442 447394 326955 420897 525195 348460 486962 348012 375533 509324
454292 510441 518395 397955 491898 596196 419461 557962 419012 446532 580324
343699 399848 407802 287363 381305 485602 308868 447369 308420 335940 469731
299739 355890 363842 243403 337346 441643 264908 403409 264460 291981 425773
288672 344822 352775 232336 326278 430576 253840 392341 253393 280912 414705
426469 482619 490573 370133 464075 568373 391639 530140 391191 418711 552503
369639 425789 433741 313303 407245 511543 334808 473309 334359 361879 495671
364178 420328 428281 307842 401784 506082 329347 467847 328899 356419 490211
417336 473487 481439 361001 454942 559241 382506 521007 382057 409577 543369
437079 493229 501181 380743 474684 578982 402248 540748 401799 429319 563111
286381 342531 350483 230044 323987 428285 251549 390051 251101 278621 412413
358721 414871 422825 302386 396327 500625 323891 462391 323442 350963 484754
451433 507583 515536 395097 489039 593337 416602 555102 416154 443674 577466
382340 438490 446443 326005 419947 524245 347510 486011 347061 374582 508374
290953 347102 355055 234616 328558 432856 256122 394622 255674 283193 416985
332860 389010 396963 276523 370465 474764 298028 436530 297580 325101 458893
319388 375538 383490 263052 356994 461291 284556 423057 284108 311628 445420
340439 396589 404541 284102 378044 482343 305608 444109 305159 332680 466471
392811 448960 456914 336474 430417 534715 357979 496480 357531 385051 518843
437022 493172 501125 380686 474627 578925 402190 540692 401743 429262 563054
281879 338030 345983 225544 319486 423783 247048 385549 246601 274121 407913
288850 345000 352953 232514 326456 430755 254020 392521 253571 281092 414883
422173 478323 486276 365838 459779 564078 387343 525843 386895 414415 548206
384653 440804 448756 328317 422259 526557 349822 488323 349374 376895 510687
315484 371634 379587 259148 353091 457388 280654 419155 280205 307725 441518
302550 358701 366653 246215 340156 444455 267720 406221 267271 294791 428584
405610 461760 469713 349274 443216 547514 370779 509279 370331 397851 531643
427142 483292 491244 370806 464748 569045 392310 530812 391862 419382 553175
349689 405839 413792 293353 387294 491593 314857 453359 314410 341930 475722
310592 366742 374695 254256 348198 452496 275761 414263 275313 302833 436626
430004 486153 494107 373668 467610 571907 395173 533674 394724 422245 556037
454837 510986 518940 398500 492442 596741 420005 558506 419558 447077 580869
379957 436107 444060 323621 417563 521860 345126 483626 344678 372198 505990
313083 369232 377185 256747 350689 454986 278251 416753 277804 305323 439116
451847 507998 515950 395511 489454 593751 417016 555517 416568 444089 577881
340564 396715 404668 284229 378171 482469 305734 444234 305286 332805 466598
358657 414806 422759 302320 396262 500561 323826 462326 323377 350897 484690
473212 529362 537315 416875 510817 615115 438381 576881 437933 465452 599245
309472 365622 373574 253136 347077 451376 274641 413142 274193 301713 435505
292675 348825 356779 236340 330282 434579 257844 396345 257396 284917 418708
334449 390599 398553 278113 372056 476353 299618 438119 299170 326690 460482
459141 515292 523244 402806 496748 601045 424310 562811 423862 451383 585175
466004 522153 530107 409668 503609 607908 431172 569674 430724 458245 592037
372245 428396 436348 315909 409851 514149 337414 475915 336966 364487 498278
442560 498711 506664 386224 480167 584464 407730 546231 407282 434802 568593
462959 519109 527061 406623 500565 604862 428127 566628 427679 455200 588992
473695 529846 537799 417359 511302 615600 438865 577365 438416 465936 599728
282730 338881 346833 226394 320337 424634 247899 386400 247451 274972 408764
356095 412245 420198 299760 393702 497999 321265 459765 320817 348337 482128
386042 442193 450145 329706 423648 527946 351212 489712 350764 378284 512076
333253 389403 397357 276918 370860 475157 298422 436923 297975 325494 459286
451743 507893 515847 395408 489350 593647 416912 555413 416464 443984 577777
411551 467701 475653 355215 449157 553454 376720 515220 376271 403792 537584
386648 442797 450750 330311 424253 528551 351817 490318 351369 378889 512681
368933 425084 433037 312598 406540 510838 334102 472603 333655 361174 494967
426333 482484 490436 369997 463939 568238 391503 530004 391055 418574 552367
455920 512070 520024 399585 493527 597825 421090 559591 420642 448162 581954
425333 481483 489437 368997 462939 567237 390503 529004 390055 417575 551366
411327 467477 475430 354991 448933 553231 376496 514997 376048 403568 537360
430507 486657 494610 374171 468113 572411 395676 534177 395228 422748 556540
301093 357243 365195 244757 338698 442997 266262 404763 265814 293333 427126
425032 481183 489136 368697 462639 566936 390202 528703 389753 417274 551065
346406 402557 410509 290071 384013 488310 311575 450076 311127 338648 472440
393022 449172 457124 336686 430628 534926 358190 496691 357743 385263 519055
474062 530212 538165 417726 511667 615965 439230 577731 438782 466303 600094
437682 493832 501785 381347 475288 579587 402852 541352 402404 429923 563715
480252 536401 544354 423916 517857 622155 445420 583922 444973 472492 606284
298633 354784 362737 242297 336239 440537 263802 402303 263354 290874 424667
291033 347184 355137 234697 328640 432938 256202 394704 255754 283274 417066
451325 507475 515428 394989 488931 593228 416494 554994 416046 443566 577358
382865 439015 446968 326530 420472 524769 348034 486536 347586 375106 508898
309960 366109 374063 253623 347566 451863 275129 413629 274681 302200 435992
349439 405590 413543 293104 387046 491344 314608 453110 314160 341680 475472
361593 417743 425697 305258 399200 503497 326762 465264 326314 353834 487626
296531 352682 360634 240196 334137 438436 261701 400201 261253 288773 422565
361735 417886 425839 305400 399342 503640 326905 465405 326457 353977 487769
405414 461564 469517 349078 443020 547317 370583 509083 370134 397655 531447
469647 525798 533750 413311 507253 611551 434816 573317 434368 461889 595681
466815 522964 530918 410478 504420 608718 431983 570485 431536 459056 592847
332953 389104 397056 276617 370559 474857 298122 436623 297674 325195 458987
480086 536237 544189 423750 517692 621990 445255 583756 444807 472328 606120
371861 428011 435965 315526 409468 513765 337031 475531 336583 364102 497895
471622 527772 535725 415286 509229 613526 436791 575293 436344 463864 597655
307342 363491 371444 251006 344948 449245 272510 411011 272063 299582 433374
455937 512087 520041 399601 493544 597841 421107 559607 420659 448178 581971
458162 514311 522264 401826 495768 600065 423331 561832 422883 450403 584194
282667 338817 346770 226331 320273 424571 247836 386337 247388 274908 408700
433946 490097 498049 377611 471553 575850 399115 537616 398667 426187 559980
402746 458896 466849 346411 440353 544651 367916 506417 367467 394987 528780
338972 395122 403075 282636 376579 480876 304142 442643 303693 331214 465006
335326 391476 399429 278991 372932 477231 300495 438996 300047 327568 461360
286121 342271 350224 229785 323727 428025 251290 389790 250842 278362 412154
440549 496699 504651 384213 478155 582452 405718 544218 405269 432790 566582
415059 471208 479161 358723 452665 556963 380227 518729 379779 407300 541092
363628 419777 427730 307292 401234 505531 328797 467298 328348 355868 489661
475341 531492 539444 419006 512948 617246 440511 579012 440063 467583 601374
371156 427305 435258 314819 408762 513060 336324 474826 335876 363396 497188
372491 428642 436595 316156 410097 514396 337660 476162 337213 364732 498524
478371 534521 542474 422035 515976 620274 443539 582041 443091 470612 604404
375489 431639 439592 319154 413095 517393 340659 479159 340211 367730 501522
405836 461986 469939 349500 443442 547740 371005 509506 370557 398077 531869
447013 503163 511117 390678 484620 588918 412182 550683 411734 439255 573047
443974 500125 508077 387638 481580 585878 409143 547644 408695 436216 570008
330046 386196 394149 273710 367652 471950 295215 433715 294767 322287 456079
341041 397191 405143 284705 378647 482945 306210 444710 305762 333281 467074
435635 491786 499738 379299 473241 577539 400805 539305 400357 427876 561668
352262 408412 416365 295925 389868 494165 317430 455931 316982 344503 478295
475700 531850 539802 419364 513306 617603 440869 579369 440420 467941 601733
441728 497877 505830 385391 479333 583632 406897 545398 406449 433969 567760
318488 374638 382592 262152 356095 460393 283657 422158 283209 310730 444522
375704 431854 439806 319368 413310 517607 340873 479373 340424 367945 501736
316727 372877 380830 260391 354333 458631 281897 420397 281448 308969 442761
320539 376690 384642 264204 358146 462443 285708 424210 285261 312781 446573
359520 415671 423623 303184 397126 501424 324689 463190 324241 351761 485554
477203 533353 541307 420868 514809 619108 442372 580873 441925 469445 603237
463479 519629 527582 407142 501084 605383 428648 567149 428199 455719 589511
447515 503666 511618 391180 485122 589419 412684 551185 412236 439757 573549
423298 479449 487402 366962 460905 565203 388468 526968 388019 415540 549331
376559 432709 440662 320223 414165 518464 341728 480230 341280 368800 502593
401196 457346 465300 344861 438802 543100 366366 504866 365917 393438 527230
336598 392748 400702 280262 374204 478503 301768 440268 301319 328840 462632
441604 497753 505706 385267 479210 583508 406772 545274 406325 433844 567637
424379 480528 488481 368042 461984 566283 389548 528049 389100 416619 550412
428580 484731 492684 372244 466187 570485 393749 532250 393301 420822 554613
284279 340429 348383 227944 321886 426183 249449 387949 249001 276520 410312
297211 353362 361314 240875 334818 439115 262381 400882 261933 289453 423245
398320 454471 462424 341984 435926 540224 363489 501990 363041 390562 524354
408992 465141 473094 352655 446597 550895 374160 512661 373713 401232 535024
479366 535516 543469 423031 516973 621270 444536 583037 444087 471608 605399
392363 448512 456466 336026 429968 534267 357532 496033 357083 384604 518395
321258 377407 385361 264921 358864 463162 286427 424928 285979 313498 447290
455901 512052 520004 399565 493508 597805 421071 559571 420622 448142 581934
285530 341680 349633 229193 323136 427434 250698 389199 250250 277770 411563
300443 356593 364546 244108 338050 442348 265612 404114 265165 292685 426476
479278 535428 543381 422942 516884 621181 444447 582947 443999 471519 605311
308764 364914 372866 252427 346370 450668 273932 412433 273485 301004 434796
409439 465590 473542 353103 447045 551343 374608 513109 374160 401680 535473
321519 377669 385623 265184 359125 463423 286689 425189 286241 313760 447553
293739 349888 357841 237403 331345 435642 258907 397409 258460 285980 419772
281730 337879 345833 225394 319335 423634 246898 385400 246451 273970 407763
357117 413267 421220 300781 394723 499020 322286 460786 321838 349358 483150
381654 437804 445757 325319 419261 523558 346823 485324 346376 373896 507687
326962 383112 391064 270625 364568 468865 292131 430632 291682 319203 452995
337403 393552 401505 281066 375008 479307 302571 441073 302123 329643 463435
381584 437735 445687 325248 419191 523488 346753 485254 346305 373826 507618
379527 435677 443629 323191 417132 521430 344695 483196 344247 371768 505559
334497 390646 398599 278160 372102 476401 299665 438167 299218 326738 460530
393391 449540 457493 337054 430997 535294 358559 497060 358111 385632 519424
406589 462739 470693 350254 444196 548493 371758 510260 371311 398830 532622
450364 506514 514467 394027 487970 592268 415533 554033 415084 442604 576397
297579 353730 361683 241244 335185 439484 262749 401249 262300 289821 423612
400873 457024 464977 344537 438479 542777 366043 504544 365595 393115 526907
467658 523809 531762 411323 505265 609562 432827 571328 432380 459899 593691
477939 534089 542042 421603 515545 619842 443108 581608 442660 470180 603972
328585 384735 392688 272249 366191 470489 293754 432255 293306 320826 454617
291471 347621 355573 235135 329077 433374 256639 395140 256191 283712 417504
409761 465911 473864 353425 447367 551664 374929 513431 374482 402002 535793
393316 449467 457420 336981 430923 535220 358485 496986 358038 385558 519350
406655 462806 470759 350320 444261 548560 371825 510326 371376 398896 532689
407884 464034 471987 351548 445490 549788 373053 511554 372605 400126 533918
361697 417846 425799 305360 399303 503600 326865 465366 326418 353938 487729
390844 446993 454947 334507 428449 532748 356012 494514 355565 383085 516876
428216 484366 492319 371880 465821 570119 393385 531885 392937 420456 554249
424157 480307 488259 367820 461763 566061 389325 527827 388877 416398 550189
434169 490319 498271 377832 471774 576072 399337 537839 398890 426410 560202
432830 488979 496933 376493 470435 574734 397998 536499 397551 425071 558862
281898 338048 346002 225562 319505 423803 247068 385568 246620 274140 407931
289556 345707 353660 233221 327163 431461 254726 393226 254277 281798 415589
440290 496439 504392 383953 477895 582193 405458 543959 405011 432531 566322
391704 447854 455807 335368 429310 533608 356874 495374 356426 383945 517737
419927 476078 484030 363591 457533 561831 385096 523597 384648 412168 545961
469569 525719 533671 413232 507175 611473 434737 573238 434290 461810 595601
357878 414029 421981 301542 395485 499782 323047 461548 322599 350120 483912
392601 448752 456704 336266 430207 534505 357771 496272 357323 384842 518635
415204 471355 479308 358869 452811 557108 380373 518874 379925 407446 541238
397232 453382 461334 340896 434838 539135 362400 500901 361953 389473 523265
342446 398597 406549 286110 380053 484350 307615 446116 307167 334688 468480
359310 415460 423413 302974 396916 501214 324479 462979 324031 351551 485343
340032 396182 404136 283697 377638 481937 305202 443703 304754 332273 466065
361127 417277 425231 304791 398734 503031 326297 464798 325849 353369 487160
422614 478764 486717 366278 460220 564518 387782 526283 387334 414855 548646
479163 535313 543267 422827 516770 621068 444332 582833 443884 471405 605197
391818 447968 455922 335482 429424 533723 356987 495489 356540 384059 517851
395569 451719 459672 339234 433176 537474 360739 499240 360290 387811 521603
294851 351000 358953 238514 332456 436755 260019 398521 259572 287091 420884
341697 397848 405800 285361 379303 483601 306866 445367 306418 333938 467731
343788 399938 407890 287452 381394 485692 308956 447458 308508 336029 469820
316539 372688 380641 260203 354145 458442 281707 420209 281259 308780 442571
474490 530641 538593 418155 512097 616394 439660 578160 439212 466731 600524
416158 472309 480262 359823 453765 558062 381327 519828 380880 408400 542192
380875 437025 444979 324540 418481 522780 346045 484546 345596 373117 506908
438279 494429 502382 381942 475884 580182 403448 541949 402999 430519 564311
398632 454782 462736 342296 436238 540537 363802 502302 363354 390873 524666
450175 506325 514278 393840 487782 592080 415345 553845 414897 442417 576208
304246 360396 368349 247909 341852 446149 269414 407916 268966 296487 430278
282965 339116 347068 226630 320572 424869 248134 386635 247686 275207 408999
338022 394172 402125 281686 375628 479926 303192 441693 302743 330264 464056
329909 386060 394012 273574 367516 471813 295078 433579 294630 322151 455943
448437 504587 512540 392101 486043 590341 413606 552108 413159 440678 574470
453888 510038 517991 397553 491495 595793 419057 557559 418609 446129 579922
451198 507349 515301 394863 488804 593102 416367 554868 415920 443440 577231
465098 521248 529201 408762 502704 607001 430267 568767 429818 457339 591131
319699 375848 383802 263363 357305 461603 284868 423369 284419 311940 445732
452924 509073 517026 396588 490530 594828 418092 556594 417644 445165 578956
295664 351814 359766 239327 333269 437567 260833 399333 260385 287904 421696
429210 485361 493313 372875 466817 571115 394380 532881 393931 421452 555243
296977 353127 361080 240641 334582 438881 262146 400647 261698 289217 423009
390491 446641 454594 334154 428097 532395 355659 494161 355212 382731 516524
426996 483147 491099 370660 464602 568900 392165 530666 391717 419237 553029
335607 391757 399710 279271 373213 477511 300776 439277 300328 327848 461640
471981 528132 536084 415646 509587 613885 437150 575652 436702 464223 598014
327291 383440 391394 270955 364897 469194 292460 430961 292012 319532 453323
389326 445476 453429 332990 426932 531230 354495 492996 354047 381567 515359
422641 478791 486745 366306 460247 564546 387811 526311 387363 414883 548674
382958 439108 447062 326622 420564 524862 348127 486629 347679 375199 508992
379608 435759 443711 323272 417214 521512 344777 483278 344329 371849 505641
304889 361039 368992 248554 342496 446794 270059 408559 269610 297131 430922
355438 411587 419541 299101 393043 497341 320607 459108 320159 347678 481470
439340 495490 503442 383004 476945 581244 404508 543010 404061 431580 565372
284639 340788 348741 228303 322245 426543 249807 388309 249359 276879 410671
341048 397199 405152 284713 378654 482952 306217 444719 305769 333289 467082
401193 457343 465295 344856 438799 543096 366361 504862 365914 393433 527225
336310 392460 400413 279974 373916 478215 301480 439980 301031 328551 462343
468959 525110 533063 412623 506565 610864 434128 572629 433680 461200 594993
436174 492325 500278 379838 473780 578079 401344 539845 400896 428415 562207
371597 427748 435701 315261 409204 513501 336766 475268 336318 363838 497630
410424 466573 474527 354088 448030 552328 375592 514093 375144 402665 536456
304882 361032 368984 248545 342487 446785 270051 408552 269603 297122 430914
447547 503698 511651 391212 485153 589452 412717 551218 412268 439788 573580
392034 448185 456137 335698 429641 533938 357204 495705 356756 384275 518067
318490 374639 382593 262154 356096 460393 283658 422160 283210 310730 444523
346918 403067 411021 290581 384524 488822 312087 450587 311639 339158 472951
311746 367896 375849 255410 349352 453649 276915 415415 276466 303987 437779
450199 506349 514303 393864 487805 592103 415368 553869 414920 442440 576232
297662 353812 361765 241326 335268 439567 262831 401332 262384 289903 423696
367440 423591 431543 311105 405046 509344 332610 471110 332162 359681 493474
356996 413146 421098 300660 394602 498899 322164 460665 321716 349236 483029
320294 376444 384397 263958 357900 462197 285463 423963 285015 312535 446327
450620 506769 514722 394283 488226 592524 415788 554290 415341 442861 576652
369385 425536 433489 313050 406992 511289 334554 473055 334107 361626 495418
429506 485656 493608 373169 467112 571410 394675 533176 394226 421746 555539
369507 425658 433611 313172 407113 511411 334676 473177 334228 361748 495540
343432 399581 407535 287095 381037 485335 308600 447101 308152 335672 469465
444605 500755 508708 388269 482210 586508 409773 548274 409325 436845 570638
