500 15
654825 654825 654825 654825 654825 654825 654825 654825 654825 654825 654825 654825 654825 654825 654825
661167 661167 661167 661167 661167 661167 661167 661167 661167 661167 661167 661167 661167 661167 661168
268891 268891 268891 268891 268891 268891 268891 268891 268891 268891 268891 268891 268891 268892 268892
474390 474390 474390 474390 474390 474390 474390 474390 474390 474390 474390 474390 474391 474391 474391
93910 93910 93910 93910 93910 93910 93910 93910 93910 93910 93910 93911 93911 93911 93911
341801 341801 341801 341801 341801 341801 341801 341801 341801 341801 341802 341802 341802 341802 341802
529370 529370 529370 529370 529370 529370 529370 529370 529370 529371 529371 529371 529371 529371 529371
177175 177175 177175 177175 177175 177175 177175 177175 177176 177176 177176 177176 177176 177176 177176
71147 71147 71147 71147 71147 71147 71147 71148 71148 71148 71148 71148 71148 71148 71148
615520 615520 615520 615520 615520 615520 615521 615521 615521 615521 615521 615521 615521 615521 615521
477146 477146 477146 477146 477146 477147 477147 477147 477147 477147 477147 477147 477147 477147 477147
242064 242064 242064 242064 242065 242065 242065 242065 242065 242065 242065 242065 242065 242065 242065
660863 660863 660863 660864 660864 660864 660864 660864 660864 660864 660864 660864 660864 660864 660864
39684 39684 39685 39685 39685 39685 39685 39685 39685 39685 39685 39685 39685 39685 39685
494269 494270 494270 494270 494270 494270 494270 494270 494270 494270 494270 494270 494270 494270 494270
360089 360089 360089 360089 360089 360089 360089 360089 360089 360089 360089 360089 360089 360089 360089
265135 265135 265135 265135 265135 265135 265135 265135 265135 265135 265135 265135 265135 265135 265135
396212 396212 396212 396212 396212 396212 396212 396212 396212 396212 396212 396212 396212 396212 396212
34614 34614 34614 34614 34614 34614 34614 34614 34614 34614 34614 34614 34614 34614 34614
592278 592278 592278 592278 592278 592278 592278 592278 592278 592278 592278 592278 592278 592278 592278
647435 647435 647435 647435 647435 647435 647435 647435 647435 647435 647435 647435 647435 647435 647435
573296 573296 573296 573296 573296 573296 573296 573296 573296 573296 573296 573296 573296 573296 573296
212720 212720 212720 212720 212720 212720 212720 212720 212720 212720 212720 212720 212720 212720 212720
341984 341984 341984 341984 341984 341984 341984 341984 341984 341984 341984 341984 341984 341984 341984
246418 246418 246418 246418 246418 246418 246418 246418 246418 246418 246418 246418 246418 246418 246418
70838 70838 70838 70838 70838 70838 70838 70838 70838 70838 70838 70838 70838 70838 70838
594467 594467 594467 594467 594467 594467 594467 594467 594467 594467 594467 594467 594467 594467 594467
550355 550355 550355 550355 550355 550355 550355 550355 550355 550355 550355 550355 550355 550355 550355
465799 465799 465799 465799 465799 465799 465799 465799 465799 465799 465799 465799 465799 465799 465799
717890 717890 717890 717890 717890 717890 717890 717890 717890 717890 717890 717890 717890 717890 717890
416168 416168 416168 416168 416168 416168 416168 416168 416168 416168 416168 416168 416168 416168 416168
409242 409242 409242 409242 409242 409242 409242 409242 409242 409242 409242 409242 409242 409242 409242
184987 184987 184987 184987 184987 184987 184987 184987 184987 184987 184987 184987 184987 184987 184987
230325 230325 230325 230325 230325 230325 230325 230325 230325 230325 230325 230325 230325 230325 230325
4348 4348 4348 4348 4348 4348 4348 4348 4348 4348 4348 4348 4348 4348 4348
81496 81496 81496 81496 81496 81496 81496 81496 81496 81496 81496 81496 81496 81496 81496
590806 590806 590806 590806 590806 590806 590806 590806 590806 590806 590806 590806 590806 590806 590806
149752 149752 149752 149752 149752 149752 149752 149752 149752 149752 149752 149752 149752 149752 149752
631646 631646 631646 631646 631646 631646 631646 631646 631646 631646 631646 631646 631646 631646 631646
671802 671802 671802 671802 671802 671802 671802 671802 671802 671802 671802 671802 671802 671802 671802
526069 526069 526069 526069 526069 526069 526069 526069 526069 526069 526069 526069 526069 526069 526069
517791 517791 517791 517791 517791 517791 517791 517791 517791 517791 517791 517791 517791 517791 517791
41101 41101 41101 41101 41101 41101 41101 41101 41101 41101 41101 41101 41101 41101 41101
90965 90965 90965 90965 90965 90965 90965 90965 90965 90965 90965 90965 90965 90965 90965
135223 135223 135223 135223 135223 135223 135223 135223 135223 135223 135223 135223 135223 135223 135223
282348 282348 282348 282348 282348 282348 282348 282348 282348 282348 282348 282348 282348 282348 282348
71753 71753 71753 71753 71753 71753 71753 71753 71753 71753 71753 71753 71753 71753 71753
169252 169252 169252 169252 169252 169252 169252 169252 169252 169252 169252 169252 169252 169252 169252
248102 248102 248102 248102 248102 248102 248102 248102 248102 248102 248102 248102 248102 248102 248102
89392 89392 89392 89392 89392 89392 89392 89392 89392 89392 89392 89392 89392 89392 89392
581040 581040 581040 581040 581040 581040 581040 581040 581040 581040 581040 581040 581040 581040 581040
249087 249087 249087 249087 249087 249087 249087 249087 249087 249087 249087 249087 249087 249087 249087
277691 277691 277691 277691 277691 277691 277691 277691 277691 277691 277691 277691 277691 277691 277691
147032 147032 147032 147032 147032 147032 147032 147032 147032 147032 147032 147032 147032 147032 147032
552023 552023 552023 552023 552023 552023 552023 552023 552023 552023 552023 552023 552023 552023 552023
567750 567750 567750 567750 567750 567750 567750 567750 567750 567750 567750 567750 567750 567750 567750
545092 545092 545092 545092 545092 545092 545092 545092 545092 545092 545092 545092 545092 545092 545092
293791 293791 293791 293791 293791 293791 293791 293791 293791 293791 293791 293791 293791 293791 293791
377202 377202 377202 377202 377202 377202 377202 377202 377202 377202 377202 377202 377202 377202 377202
425517 425517 425517 425517 425517 425517 425517 425517 425517 425517 425517 425517 425517 425517 425517
127138 127138 127138 127138 127138 127138 127138 127138 127138 127138 127138 127138 127138 127138 127138
533754 533754 533754 533754 533754 533754 533754 533754 533754 533754 533754 533754 533754 533754 533754
560914 560914 560914 560914 560914 560914 560914 560914 560914 560914 560914 560914 560914 560914 560914
304937 304937 304937 304937 304937 304937 304937 304937 304937 304937 304937 304937 304937 304937 304937
193704 193704 193704 193704 193704 193704 193704 193704 193704 193704 193704 193704 193704 193704 193704
350961 350961 350961 350961 350961 350961 350961 350961 350961 350961 350961 350961 350961 350961 350961
140983 140983 140983 140983 140983 140983 140983 140983 140983 140983 140983 140983 140983 140983 140983
511951 511951 511951 511951 511951 511951 511951 511951 511951 511951 511951 511951 511951 511951 511951
333349 333349 333349 333349 333349 333349 333349 333349 333349 333349 333349 333349 333349 333349 333349
641009 641009 641009 641009 641009 641009 641009 641009 641009 641009 641009 641009 641009 641009 641009
165919 165919 165919 165919 165919 165919 165919 165919 165919 165919 165919 165919 165919 165919 165919
440497 440497 440497 440497 440497 440497 440497 440497 440497 440497 440497 440497 440497 440497 440497
7795 7795 7795 7795 7795 7795 7795 7795 7795 7795 7795 7795 7795 7795 7795
635604 635604 635604 635604 635604 635604 635604 635604 635604 635604 635604 635604 635604 635604 635604
215755 215755 215755 215755 215755 215755 215755 215755 215755 215755 215755 215755 215755 215755 215755
337167 337167 337167 337167 337167 337167 337167 337167 337167 337167 337167 337167 337167 337167 337167
141288 141288 141288 141288 141288 141288 141288 141288 141288 141288 141288 141288 141288 141288 141288
322074 322074 322074 322074 322074 322074 322074 322074 322074 322074 322074 322074 322074 322074 322074
353507 353507 353507 353507 353507 353507 353507 353507 353507 353507 353507 353507 353507 353507 353507
153144 153144 153144 153144 153144 153144 153144 153144 153144 153144 153144 153144 153144 153144 153144
337270 337270 337270 337270 337270 337270 337270 337270 337270 337270 337270 337270 337270 337270 337270
432526 432526 432526 432526 432526 432526 432526 432526 432526 432526 432526 432526 432526 432526 432526
1535 1535 1535 1535 1535 1535 1535 1535 1535 1535 1535 1535 1535 1535 1535
110489 110489 110489 110489 110489 110489 110489 110489 110489 110489 110489 110489 110489 110489 110489
503425 503425 503425 503425 503425 503425 503425 503425 503425 503425 503425 503425 503425 503425 503425
642141 642141 642141 642141 642141 642141 642141 642141 642141 642141 642141 642141 642141 642141 642141
145486 145486 145486 145486 145486 145486 145486 145486 145486 145486 145486 145486 145486 145486 145486
270554 270554 270554 270554 270554 270554 270554 270554 270554 270554 270554 270554 270554 270554 270554
446205 446205 446205 446205 446205 446205 446205 446205 446205 446205 446205 446205 446205 446205 446205
351429 351429 351429 351429 351429 351429 351429 351429 351429 351429 351429 351429 351429 351429 351429
517074 517074 517074 517074 517074 517074 517074 517074 517074 517074 517074 517074 517074 517074 517074
303259 303259 303259 303259 303259 303259 303259 303259 303259 303259 303259 303259 303259 303259 303259
492967 492967 492967 492967 492967 492967 492967 492967 492967 492967 492967 492967 492967 492967 492967
176027 176027 176027 176027 176027 176027 176027 176027 176027 176027 176027 176027 176027 176027 176027
286691 286691 286691 286691 286691 286691 286691 286691 286691 286691 286691 286691 286691 286691 286691
503124 503124 503124 503124 503124 503124 503124 503124 503124 503124 503124 503124 503124 503124 503124
369261 369261 369261 369261 369261 369261 369261 369261 369261 369261 369261 369261 369261 369261 369261
610213 610213 610213 610213 610213 610213 610213 610213 610213 610213 610213 610213 610213 610213 610213
182635 182635 182635 182635 182635 182635 182635 182635 182635 182635 182635 182635 182635 182635 182635
685715 685715 685715 685715 685715 685715 685715 685715 685715 685715 685715 685715 685715 685715 685715
245977 245977 245977 245977 245977 245977 245977 245977 245977 245977 245977 245977 245977 245977 245977
151253 151253 151253 151253 151253 151253 151253 151253 151253 151253 151253 151253 151253 151253 151253
29395 29395 29395 29395 29395 29395 29395 29395 29395 29395 29395 29395 29395 29395 29395
565255 565255 565255 565255 565255 565255 565255 565255 565255 565255 565255 565255 565255 565255 565255
229883 229883 229883 229883 229883 229883 229883 229883 229883 229883 229883 229883 229883 229883 229883
561337 561337 561337 561337 561337 561337 561337 561337 561337 561337 561337 561337 561337 561337 561337
446686 446686 446686 446686 446686 446686 446686 446686 446686 446686 446686 446686 446686 446686 446686
661649 661649 661649 661649 661649 661649 661649 661649 661649 661649 661649 661649 661649 661649 661649
386723 386723 386723 386723 386723 386723 386723 386723 386723 386723 386723 386723 386723 386723 386723
111155 111155 111155 111155 111155 111155 111155 111155 111155 111155 111155 111155 111155 111155 111155
463126 463126 463126 463126 463126 463126 463126 463126 463126 463126 463126 463126 463126 463126 463126
173558 173558 173558 173558 173558 173558 173558 173558 173558 173558 173558 173558 173558 173558 173558
363858 363858 363858 363858 363858 363858 363858 363858 363858 363858 363858 363858 363858 363858 363858
392492 392492 392492 392492 392492 392492 392492 392492 392492 392492 392492 392492 392492 392492 392492
742625 742625 742625 742625 742625 742625 742625 742625 742625 742625 742625 742625 742625 742625 742625
228950 228950 228950 228950 228950 228950 228950 228950 228950 228950 228950 228950 228950 228950 228950
483723 483723 483723 483723 483723 483723 483723 483723 483723 483723 483723 483723 483723 483723 483723
617846 617846 617846 617846 617846 617846 617846 617846 617846 617846 617846 617846 617846 617846 617846
343998 343998 343998 343998 343998 343998 343998 343998 343998 343998 343998 343998 343998 343998 343998
478037 478037 478037 478037 478037 478037 478037 478037 478037 478037 478037 478037 478037 478037 478037
388983 388983 388983 388983 388983 388983 388983 388983 388983 388983 388983 388983 388983 388983 388983
216547 216547 216547 216547 216547 216547 216547 216547 216547 216547 216547 216547 216547 216547 216547
96104 96104 96104 96104 96104 96104 96104 96104 96104 96104 96104 96104 96104 96104 96104
21237 21237 21237 21237 21237 21237 21237 21237 21237 21237 21237 21237 21237 21237 21237
16752 16752 16752 16752 16752 16752 16752 16752 16752 16752 16752 16752 16752 16752 16752
482739 482739 482739 482739 482739 482739 482739 482739 482739 482739 482739 482739 482739 482739 482739
191009 191009 191009 191009 191009 191009 191009 191009 191009 191009 191009 191009 191009 191009 191009
354181 354181 354181 354181 354181 354181 354181 354181 354181 354181 354181 354181 354181 354181 354181
692578 692578 692578 692578 692578 692578 692578 692578 692578 692578 692578 692578 692578 692578 692578
309529 309529 309529 309529 309529 309529 309529 309529 309529 309529 309529 309529 309529 309529 309529
745523 745523 745523 745523 745523 745523 745523 745523 745523 745523 745523 745523 745523 745523 745523
424865 424865 424865 424865 424865 424865 424865 424865 424865 424865 424865 424865 424865 424865 424865
258950 258950 258950 258950 258950 258950 258950 258950 258950 258950 258950 258950 258950 258950 258950
656371 656371 656371 656371 656371 656371 656371 656371 656371 656371 656371 656371 656371 656371 656371
674260 674260 674260 674260 674260 674260 674260 674260 674260 674260 674260 674260 674260 674260 674260
284017 284017 284017 284017 284017 284017 284017 284017 284017 284017 284017 284017 284017 284017 284017
659595 659595 659595 659595 659595 659595 659595 659595 659595 659595 659595 659595 659595 659595 659595
82270 82270 82270 82270 82270 82270 82270 82270 82270 82270 82270 82270 82270 82270 82270
7573 7573 7573 7573 7573 7573 7573 7573 7573 7573 7573 7573 7573 7573 7573
171414 171414 171414 171414 171414 171414 171414 171414 171414 171414 171414 171414 171414 171414 171414
548467 548467 548467 548467 548467 548467 548467 548467 548467 548467 548467 548467 548467 548467 548467
663421 663421 663421 663421 663421 663421 663421 663421 663421 663421 663421 663421 663421 663421 663421
620236 620236 620236 620236 620236 620236 620236 620236 620236 620236 620236 620236 620236 620236 620236
519638 519638 519638 519638 519638 519638 519638 519638 519638 519638 519638 519638 519638 519638 519638
609432 609432 609432 609432 609432 609432 609432 609432 609432 609432 609432 609432 609432 609432 609432
715208 715208 715208 715208 715208 715208 715208 715208 715208 715208 715208 715208 715208 715208 715208
108424 108424 108424 108424 108424 108424 108424 108424 108424 108424 108424 108424 108424 108424 108424
242842 242842 242842 242842 242842 242842 242842 242842 242842 242842 242842 242842 242842 242842 242842
217171 217171 217171 217171 217171 217171 217171 217171 217171 217171 217171 217171 217171 217171 217171
413927 413927 413927 413927 413927 413927 413927 413927 413927 413927 413927 413927 413927 413927 413927
720565 720565 720565 720565 720565 720565 720565 720565 720565 720565 720565 720565 720565 720565 720565
16366 16366 16366 16366 16366 16366 16366 16366 16366 16366 16366 16366 16366 16366 16366
727855 727855 727855 727855 727855 727855 727855 727855 727855 727855 727855 727855 727855 727855 727855
549731 549731 549731 549731 549731 549731 549731 549731 549731 549731 549731 549731 549731 549731 549731
391827 391827 391827 391827 391827 391827 391827 391827 391827 391827 391827 391827 391827 391827 391827
15074 15074 15074 15074 15074 15074 15074 15074 15074 15074 15074 15074 15074 15074 15074
661056 661056 661056 661056 661056 661056 661056 661056 661056 661056 661056 661056 661056 661056 661056
127802 127802 127802 127802 127802 127802 127802 127802 127802 127802 127802 127802 127802 127802 127802
672554 672554 672554 672554 672554 672554 672554 672554 672554 672554 672554 672554 672554 672554 672554
588315 588315 588315 588315 588315 588315 588315 588315 588315 588315 588315 588315 588315 588315 588315
331232 331232 331232 331232 331232 331232 331232 331232 331232 331232 331232 331232 331232 331232 331232
13419 13419 13419 13419 13419 13419 13419 13419 13419 13419 13419 13419 13419 13419 13419
669899 669899 669899 669899 669899 669899 669899 669899 669899 669899 669899 669899 669899 669899 669899
73967 73967 73967 73967 73967 73967 73967 73967 73967 73967 73967 73967 73967 73967 73967
672741 672741 672741 672741 672741 672741 672741 672741 672741 672741 672741 672741 672741 672741 672741
184229 184229 184229 184229 184229 184229 184229 184229 184229 184229 184229 184229 184229 184229 184229
549799 549799 549799 549799 549799 549799 549799 549799 549799 549799 549799 549799 549799 549799 549799
211267 211267 211267 211267 211267 211267 211267 211267 211267 211267 211267 211267 211267 211267 211267
234502 234502 234502 234502 234502 234502 234502 234502 234502 234502 234502 234502 234502 234502 234502
111116 111116 111116 111116 111116 111116 111116 111116 111116 111116 111116 111116 111116 111116 111116
175722 175722 175722 175722 175722 175722 175722 175722 175722 175722 175722 175722 175722 175722 175722
73720 73720 73720 73720 73720 73720 73720 73720 73720 73720 73720 73720 73720 73720 73720
242983 242983 242983 242983 242983 242983 242983 242983 242983 242983 242983 242983 242983 242983 242983
537177 537177 537177 537177 537177 537177 537177 537177 537177 537177 537177 537177 537177 537177 537177
333375 333375 333375 333375 333375 333375 333375 333375 333375 333375 333375 333375 333375 333375 333375
354624 354624 354624 354624 354624 354624 354624 354624 354624 354624 354624 354624 354624 354624 354624
72870 72870 72870 72870 72870 72870 72870 72870 72870 72870 72870 72870 72870 72870 72870
225862 225862 225862 225862 225862 225862 225862 225862 225862 225862 225862 225862 225862 225862 225862
226333 226333 226333 226333 226333 226333 226333 226333 226333 226333 226333 226333 226333 226333 226333
621460 621460 621460 621460 621460 621460 621460 621460 621460 621460 621460 621460 621460 621460 621460
466698 466698 466698 466698 466698 466698 466698 466698 466698 466698 466698 466698 466698 466698 466698
187031 187031 187031 187031 187031 187031 187031 187031 187031 187031 187031 187031 187031 187031 187031
607439 607439 607439 607439 607439 607439 607439 607439 607439 607439 607439 607439 607439 607439 607439
394611 394611 394611 394611 394611 394611 394611 394611 394611 394611 394611 394611 394611 394611 394611
707362 707362 707362 707362 707362 707362 707362 707362 707362 707362 707362 707362 707362 707362 707362
653313 653313 653313 653313 653313 653313 653313 653313 653313 653313 653313 653313 653313 653313 653313
380794 380794 380794 380794 380794 380794 380794 380794 380794 380794 380794 380794 380794 380794 380794
553741 553741 553741 553741 553741 553741 553741 553741 553741 553741 553741 553741 553741 553741 553741
529856 529856 529856 529856 529856 529856 529856 529856 529856 529856 529856 529856 529856 529856 529856
56691 56691 56691 56691 56691 56691 56691 56691 56691 56691 56691 56691 56691 56691 56691
638052 638052 638052 638052 638052 638052 638052 638052 638052 638052 638052 638052 638052 638052 638052
649743 649743 649743 649743 649743 649743 649743 649743 649743 649743 649743 649743 649743 649743 649743
573801 573801 573801 573801 573801 573801 573801 573801 573801 573801 573801 573801 573801 573801 573801
67647 67647 67647 67647 67647 67647 67647 67647 67647 67647 67647 67647 67647 67647 67647
718255 718255 718255 718255 718255 718255 718255 718255 718255 718255 718255 718255 718255 718255 718255
123099 123099 123099 123099 123099 123099 123099 123099 123099 123099 123099 123099 123099 123099 123099
248372 248372 248372 248372 248372 248372 248372 248372 248372 248372 248372 248372 248372 248372 248372
169196 169196 169196 169196 169196 169196 169196 169196 169196 169196 169196 169196 169196 169196 169196
191345 191345 191345 191345 191345 191345 191345 191345 191345 191345 191345 191345 191345 191345 191345
30725 30725 30725 30725 30725 30725 30725 30725 30725 30725 30725 30725 30725 30725 30725
67695 67695 67695 67695 67695 67695 67695 67695 67695 67695 67695 67695 67695 67695 67695
451881 451881 451881 451881 451881 451881 451881 451881 451881 451881 451881 451881 451881 451881 451881
558474 558474 558474 558474 558474 558474 558474 558474 558474 558474 558474 558474 558474 558474 558474
457276 457276 457276 457276 457276 457276 457276 457276 457276 457276 457276 457276 457276 457276 457276
619831 619831 619831 619831 619831 619831 619831 619831 619831 619831 619831 619831 619831 619831 619831
56107 56107 56107 56107 56107 56107 56107 56107 56107 56107 56107 56107 56107 56107 56107
586872 586872 586872 586872 586872 586872 586872 586872 586872 586872 586872 586872 586872 586872 586872
171729 171729 171729 171729 171729 171729 171729 171729 171729 171729 171729 171729 171729 171729 171729
644589 644589 644589 644589 644589 644589 644589 644589 644589 644589 644589 644589 644589 644589 644589
450193 450193 450193 450193 450193 450193 450193 450193 450193 450193 450193 450193 450193 450193 450193
505199 505199 505199 505199 505199 505199 505199 505199 505199 505199 505199 505199 505199 505199 505199
172809 172809 172809 172809 172809 172809 172809 172809 172809 172809 172809 172809 172809 172809 172809
245727 245727 245727 245727 245727 245727 245727 245727 245727 245727 245727 245727 245727 245727 245727
518108 518108 518108 518108 518108 518108 518108 518108 518108 518108 518108 518108 518108 518108 518108
641846 641846 641846 641846 641846 641846 641846 641846 641846 641846 641846 641846 641846 641846 641846
733996 733996 733996 733996 733996 733996 733996 733996 733996 733996 733996 733996 733996 733996 733996
160907 160907 160907 160907 160907 160907 160907 160907 160907 160907 160907 160907 160907 160907 160907
709681 709681 709681 709681 709681 709681 709681 709681 709681 709681 709681 709681 709681 709681 709681
653893 653893 653893 653893 653893 653893 653893 653893 653893 653893 653893 653893 653893 653893 653893
309435 309435 309435 309435 309435 309435 309435 309435 309435 309435 309435 309435 309435 309435 309435
71433 71433 71433 71433 71433 71433 71433 71433 71433 71433 71433 71433 71433 71433 71433
148605 148605 148605 148605 148605 148605 148605 148605 148605 148605 148605 148605 148605 148605 148605
67600 67600 67600 67600 67600 67600 67600 67600 67600 67600 67600 67600 67600 67600 67600
392355 392355 392355 392355 392355 392355 392355 392355 392355 392355 392355 392355 392355 392355 392355
343599 343599 343599 343599 343599 343599 343599 343599 343599 343599 343599 343599 343599 343599 343599
633840 633840 633840 633840 633840 633840 633840 633840 633840 633840 633840 633840 633840 633840 633840
636966 636966 636966 636966 636966 636966 636966 636966 636966 636966 636966 636966 636966 636966 636966
317534 317534 317534 317534 317534 317534 317534 317534 317534 317534 317534 317534 317534 317534 317534
253870 253870 253870 253870 253870 253870 253870 253870 253870 253870 253870 253870 253870 253870 253870
312813 312813 312813 312813 312813 312813 312813 312813 312813 312813 312813 312813 312813 312813 312813
190827 190827 190827 190827 190827 190827 190827 190827 190827 190827 190827 190827 190827 190827 190827
693582 693582 693582 693582 693582 693582 693582 693582 693582 693582 693582 693582 693582 693582 693582
372101 372101 372101 372101 372101 372101 372101 372101 372101 372101 372101 372101 372101 372101 372101
591117 591117 591117 591117 591117 591117 591117 591117 591117 591117 591117 591117 591117 591117 591117
246650 246650 246650 246650 246650 246650 246650 246650 246650 246650 246650 246650 246650 246650 246650
166648 166648 166648 166648 166648 166648 166648 166648 166648 166648 166648 166648 166648 166648 166648
592534 592534 592534 592534 592534 592534 592534 592534 592534 592534 592534 592534 592534 592534 592534
157443 157443 157443 157443 157443 157443 157443 157443 157443 157443 157443 157443 157443 157443 157443
250626 250626 250626 250626 250626 250626 250626 250626 250626 250626 250626 250626 250626 250626 250626
448594 448594 448594 448594 448594 448594 448594 448594 448594 448594 448594 448594 448594 448594 448594
285570 285570 285570 285570 285570 285570 285570 285570 285570 285570 285570 285570 285570 285570 285570
217718 217718 217718 217718 217718 217718 217718 217718 217718 217718 217718 217718 217718 217718 217718
265569 265569 265569 265569 265569 265569 265569 265569 265569 265569 265569 265569 265569 265569 265569
96353 96353 96353 96353 96353 96353 96353 96353 96353 96353 96353 96353 96353 96353 96353
571722 571722 571722 571722 571722 571722 571722 571722 571722 571722 571722 571722 571722 571722 571722
107742 107742 107742 107742 107742 107742 107742 107742 107742 107742 107742 107742 107742 107742 107742
388932 388932 388932 388932 388932 388932 388932 388932 388932 388932 388932 388932 388932 388932 388932
287470 287470 287470 287470 287470 287470 287470 287470 287470 287470 287470 287470 287470 287470 287470
387199 387199 387199 387199 387199 387199 387199 387199 387199 387199 387199 387199 387199 387199 387199
424528 424528 424528 424528 424528 424528 424528 424528 424528 424528 424528 424528 424528 424528 424528
572033 572033 572033 572033 572033 572033 572033 572033 572033 572033 572033 572033 572033 572033 572033
492686 492686 492686 492686 492686 492686 492686 492686 492686 492686 492686 492686 492686 492686 492686
651973 651973 651973 651973 651973 651973 651973 651973 651973 651973 651973 651973 651973 651973 651973
44752 44752 44752 44752 44752 44752 44752 44752 44752 44752 44752 44752 44752 44752 44752
736805 736805 736805 736805 736805 736805 736805 736805 736805 736805 736805 736805 736805 736805 736805
409873 409873 409873 409873 409873 409873 409873 409873 409873 409873 409873 409873 409873 409873 409873
134034 134034 134034 134034 134034 134034 134034 134034 134034 134034 134034 134034 134034 134034 134034
333816 333816 333816 333816 333816 333816 333816 333816 333816 333816 333816 333816 333816 333816 333816
27670 27670 27670 27670 27670 27670 27670 27670 27670 27670 27670 27670 27670 27670 27670
566036 566036 566036 566036 566036 566036 566036 566036 566036 566036 566036 566036 566036 566036 566036
347623 347623 347623 347623 347623 347623 347623 347623 347623 347623 347623 347623 347623 347623 347623
370776 370776 370776 370776 370776 370776 370776 370776 370776 370776 370776 370776 370776 370776 370776
430477 430477 430477 430477 430477 430477 430477 430477 430477 430477 430477 430477 430477 430477 430477
399453 399453 399453 399453 399453 399453 399453 399453 399453 399453 399453 399453 399453 399453 399453
681190 681190 681190 681190 681190 681190 681190 681190 681190 681190 681190 681190 681190 681190 681190
170430 170430 170430 170430 170430 170430 170430 170430 170430 170430 170430 170430 170430 170430 170430
420956 420956 420956 420956 420956 420956 420956 420956 420956 420956 420956 420956 420956 420956 420956
31969 31969 31969 31969 31969 31969 31969 31969 31969 31969 31969 31969 31969 31969 31969
179719 179719 179719 179719 179719 179719 179719 179719 179719 179719 179719 179719 179719 179719 179719
434478 434478 434478 434478 434478 434478 434478 434478 434478 434478 434478 434478 434478 434478 434478
613835 613835 613835 613835 613835 613835 613835 613835 613835 613835 613835 613835 613835 613835 613835
346421 346421 346421 346421 346421 346421 346421 346421 346421 346421 346421 346421 346421 346421 346421
265655 265655 265655 265655 265655 265655 265655 265655 265655 265655 265655 265655 265655 265655 265655
417828 417828 417828 417828 417828 417828 417828 417828 417828 417828 417828 417828 417828 417828 417828
173731 173731 173731 173731 173731 173731 173731 173731 173731 173731 173731 173731 173731 173731 173731
461567 461567 461567 461567 461567 461567 461567 461567 461567 461567 461567 461567 461567 461567 461567
683910 683910 683910 683910 683910 683910 683910 683910 683910 683910 683910 683910 683910 683910 683910
74521 74521 74521 74521 74521 74521 74521 74521 74521 74521 74521 74521 74521 74521 74521
687674 687674 687674 687674 687674 687674 687674 687674 687674 687674 687674 687674 687674 687674 687674
17283 17283 17283 17283 17283 17283 17283 17283 17283 17283 17283 17283 17283 17283 17283
317167 317167 317167 317167 317167 317167 317167 317167 317167 317167 317167 317167 317167 317167 317167
380070 380070 380070 380070 380070 380070 380070 380070 380070 380070 380070 380070 380070 380070 380070
435101 435101 435101 435101 435101 435101 435101 435101 435101 435101 435101 435101 435101 435101 435101
199856 199856 199856 199856 199856 199856 199856 199856 199856 199856 199856 199856 199856 199856 199856
625617 625617 625617 625617 625617 625617 625617 625617 625617 625617 625617 625617 625617 625617 625617
260044 260044 260044 260044 260044 260044 260044 260044 260044 260044 260044 260044 260044 260044 260044
412109 412109 412109 412109 412109 412109 412109 412109 412109 412109 412109 412109 412109 412109 412109
398503 398503 398503 398503 398503 398503 398503 398503 398503 398503 398503 398503 398503 398503 398503
564607 564607 564607 564607 564607 564607 564607 564607 564607 564607 564607 564607 564607 564607 564607
337602 337602 337602 337602 337602 337602 337602 337602 337602 337602 337602 337602 337602 337602 337602
41675 41675 41675 41675 41675 41675 41675 41675 41675 41675 41675 41675 41675 41675 41675
613763 613763 613763 613763 613763 613763 613763 613763 613763 613763 613763 613763 613763 613763 613763
729569 729569 729569 729569 729569 729569 729569 729569 729569 729569 729569 729569 729569 729569 729569
158970 158970 158970 158970 158970 158970 158970 158970 158970 158970 158970 158970 158970 158970 158970
285745 285745 285745 285745 285745 285745 285745 285745 285745 285745 285745 285745 285745 285745 285745
246858 246858 246858 246858 246858 246858 246858 246858 246858 246858 246858 246858 246858 246858 246858
274686 274686 274686 274686 274686 274686 274686 274686 274686 274686 274686 274686 274686 274686 274686
720734 720734 720734 720734 720734 720734 720734 720734 720734 720734 720734 720734 720734 720734 720734
554076 554076 554076 554076 554076 554076 554076 554076 554076 554076 554076 554076 554076 554076 554076
150760 150760 150760 150760 150760 150760 150760 150760 150760 150760 150760 150760 150760 150760 150760
85847 85847 85847 85847 85847 85847 85847 85847 85847 85847 85847 85847 85847 85847 85847
303452 303452 303452 303452 303452 303452 303452 303452 303452 303452 303452 303452 303452 303452 303452
378181 378181 378181 378181 378181 378181 378181 378181 378181 378181 378181 378181 378181 378181 378181
357295 357295 357295 357295 357295 357295 357295 357295 357295 357295 357295 357295 357295 357295 357295
476984 476984 476984 476984 476984 476984 476984 476984 476984 476984 476984 476984 476984 476984 476984
477427 477427 477427 477427 477427 477427 477427 477427 477427 477427 477427 477427 477427 477427 477427
706850 706850 706850 706850 706850 706850 706850 706850 706850 706850 706850 706850 706850 706850 706850
499951 499951 499951 499951 499951 499951 499951 499951 499951 499951 499951 499951 499951 499951 499951
665409 665409 665409 665409 665409 665409 665409 665409 665409 665409 665409 665409 665409 665409 665409
547411 547411 547411 547411 547411 547411 547411 547411 547411 547411 547411 547411 547411 547411 547411
534472 534472 534472 534472 534472 534472 534472 534472 534472 534472 534472 534472 534472 534472 534472
50242 50242 50242 50242 50242 50242 50242 50242 50242 50242 50242 50242 50242 50242 50242
625038 625038 625038 625038 625038 625038 625038 625038 625038 625038 625038 625038 625038 625038 625038
437877 437877 437877 437877 437877 437877 437877 437877 437877 437877 437877 437877 437877 437877 437877
458399 458399 458399 458399 458399 458399 458399 458399 458399 458399 458399 458399 458399 458399 458399
720220 720220 720220 720220 720220 720220 720220 720220 720220 720220 720220 720220 720220 720220 720220
298546 298546 298546 298546 298546 298546 298546 298546 298546 298546 298546 298546 298546 298546 298546
399569 399569 399569 399569 399569 399569 399569 399569 399569 399569 399569 399569 399569 399569 399569
227007 227007 227007 227007 227007 227007 227007 227007 227007 227007 227007 227007 227007 227007 227007
456969 456969 456969 456969 456969 456969 456969 456969 456969 456969 456969 456969 456969 456969 456969
375016 375016 375016 375016 375016 375016 375016 375016 375016 375016 375016 375016 375016 375016 375016
145325 145325 145325 145325 145325 145325 145325 145325 145325 145325 145325 145325 145325 145325 145325
345912 345912 345912 345912 345912 345912 345912 345912 345912 345912 345912 345912 345912 345912 345912
449717 449717 449717 449717 449717 449717 449717 449717 449717 449717 449717 449717 449717 449717 449717
257376 257376 257376 257376 257376 257376 257376 257376 257376 257376 257376 257376 257376 257376 257376
59862 59862 59862 59862 59862 59862 59862 59862 59862 59862 59862 59862 59862 59862 59862
65333 65333 65333 65333 65333 65333 65333 65333 65333 65333 65333 65333 65333 65333 65333
332181 332181 332181 332181 332181 332181 332181 332181 332181 332181 332181 332181 332181 332181 332181
553761 553761 553761 553761 553761 553761 553761 553761 553761 553761 553761 553761 553761 553761 553761
575682 575682 575682 575682 575682 575682 575682 575682 575682 575682 575682 575682 575682 575682 575682
573242 573242 573242 573242 573242 573242 573242 573242 573242 573242 573242 573242 573242 573242 573242
168119 168119 168119 168119 168119 168119 168119 168119 168119 168119 168119 168119 168119 168119 168119
111753 111753 111753 111753 111753 111753 111753 111753 111753 111753 111753 111753 111753 111753 111753
135706 135706 135706 135706 135706 135706 135706 135706 135706 135706 135706 135706 135706 135706 135706
735150 735150 735150 735150 735150 735150 735150 735150 735150 735150 735150 735150 735150 735150 735150
324811 324811 324811 324811 324811 324811 324811 324811 324811 324811 324811 324811 324811 324811 324811
57383 57383 57383 57383 57383 57383 57383 57383 57383 57383 57383 57383 57383 57383 57383
622851 622851 622851 622851 622851 622851 622851 622851 622851 622851 622851 622851 622851 622851 622851
613465 613465 613465 613465 613465 613465 613465 613465 613465 613465 613465 613465 613465 613465 613465
499053 499053 499053 499053 499053 499053 499053 499053 499053 499053 499053 499053 499053 499053 499053
296150 296150 296150 296150 296150 296150 296150 296150 296150 296150 296150 296150 296150 296150 296150
683194 683194 683194 683194 683194 683194 683194 683194 683194 683194 683194 683194 683194 683194 683194
436882 436882 436882 436882 436882 436882 436882 436882 436882 436882 436882 436882 436882 436882 436882
25091 25091 25091 25091 25091 25091 25091 25091 25091 25091 25091 25091 25091 25091 25091
285995 285995 285995 285995 285995 285995 285995 285995 285995 285995 285995 285995 285995 285995 285995
404600 404600 404600 404600 404600 404600 404600 404600 404600 404600 404600 404600 404600 404600 404600
232717 232717 232717 232717 232717 232717 232717 232717 232717 232717 232717 232717 232717 232717 232717
419759 419759 419759 419759 419759 419759 419759 419759 419759 419759 419759 419759 419759 419759 419759
665742 665742 665742 665742 665742 665742 665742 665742 665742 665742 665742 665742 665742 665742 665742
32918 32918 32918 32918 32918 32918 32918 32918 32918 32918 32918 32918 32918 32918 32918
667963 667963 667963 667963 667963 667963 667963 667963 667963 667963 667963 667963 667963 667963 667963
688919 688919 688919 688919 688919 688919 688919 688919 688919 688919 688919 688919 688919 688919 688919
589902 589902 589902 589902 589902 589902 589902 589902 589902 589902 589902 589902 589902 589902 589902
128974 128974 128974 128974 128974 128974 128974 128974 128974 128974 128974 128974 128974 128974 128974
49571 49571 49571 49571 49571 49571 49571 49571 49571 49571 49571 49571 49571 49571 49571
491570 491570 491570 491570 491570 491570 491570 491570 491570 491570 491570 491570 491570 491570 491570
701184 701184 701184 701184 701184 701184 701184 701184 701184 701184 701184 701184 701184 701184 701184
39191 39191 39191 39191 39191 39191 39191 39191 39191 39191 39191 39191 39191 39191 39191
426193 426193 426193 426193 426193 426193 426193 426193 426193 426193 426193 426193 426193 426193 426193
245890 245890 245890 245890 245890 245890 245890 245890 245890 245890 245890 245890 245890 245890 245890
258233 258233 258233 258233 258233 258233 258233 258233 258233 258233 258233 258233 258233 258233 258233
129097 129097 129097 129097 129097 129097 129097 129097 129097 129097 129097 129097 129097 129097 129097
12689 12689 12689 12689 12689 12689 12689 12689 12689 12689 12689 12689 12689 12689 12689
559345 559345 559345 559345 559345 559345 559345 559345 559345 559345 559345 559345 559345 559345 559345
118199 118199 118199 118199 118199 118199 118199 118199 118199 118199 118199 118199 118199 118199 118199
115105 115105 115105 115105 115105 115105 115105 115105 115105 115105 115105 115105 115105 115105 115105
523324 523324 523324 523324 523324 523324 523324 523324 523324 523324 523324 523324 523324 523324 523324
714108 714108 714108 714108 714108 714108 714108 714108 714108 714108 714108 714108 714108 714108 714108
394538 394538 394538 394538 394538 394538 394538 394538 394538 394538 394538 394538 394538 394538 394538
500686 500686 500686 500686 500686 500686 500686 500686 500686 500686 500686 500686 500686 500686 500686
554415 554415 554415 554415 554415 554415 554415 554415 554415 554415 554415 554415 554415 554415 554415
670294 670294 670294 670294 670294 670294 670294 670294 670294 670294 670294 670294 670294 670294 670294
595952 595952 595952 595952 595952 595952 595952 595952 595952 595952 595952 595952 595952 595952 595952
671703 671703 671703 671703 671703 671703 671703 671703 671703 671703 671703 671703 671703 671703 671703
451671 451671 451671 451671 451671 451671 451671 451671 451671 451671 451671 451671 451671 451671 451671
12460 12460 12460 12460 12460 12460 12460 12460 12460 12460 12460 12460 12460 12460 12460
93078 93078 93078 93078 93078 93078 93078 93078 93078 93078 93078 93078 93078 93078 93078
6736 6736 6736 6736 6736 6736 6736 6736 6736 6736 6736 6736 6736 6736 6736
273157 273157 273157 273157 273157 273157 273157 273157 273157 273157 273157 273157 273157 273157 273157
325721 325721 325721 325721 325721 325721 325721 325721 325721 325721 325721 325721 325721 325721 325721
367217 367217 367217 367217 367217 367217 367217 367217 367217 367217 367217 367217 367217 367217 367217
256262 256262 256262 256262 256262 256262 256262 256262 256262 256262 256262 256262 256262 256262 256262
153315 153315 153315 153315 153315 153315 153315 153315 153315 153315 153315 153315 153315 153315 153315
735271 735271 735271 735271 735271 735271 735271 735271 735271 735271 735271 735271 735271 735271 735271
57011 57011 57011 57011 57011 57011 57011 57011 57011 57011 57011 57011 57011 57011 57011
499999 499999 499999 499999 499999 499999 499999 499999 499999 499999 499999 499999 499999 499999 499999
53378 53378 53378 53378 53378 53378 53378 53378 53378 53378 53378 53378 53378 53378 53378
306642 306642 306642 306642 306642 306642 306642 306642 306642 306642 306642 306642 306642 306642 306642
363248 363248 363248 363248 363248 363248 363248 363248 363248 363248 363248 363248 363248 363248 363248
463827 463827 463827 463827 463827 463827 463827 463827 463827 463827 463827 463827 463827 463827 463827
471962 471962 471962 471962 471962 471962 471962 471962 471962 471962 471962 471962 471962 471962 471962
162212 162212 162212 162212 162212 162212 162212 162212 162212 162212 162212 162212 162212 162212 162212
732889 732889 732889 732889 732889 732889 732889 732889 732889 732889 732889 732889 732889 732889 732889
303892 303892 303892 303892 303892 303892 303892 303892 303892 303892 303892 303892 303892 303892 303892
15696 15696 15696 15696 15696 15696 15696 15696 15696 15696 15696 15696 15696 15696 15696
495805 495805 495805 495805 495805 495805 495805 495805 495805 495805 495805 495805 495805 495805 495805
221347 221347 221347 221347 221347 221347 221347 221347 221347 221347 221347 221347 221347 221347 221347
242246 242246 242246 242246 242246 242246 242246 242246 242246 242246 242246 242246 242246 242246 242246
723915 723915 723915 723915 723915 723915 723915 723915 723915 723915 723915 723915 723915 723915 723915
325477 325477 325477 325477 325477 325477 325477 325477 325477 325477 325477 325477 325477 325477 325477
200470 200470 200470 200470 200470 200470 200470 200470 200470 200470 200470 200470 200470 200470 200470
188499 188499 188499 188499 188499 188499 188499 188499 188499 188499 188499 188499 188499 188499 188499
640760 640760 640760 640760 640760 640760 640760 640760 640760 640760 640760 640760 640760 640760 640760
276592 276592 276592 276592 276592 276592 276592 276592 276592 276592 276592 276592 276592 276592 276592
52024 52024 52024 52024 52024 52024 52024 52024 52024 52024 52024 52024 52024 52024 52024
27310 27310 27310 27310 27310 27310 27310 27310 27310 27310 27310 27310 27310 27310 27310
673339 673339 673339 673339 673339 673339 673339 673339 673339 673339 673339 673339 673339 673339 673339
6200 6200 6200 6200 6200 6200 6200 6200 6200 6200 6200 6200 6200 6200 6200
193423 193423 193423 193423 193423 193423 193423 193423 193423 193423 193423 193423 193423 193423 193423
675635 675635 675635 675635 675635 675635 675635 675635 675635 675635 675635 675635 675635 675635 675635
26200 26200 26200 26200 26200 26200 26200 26200 26200 26200 26200 26200 26200 26200 26200
545830 545830 545830 545830 545830 545830 545830 545830 545830 545830 545830 545830 545830 545830 545830
272568 272568 272568 272568 272568 272568 272568 272568 272568 272568 272568 272568 272568 272568 272568
83883 83883 83883 83883 83883 83883 83883 83883 83883 83883 83883 83883 83883 83883 83883
7472 7472 7472 7472 7472 7472 7472 7472 7472 7472 7472 7472 7472 7472 7472
251831 251831 251831 251831 251831 251831 251831 251831 251831 251831 251831 251831 251831 251831 251831
716098 716098 716098 716098 716098 716098 716098 716098 716098 716098 716098 716098 716098 716098 716098
360152 360152 360152 360152 360152 360152 360152 360152 360152 360152 360152 360152 360152 360152 360152
634358 634358 634358 634358 634358 634358 634358 634358 634358 634358 634358 634358 634358 634358 634358
382475 382475 382475 382475 382475 382475 382475 382475 382475 382475 382475 382475 382475 382475 382475
445380 445380 445380 445380 445380 445380 445380 445380 445380 445380 445380 445380 445380 445380 445380
370626 370626 370626 370626 370626 370626 370626 370626 370626 370626 370626 370626 370626 370626 370626
107609 107609 107609 107609 107609 107609 107609 107609 107609 107609 107609 107609 107609 107609 107609
539649 539649 539649 539649 539649 539649 539649 539649 539649 539649 539649 539649 539649 539649 539649
129667 129667 129667 129667 129667 129667 129667 129667 129667 129667 129667 129667 129667 129667 129667
626832 626832 626832 626832 626832 626832 626832 626832 626832 626832 626832 626832 626832 626832 626832
588463 588463 588463 588463 588463 588463 588463 588463 588463 588463 588463 588463 588463 588463 588463
544084 544084 544084 544084 544084 544084 544084 544084 544084 544084 544084 544084 544084 544084 544084
43418 43418 43418 43418 43418 43418 43418 43418 43418 43418 43418 43418 43418 43418 43418
40700 40700 40700 40700 40700 40700 40700 40700 40700 40700 40700 40700 40700 40700 40700
301702 301702 301702 301702 301702 301702 301702 301702 301702 301702 301702 301702 301702 301702 301702
481753 481753 481753 481753 481753 481753 481753 481753 481753 481753 481753 481753 481753 481753 481753
523879 523879 523879 523879 523879 523879 523879 523879 523879 523879 523879 523879 523879 523879 523879
470348 470348 470348 470348 470348 470348 470348 470348 470348 470348 470348 470348 470348 470348 470348
381579 381579 381579 381579 381579 381579 381579 381579 381579 381579 381579 381579 381579 381579 381579
737747 737747 737747 737747 737747 737747 737747 737747 737747 737747 737747 737747 737747 737747 737747
215607 215607 215607 215607 215607 215607 215607 215607 215607 215607 215607 215607 215607 215607 215607
258110 258110 258110 258110 258110 258110 258110 258110 258110 258110 258110 258110 258110 258110 258110
530738 530738 530738 530738 530738 530738 530738 530738 530738 530738 530738 530738 530738 530738 530738
68349 68349 68349 68349 68349 68349 68349 68349 68349 68349 68349 68349 68349 68349 68349
642574 642574 642574 642574 642574 642574 642574 642574 642574 642574 642574 642574 642574 642574 642574
188201 188201 188201 188201 188201 188201 188201 188201 188201 188201 188201 188201 188201 188201 188201
648222 648222 648222 648222 648222 648222 648222 648222 648222 648222 648222 648222 648222 648222 648222
146251 146251 146251 146251 146251 146251 146251 146251 146251 146251 146251 146251 146251 146251 146251
249245 249245 249245 249245 249245 249245 249245 249245 249245 249245 249245 249245 249245 249245 249245
113309 113309 113309 113309 113309 113309 113309 113309 113309 113309 113309 113309 113309 113309 113309
635214 635214 635214 635214 635214 635214 635214 635214 635214 635214 635214 635214 635214 635214 635214
579233 579233 579233 579233 579233 579233 579233 579233 579233 579233 579233 579233 579233 579233 579233
282371 282371 282371 282371 282371 282371 282371 282371 282371 282371 282371 282371 282371 282371 282371
324480 324480 324480 324480 324480 324480 324480 324480 324480 324480 324480 324480 324480 324480 324480
747355 747355 747355 747355 747355 747355 747355 747355 747355 747355 747355 747355 747355 747355 747355
176003 176003 176003 176003 176003 176003 176003 176003 176003 176003 176003 176003 176003 176003 176003
713974 713974 713974 713974 713974 713974 713974 713974 713974 713974 713974 713974 713974 713974 713974
574432 574432 574432 574432 574432 574432 574432 574432 574432 574432 574432 574432 574432 574432 574432
506892 506892 506892 506892 506892 506892 506892 506892 506892 506892 506892 506892 506892 506892 506892
34739 34739 34739 34739 34739 34739 34739 34739 34739 34739 34739 34739 34739 34739 34739
708193 708193 708193 708193 708193 708193 708193 708193 708193 708193 708193 708193 708193 708193 708193
590055 590055 590055 590055 590055 590055 590055 590055 590055 590055 590055 590055 590055 590055 590055
461255 461255 461255 461255 461255 461255 461255 461255 461255 461255 461255 461255 461255 461255 461255
55951 55951 55951 55951 55951 55951 55951 55951 55951 55951 55951 55951 55951 55951 55951
249571 249571 249571 249571 249571 249571 249571 249571 249571 249571 249571 249571 249571 249571 249571
388241 388241 388241 388241 388241 388241 388241 388241 388241 388241 388241 388241 388241 388241 388241
574118 574118 574118 574118 574118 574118 574118 574118 574118 574118 574118 574118 574118 574118 574118
207529 207529 207529 207529 207529 207529 207529 207529 207529 207529 207529 207529 207529 207529 207529
502602 502602 502602 502602 502602 502602 502602 502602 502602 502602 502602 502602 502602 502602 502602
107847 107847 107847 107847 107847 107847 107847 107847 107847 107847 107847 107847 107847 107847 107847
217125 217125 217125 217125 217125 217125 217125 217125 217125 217125 217125 217125 217125 217125 217125
198009 198009 198009 198009 198009 198009 198009 198009 198009 198009 198009 198009 198009 198009 198009
678599 678599 678599 678599 678599 678599 678599 678599 678599 678599 678599 678599 678599 678599 678599
525637 525637 525637 525637 525637 525637 525637 525637 525637 525637 525637 525637 525637 525637 525637
580750 580750 580750 580750 580750 580750 580750 580750 580750 580750 580750 580750 580750 580750 580750
540689 540689 540689 540689 540689 540689 540689 540689 540689 540689 540689 540689 540689 540689 540689
632163 632163 632163 632163 632163 632163 632163 632163 632163 632163 632163 632163 632163 632163 632163
518153 518153 518153 518153 518153 518153 518153 518153 518153 518153 518153 518153 518153 518153 518153
735268 735268 735268 735268 735268 735268 735268 735268 735268 735268 735268 735268 735268 735268 735268
201257 201257 201257 201257 201257 201257 201257 201257 201257 201257 201257 201257 201257 201257 201257
490389 490389 490389 490389 490389 490389 490389 490389 490389 490389 490389 490389 490389 490389 490389
543593 543593 543593 543593 543593 543593 543593 543593 543593 543593 543593 543593 543593 543593 543593
63262 63262 63262 63262 63262 63262 63262 63262 63262 63262 63262 63262 63262 63262 63262
144403 144403 144403 144403 144403 144403 144403 144403 144403 144403 144403 144403 144403 144403 144403
26894 26894 26894 26894 26894 26894 26894 26894 26894 26894 26894 26894 26894 26894 26894
292411 292411 292411 292411 292411 292411 292411 292411 292411 292411 292411 292411 292411 292411 292411
733861 733861 733861 733861 733861 733861 733861 733861 733861 733861 733861 733861 733861 733861 733861
294891 294891 294891 294891 294891 294891 294891 294891 294891 294891 294891 294891 294891 294891 294891
629706 629706 629706 629706 629706 629706 629706 629706 629706 629706 629706 629706 629706 629706 629706
91117 91117 91117 91117 91117 91117 91117 91117 91117 91117 91117 91117 91117 91117 91117
11182 11182 11182 11182 11182 11182 11182 11182 11182 11182 11182 11182 11182 11182 11182
57890 57890 57890 57890 57890 57890 57890 57890 57890 57890 57890 57890 57890 57890 57890
290662 290662 290662 290662 290662 290662 290662 290662 290662 290662 290662 290662 290662 290662 290662
570351 570351 570351 570351 570351 570351 570351 570351 570351 570351 570351 570351 570351 570351 570351
282675 282675 282675 282675 282675 282675 282675 282675 282675 282675 282675 282675 282675 282675 282675
517347 517347 517347 517347 517347 517347 517347 517347 517347 517347 517347 517347 517347 517347 517347
401326 401326 401326 401326 401326 401326 401326 401326 401326 401326 401326 401326 401326 401326 401326
561328 561328 561328 561328 561328 561328 561328 561328 561328 561328 561328 561328 561328 561328 561328
394086 394086 394086 394086 394086 394086 394086 394086 394086 394086 394086 394086 394086 394086 394086
566588 566588 566588 566588 566588 566588 566588 566588 566588 566588 566588 566588 566588 566588 566588
495293 495293 495293 495293 495293 495293 495293 495293 495293 495293 495293 495293 495293 495293 495293
215446 215446 215446 215446 215446 215446 215446 215446 215446 215446 215446 215446 215446 215446 215446
137384 137384 137384 137384 137384 137384 137384 137384 137384 137384 137384 137384 137384 137384 137384
546892 546892 546892 546892 546892 546892 546892 546892 546892 546892 546892 546892 546892 546892 546892
