500 5
267507 267507 267507 267507 267507
721501 721501 721501 721501 721502
140802 140802 140802 140803 140803
109965 109965 109966 109966 109966
52953 52954 52954 52954 52954
492228 492228 492228 492228 492228
467573 467573 467573 467573 467573
506908 506908 506908 506908 506908
44355 44355 44355 44355 44355
95702 95702 95702 95702 95702
87578 87578 87578 87578 87578
635982 635982 635982 635982 635982
551867 551867 551867 551867 551867
241335 241335 241335 241335 241335
70608 70608 70608 70608 70608
607153 607153 607153 607153 607153
564886 564886 564886 564886 564886
706131 706131 706131 706131 706131
118327 118327 118327 118327 118327
299767 299767 299767 299767 299767
262719 262719 262719 262719 262719
244751 244751 244751 244751 244751
392032 392032 392032 392032 392032
525659 525659 525659 525659 525659
576450 576450 576450 576450 576450
104598 104598 104598 104598 104598
537878 537878 537878 537878 537878
101987 101987 101987 101987 101987
180789 180789 180789 180789 180789
411053 411053 411053 411053 411053
641633 641633 641633 641633 641633
689685 689685 689685 689685 689685
289754 289754 289754 289754 289754
40024 40024 40024 40024 40024
169925 169925 169925 169925 169925
676653 676653 676653 676653 676653
675900 675900 675900 675900 675900
48380 48380 48380 48380 48380
676286 676286 676286 676286 676286
332276 332276 332276 332276 332276
100274 100274 100274 100274 100274
742333 742333 742333 742333 742333
186986 186986 186986 186986 186986
118466 118466 118466 118466 118466
686039 686039 686039 686039 686039
486047 486047 486047 486047 486047
43281 43281 43281 43281 43281
101411 101411 101411 101411 101411
596955 596955 596955 596955 596955
294859 294859 294859 294859 294859
145007 145007 145007 145007 145007
499101 499101 499101 499101 499101
21347 21347 21347 21347 21347
285029 285029 285029 285029 285029
387718 387718 387718 387718 387718
203811 203811 203811 203811 203811
102156 102156 102156 102156 102156
524534 524534 524534 524534 524534
162517 162517 162517 162517 162517
418597 418597 418597 418597 418597
433591 433591 433591 433591 433591
713249 713249 713249 713249 713249
378021 378021 378021 378021 378021
249565 249565 249565 249565 249565
136065 136065 136065 136065 136065
576703 576703 576703 576703 576703
242060 242060 242060 242060 242060
286087 286087 286087 286087 286087
426351 426351 426351 426351 426351
414008 414008 414008 414008 414008
558872 558872 558872 558872 558872
102973 102973 102973 102973 102973
389931 389931 389931 389931 389931
512570 512570 512570 512570 512570
152845 152845 152845 152845 152845
504354 504354 504354 504354 504354
708571 708571 708571 708571 708571
313534 313534 313534 313534 313534
290613 290613 290613 290613 290613
335843 335843 335843 335843 335843
630521 630521 630521 630521 630521
665431 665431 665431 665431 665431
488897 488897 488897 488897 488897
384590 384590 384590 384590 384590
445667 445667 445667 445667 445667
607155 607155 607155 607155 607155
58138 58138 58138 58138 58138
404783 404783 404783 404783 404783
14483 14483 14483 14483 14483
497847 497847 497847 497847 497847
219122 219122 219122 219122 219122
501324 501324 501324 501324 501324
376727 376727 376727 376727 376727
742110 742110 742110 742110 742110
29720 29720 29720 29720 29720
193638 193638 193638 193638 193638
169375 169375 169375 169375 169375
184552 184552 184552 184552 184552
522366 522366 522366 522366 522366
608065 608065 608065 608065 608065
181976 181976 181976 181976 181976
506053 506053 506053 506053 506053
352121 352121 352121 352121 352121
345924 345924 345924 345924 345924
295363 295363 295363 295363 295363
630424 630424 630424 630424 630424
611449 611449 611449 611449 611449
2595 2595 2595 2595 2595
239498 239498 239498 239498 239498
247080 247080 247080 247080 247080
539722 539722 539722 539722 539722
36029 36029 36029 36029 36029
138507 138507 138507 138507 138507
231405 231405 231405 231405 231405
31528 31528 31528 31528 31528
722048 722048 722048 722048 722048
454426 454426 454426 454426 454426
275838 275838 275838 275838 275838
535104 535104 535104 535104 535104
171407 171407 171407 171407 171407
620216 620216 620216 620216 620216
610973 610973 610973 610973 610973
449195 449195 449195 449195 449195
569090 569090 569090 569090 569090
29136 29136 29136 29136 29136
28892 28892 28892 28892 28892
610147 610147 610147 610147 610147
299315 299315 299315 299315 299315
671886 671886 671886 671886 671886
164752 164752 164752 164752 164752
398824 398824 398824 398824 398824
645664 645664 645664 645664 645664
287835 287835 287835 287835 287835
315084 315084 315084 315084 315084
407204 407204 407204 407204 407204
95018 95018 95018 95018 95018
346209 346209 346209 346209 346209
289870 289870 289870 289870 289870
600219 600219 600219 600219 600219
164190 164190 164190 164190 164190
722684 722684 722684 722684 722684
352115 352115 352115 352115 352115
680491 680491 680491 680491 680491
278435 278435 278435 278435 278435
665232 665232 665232 665232 665232
659691 659691 659691 659691 659691
336342 336342 336342 336342 336342
660414 660414 660414 660414 660414
537770 537770 537770 537770 537770
471232 471232 471232 471232 471232
625440 625440 625440 625440 625440
166680 166680 166680 166680 166680
2598 2598 2598 2598 2598
19292 19292 19292 19292 19292
397158 397158 397158 397158 397158
481714 481714 481714 481714 481714
343256 343256 343256 343256 343256
67705 67705 67705 67705 67705
696472 696472 696472 696472 696472
20729 20729 20729 20729 20729
590995 590995 590995 590995 590995
454236 454236 454236 454236 454236
16007 16007 16007 16007 16007
111011 111011 111011 111011 111011
710266 710266 710266 710266 710266
108155 108155 108155 108155 108155
6234 6234 6234 6234 6234
577582 577582 577582 577582 577582
95691 95691 95691 95691 95691
720639 720639 720639 720639 720639
582339 582339 582339 582339 582339
699855 699855 699855 699855 699855
316254 316254 316254 316254 316254
722475 722475 722475 722475 722475
403149 403149 403149 403149 403149
27165 27165 27165 27165 27165
611798 611798 611798 611798 611798
275016 275016 275016 275016 275016
341440 341440 341440 341440 341440
363099 363099 363099 363099 363099
608965 608965 608965 608965 608965
502645 502645 502645 502645 502645
55661 55661 55661 55661 55661
541356 541356 541356 541356 541356
690767 690767 690767 690767 690767
652674 652674 652674 652674 652674
167852 167852 167852 167852 167852
278014 278014 278014 278014 278014
387029 387029 387029 387029 387029
282184 282184 282184 282184 282184
503714 503714 503714 503714 503714
253873 253873 253873 253873 253873
412913 412913 412913 412913 412913
165889 165889 165889 165889 165889
165207 165207 165207 165207 165207
336792 336792 336792 336792 336792
672019 672019 672019 672019 672019
402314 402314 402314 402314 402314
460630 460630 460630 460630 460630
718043 718043 718043 718043 718043
50144 50144 50144 50144 50144
332338 332338 332338 332338 332338
409654 409654 409654 409654 409654
85973 85973 85973 85973 85973
138298 138298 138298 138298 138298
34071 34071 34071 34071 34071
256106 256106 256106 256106 256106
362757 362757 362757 362757 362757
238972 238972 238972 238972 238972
286096 286096 286096 286096 286096
688871 688871 688871 688871 688871
153680 153680 153680 153680 153680
426140 426140 426140 426140 426140
554876 554876 554876 554876 554876
71163 71163 71163 71163 71163
732182 732182 732182 732182 732182
58358 58358 58358 58358 58358
412685 412685 412685 412685 412685
514189 514189 514189 514189 514189
72159 72159 72159 72159 72159
624499 624499 624499 624499 624499
3173 3173 3173 3173 3173
288524 288524 288524 288524 288524
425315 425315 425315 425315 425315
606695 606695 606695 606695 606695
642275 642275 642275 642275 642275
256040 256040 256040 256040 256040
269434 269434 269434 269434 269434
562271 562271 562271 562271 562271
243082 243082 243082 243082 243082
631838 631838 631838 631838 631838
587630 587630 587630 587630 587630
58994 58994 58994 58994 58994
619756 619756 619756 619756 619756
453935 453935 453935 453935 453935
26703 26703 26703 26703 26703
254777 254777 254777 254777 254777
598927 598927 598927 598927 598927
551707 551707 551707 551707 551707
662300 662300 662300 662300 662300
148345 148345 148345 148345 148345
285882 285882 285882 285882 285882
112534 112534 112534 112534 112534
402350 402350 402350 402350 402350
145247 145247 145247 145247 145247
411622 411622 411622 411622 411622
453019 453019 453019 453019 453019
78922 78922 78922 78922 78922
39501 39501 39501 39501 39501
551334 551334 551334 551334 551334
73140 73140 73140 73140 73140
396548 396548 396548 396548 396548
452016 452016 452016 452016 452016
74067 74067 74067 74067 74067
431863 431863 431863 431863 431863
611564 611564 611564 611564 611564
420763 420763 420763 420763 420763
175660 175660 175660 175660 175660
713907 713907 713907 713907 713907
106070 106070 106070 106070 106070
318580 318580 318580 318580 318580
635995 635995 635995 635995 635995
56501 56501 56501 56501 56501
570783 570783 570783 570783 570783
463374 463374 463374 463374 463374
555494 555494 555494 555494 555494
42592 42592 42592 42592 42592
171985 171985 171985 171985 171985
130707 130707 130707 130707 130707
710880 710880 710880 710880 710880
288496 288496 288496 288496 288496
711336 711336 711336 711336 711336
334144 334144 334144 334144 334144
429641 429641 429641 429641 429641
743875 743875 743875 743875 743875
690859 690859 690859 690859 690859
735444 735444 735444 735444 735444
73459 73459 73459 73459 73459
722082 722082 722082 722082 722082
390934 390934 390934 390934 390934
8446 8446 8446 8446 8446
517585 517585 517585 517585 517585
365940 365940 365940 365940 365940
350866 350866 350866 350866 350866
516393 516393 516393 516393 516393
57137 57137 57137 57137 57137
30732 30732 30732 30732 30732
543583 543583 543583 543583 543583
367575 367575 367575 367575 367575
536163 536163 536163 536163 536163
508982 508982 508982 508982 508982
386256 386256 386256 386256 386256
622701 622701 622701 622701 622701
42381 42381 42381 42381 42381
731468 731468 731468 731468 731468
65902 65902 65902 65902 65902
660934 660934 660934 660934 660934
43361 43361 43361 43361 43361
525669 525669 525669 525669 525669
56581 56581 56581 56581 56581
56508 56508 56508 56508 56508
543410 543410 543410 543410 543410
570851 570851 570851 570851 570851
202363 202363 202363 202363 202363
662304 662304 662304 662304 662304
622861 622861 622861 622861 622861
449002 449002 449002 449002 449002
576034 576034 576034 576034 576034
208019 208019 208019 208019 208019
53894 53894 53894 53894 53894
562359 562359 562359 562359 562359
122730 122730 122730 122730 122730
584397 584397 584397 584397 584397
273541 273541 273541 273541 273541
493530 493530 493530 493530 493530
342094 342094 342094 342094 342094
735753 735753 735753 735753 735753
718289 718289 718289 718289 718289
421331 421331 421331 421331 421331
121510 121510 121510 121510 121510
171778 171778 171778 171778 171778
281531 281531 281531 281531 281531
121074 121074 121074 121074 121074
168181 168181 168181 168181 168181
429305 429305 429305 429305 429305
577672 577672 577672 577672 577672
515526 515526 515526 515526 515526
383867 383867 383867 383867 383867
714295 714295 714295 714295 714295
516956 516956 516956 516956 516956
101837 101837 101837 101837 101837
237352 237352 237352 237352 237352
192306 192306 192306 192306 192306
506306 506306 506306 506306 506306
595569 595569 595569 595569 595569
714292 714292 714292 714292 714292
555689 555689 555689 555689 555689
365761 365761 365761 365761 365761
518825 518825 518825 518825 518825
740982 740982 740982 740982 740982
8743 8743 8743 8743 8743
658675 658675 658675 658675 658675
738470 738470 738470 738470 738470
722572 722572 722572 722572 722572
215098 215098 215098 215098 215098
328928 328928 328928 328928 328928
692999 692999 692999 692999 692999
734015 734015 734015 734015 734015
158187 158187 158187 158187 158187
365616 365616 365616 365616 365616
114153 114153 114153 114153 114153
207039 207039 207039 207039 207039
74474 74474 74474 74474 74474
218535 218535 218535 218535 218535
464212 464212 464212 464212 464212
19277 19277 19277 19277 19277
252344 252344 252344 252344 252344
620839 620839 620839 620839 620839
338450 338450 338450 338450 338450
654812 654812 654812 654812 654812
24300 24300 24300 24300 24300
734330 734330 734330 734330 734330
207522 207522 207522 207522 207522
345023 345023 345023 345023 345023
216263 216263 216263 216263 216263
107839 107839 107839 107839 107839
112867 112867 112867 112867 112867
657270 657270 657270 657270 657270
707170 707170 707170 707170 707170
322342 322342 322342 322342 322342
656697 656697 656697 656697 656697
429905 429905 429905 429905 429905
747011 747011 747011 747011 747011
330101 330101 330101 330101 330101
476201 476201 476201 476201 476201
422287 422287 422287 422287 422287
283528 283528 283528 283528 283528
197523 197523 197523 197523 197523
641432 641432 641432 641432 641432
230452 230452 230452 230452 230452
367395 367395 367395 367395 367395
369839 369839 369839 369839 369839
339433 339433 339433 339433 339433
47101 47101 47101 47101 47101
115612 115612 115612 115612 115612
442499 442499 442499 442499 442499
559788 559788 559788 559788 559788
666519 666519 666519 666519 666519
649521 649521 649521 649521 649521
573862 573862 573862 573862 573862
205465 205465 205465 205465 205465
113683 113683 113683 113683 113683
679150 679150 679150 679150 679150
278506 278506 278506 278506 278506
386635 386635 386635 386635 386635
603110 603110 603110 603110 603110
63371 63371 63371 63371 63371
283877 283877 283877 283877 283877
561747 561747 561747 561747 561747
430056 430056 430056 430056 430056
47474 47474 47474 47474 47474
409962 409962 409962 409962 409962
359511 359511 359511 359511 359511
259813 259813 259813 259813 259813
69182 69182 69182 69182 69182
518351 518351 518351 518351 518351
237677 237677 237677 237677 237677
673015 673015 673015 673015 673015
459438 459438 459438 459438 459438
81844 81844 81844 81844 81844
603734 603734 603734 603734 603734
609546 609546 609546 609546 609546
414222 414222 414222 414222 414222
2478 2478 2478 2478 2478
527256 527256 527256 527256 527256
539650 539650 539650 539650 539650
327994 327994 327994 327994 327994
54875 54875 54875 54875 54875
379510 379510 379510 379510 379510
65403 65403 65403 65403 65403
125445 125445 125445 125445 125445
64749 64749 64749 64749 64749
376642 376642 376642 376642 376642
413434 413434 413434 413434 413434
638805 638805 638805 638805 638805
41615 41615 41615 41615 41615
650697 650697 650697 650697 650697
708543 708543 708543 708543 708543
73546 73546 73546 73546 73546
642077 642077 642077 642077 642077
204166 204166 204166 204166 204166
734866 734866 734866 734866 734866
124521 124521 124521 124521 124521
281111 281111 281111 281111 281111
377294 377294 377294 377294 377294
662605 662605 662605 662605 662605
10235 10235 10235 10235 10235
432363 432363 432363 432363 432363
699526 699526 699526 699526 699526
282865 282865 282865 282865 282865
180758 180758 180758 180758 180758
274834 274834 274834 274834 274834
527247 527247 527247 527247 527247
219977 219977 219977 219977 219977
714021 714021 714021 714021 714021
261778 261778 261778 261778 261778
667724 667724 667724 667724 667724
665211 665211 665211 665211 665211
624596 624596 624596 624596 624596
518277 518277 518277 518277 518277
52613 52613 52613 52613 52613
178378 178378 178378 178378 178378
120917 120917 120917 120917 120917
498521 498521 498521 498521 498521
185404 185404 185404 185404 185404
438134 438134 438134 438134 438134
285351 285351 285351 285351 285351
605027 605027 605027 605027 605027
3779 3779 3779 3779 3779
608888 608888 608888 608888 608888
301751 301751 301751 301751 301751
294204 294204 294204 294204 294204
453571 453571 453571 453571 453571
123644 123644 123644 123644 123644
525846 525846 525846 525846 525846
306799 306799 306799 306799 306799
65692 65692 65692 65692 65692
390190 390190 390190 390190 390190
737451 737451 737451 737451 737451
608478 608478 608478 608478 608478
581945 581945 581945 581945 581945
457429 457429 457429 457429 457429
157775 157775 157775 157775 157775
38426 38426 38426 38426 38426
531130 531130 531130 531130 531130
583002 583002 583002 583002 583002
736358 736358 736358 736358 736358
372817 372817 372817 372817 372817
185280 185280 185280 185280 185280
408943 408943 408943 408943 408943
617559 617559 617559 617559 617559
588565 588565 588565 588565 588565
416072 416072 416072 416072 416072
694022 694022 694022 694022 694022
373721 373721 373721 373721 373721
436224 436224 436224 436224 436224
441433 441433 441433 441433 441433
626653 626653 626653 626653 626653
481262 481262 481262 481262 481262
586102 586102 586102 586102 586102
642460 642460 642460 642460 642460
539256 539256 539256 539256 539256
302661 302661 302661 302661 302661
410922 410922 410922 410922 410922
339098 339098 339098 339098 339098
595346 595346 595346 595346 595346
723815 723815 723815 723815 723815
72389 72389 72389 72389 72389
182341 182341 182341 182341 182341
748293 748293 748293 748293 748293
