4000 3999
2191 954
1510 1542
193 2310
3728 1748
308 3836
177 458
1418 232
3377 3724
1459 805
2413 1666
1703 886
347 750
2858 2976
2355 291
1897 1861
2096 3803
2943 2775
735 936
37 501
3292 907
2168 1674
3924 231
3119 1185
323 58
1944 1346
2876 164
1317 3588
1037 3916
1740 42
3194 1994
348 2280
3855 176
866 1851
2488 3375
2594 3707
3931 2099
2435 1617
3451 3713
2118 2848
3563 1445
2686 3255
3712 1407
180 963
2671 2920
553 1291
914 673
309 486
1282 3109
2884 535
108 1310
1033 3611
996 1898
1403 3680
2754 272
3080 3254
1250 3684
3033 591
2489 1032
1381 3097
368 2653
2297 897
3073 1293
3119 1124
2796 1480
1707 3953
1373 2135
3111 1789
2380 3205
3374 952
1940 3679
3621 962
213 3602
2228 373
2853 3863
3703 3835
51 3796
3683 210
2696 3223
2482 592
536 380
2172 3852
998 3235
3119 3407
131 2790
3284 837
432 2391
3140 3698
1622 227
3783 3546
448 1711
2560 2377
3119 1103
1252 2991
1621 580
542 2945
1221 3508
1661 1260
890 1044
1064 3839
3664 2256
2782 3155
504 1444
796 1639
1452 3847
3079 448
708 1899
3463 307
1630 2219
358 2897
1337 3575
2128 934
3656 3186
1600 908
2342 1188
3699 2626
1241 172
1442 2378
2201 899
2468 2705
1907 3511
929 3806
1953 796
1329 1641
938 313
1735 1771
706 3045
211 2708
2694 3901
2306 2026
2993 3701
1606 3444
3628 3046
1554 1288
2181 1404
3524 2367
2821 867
362 1133
1357 3617
1601 2656
3119 3171
1691 544
1385 1312
2913 3222
1408 2116
1974 1817
2010 1502
2798 3166
940 3552
2703 247
1469 1436
299 1038
3119 68
4 1621
3047 427
2247 2497
1562 2286
3069 1254
263 1498
3302 1775
3846 1804
2121 2791
31 215
3119 470
1677 1338
1255 1518
2513 3286
515 333
813 3144
3759 3340
1950 2401
2429 3411
1583 2963
1217 882
2529 167
1856 2707
3653 1329
2609 2773
350 1548
3474 45
218 2125
2175 1795
1395 912
2765 2752
3998 2795
2986 2686
1551 3215
3250 3578
664 2065
2930 781
2462 328
3384 507
3025 2223
2210 829
1495 1604
3503 2808
2113 1299
3336 3738
1148 710
1328 3920
1068 730
2260 1413
1173 1452
1180 779
7 2664
3544 2804
1662 3612
646 452
3607 688
3657 3353
591 573
3761 944
3294 3814
700 2778
384 1937
1909 2731
1741 1194
3242 2419
2788 1719
1485 3801
2407 154
3152 1451
3816 1537
963 643
3213 2538
1679 3239
3097 160
3116 2422
2162 2449
2477 2792
3875 3771
2593 3466
1860 1511
3119 261
1273 2228
2602 1110
3042 942
1977 1632
3919 2431
1575 1823
1915 1076
2280 3425
556 3488
1112 3479
3126 1958
1390 2318
2727 3635
2414 3731
2824 2311
2934 1598
1445 1274
2295 84
3669 1779
3247 2898
150 3440
3946 1136
3318 508
2132 3
1453 2037
3757 2290
3019 2239
1204 3843
3290 3690
3359 780
2826 2965
1430 775
3076 3626
723 1547
381 1025
52 2568
1243 1235
1867 1367
407 1102
2074 1098
2166 2462
316 2553
3570 1319
1818 3879
275 2331
1721 3967
808 217
3847 1262
1420 3017
892 2010
642 1863
3472 2649
3971 737
1912 1200
1055 2105
557 550
3644 1302
3119 1558
3914 1113
3495 1504
2495 3203
979 1311
2692 3431
324 1854
1823 1681
3149 964
2056 3066
3266 2618
2169 957
2186 788
2911 471
2533 3883
601 1954
356 2796
2463 1784
3293 2729
1845 554
3119 747
359 1039
364 1897
137 695
279 2599
2569 633
1081 3401
3172 3393
1493 1526
3155 958
2518 3979
682 2131
2820 1178
1599 2575
3191 1107
881 2994
391 2847
3907 2295
777 3741
1383 677
3813 228
2424 466
535 1197
3747 3210
1151 3948
1557 1680
83 711
2149 3170
3325 3752
400 24
1889 2669
1222 3368
2396 2832
653 2589
599 3524
1000 2435
24 2732
2815 880
827 799
3456 3999
2207 2457
3425 358
1126 733
1702 3526
2099 3689
1363 3636
2625 731
3119 349
3005 244
2334 2970
2170 3214
1323 3944
473 1489
1234 2776
3301 3565
521 2938
945 3583
2484 3851
1678 235
3119 1340
1364 1138
2604 1902
1685 765
2721 612
1103 2743
657 1108
1467 214
971 2772
884 1173
2586 1853
2194 3940
514 259
3086 3537
2672 133
3001 3975
3818 1371
366 786
1434 33
761 2585
2728 3387
1723 847
2929 9
1694 3134
17 156
2272 2373
3039 2962
2648 3861
170 2972
834 1659
3539 3280
1225 3898
1425 2322
3205 720
3127 3642
2269 3773
870 1646
1176 1318
1933 230
354 3779
2559 2932
3593 1553
2012 582
3928 878
2667 301
2240 3908
418 3941
3055 3135
288 3021
3554 1470
3405 2514
1093 2569
64 813
2011 546
1851 480
3420 64
21 2086
1521 1417
671 3182
2554 3244
2457 504
2585 2410
3119 2517
2564 3785
3388 2001
1219 1059
2989 1514
3270 1999
3886 2361
687 1529
2764 3044
3363 3556
3883 1443
2849 3558
152 1096
1402 1212
2753 3652
3490 2366
3129 1132
2847 1086
2483 2469
3341 2416
435 3381
3119 618
1837 1386
577 1280
1985 1757
1714 3942
3584 422
3950 2904
2254 2328
3119 3949
2763 1751
2494 567
254 3781
3567 596
3796 3343
2381 1585
3510 1704
3654 3324
2293 2561
2322 1724
3419 3315
3330 3388
71 1700
1006 51
1496 3634
2160 1410
1680 594
2546 3943
1894 2241
3815 2722
3119 1919
2321 2529
3231 3982
3119 420
3750 2953
1075 1941
858 1597
2711 1282
3504 3657
1249 1650
1712 1739
2327 278
3078 3857
2311 2620
3365 3968
3426 3759
424 3631
1882 759
3493 1378
1789 2754
721 1180
2742 2719
3119 1767
1519 1991
1952 561
2136 2494
46 762
2704 330
1872 2789
2635 576
2866 2244
3326 2504
997 2104
1298 1821
1676 773
2608 1536
568 2865
1883 3989
1162 2098
3885 1263
1077 2522
3119 732
1578 3534
3713 1434
1920 1859
290 369
296 1004
2449 2225
1627 2781
3773 398
1079 3824
3186 1667
11 2492
458 708
1352 551
3784 316
3304 2145
3581 856
3686 3268
3431 3833
2789 3087
393 3917
451 2923
1277 3692
3646 1580
1784 631
3558 298
1181 760
3421 574
2358 3189
1124 727
851 3751
2171 1533
893 3249
2471 1242
3552 2834
1257 2874
1099 1309
2516 3031
531 158
1822 1483
3148 2051
3297 506
1275 1857
3922 2487
1462 2140
812 1160
159 46
3964 2274
2174 1496
738 1796
1969 1380
932 2927
600 2103
3961 2438
1962 3591
1927 3269
795 3429
2767 1637
1788 2692
482 1490
3692 1484
2933 1535
810 1576
1932 3080
1339 1418
1648 2906
806 1459
2573 2628
4000 3596
2862 2826
2054 288
3892 2472
236 2411
3439 2563
3698 3181
2813 627
2550 2551
3370 3050
941 3473
1258 2780
409 2030
2644 645
246 196
1525 3569
2064 284
1512 3904
1776 2921
2870 3427
220 1028
2184 2579
2319 485
225 1485
3977 2555
199 314
3605 441
3119 1640
1492 3403
1706 2817
2640 855
3115 1226
1449 2627
1486 1115
1305 3093
1050 2392
495 1876
1409 2342
2079 2966
3166 2907
1132 3783
2092 281
3529 2526
747 3220
155 2467
3324 370
824 835
3109 405
1983 2285
2746 1428
318 3301
3505 2518
3579 3088
1326 1339
2165 3807
3809 341
3283 2570
2540 1306
918 2237
3723 3736
2346 810
2042 2055
3798 3225
2167 50
114 644
2329 2662
3476 1720
2158 791
2464 3676
3382 3643
3839 1005
3178 3590
3386 85
3119 2177
3862 1914
2393 634
2233 702
1695 2613
2720 1737
3973 888
3822 112
869 114
369 2918
662 2071
2043 2176
2984 1295
3989 2196
3238 3124
2199 3517
3533 1571
3393 3143
505 2574
3102 3849
306 1924
1321 1106
68 1973
2899 1503
1185 2043
2807 3812
933 3392
3119 984
1355 2433
107 2982
566 3390
1194 151
2737 3593
1494 170
1083 636
196 893
425 17
1930 2567
2958 3107
3119 3585
794 1245
2439 1297
740 3351
291 3699
1828 1869
144 1357
676 2288
217 2015
2080 2023
3849 1347
990 269
3979 3263
1123 2390
1178 2325
2928 2491
3124 2434
1097 1034
469 1763
1011 3770
685 3327
987 875
3119 641
791 2980
1235 2830
822 1403
1956 1705
325 1379
2249 883
2967 1093
3777 3987
3362 2509
2284 1255
1713 2305
520 3650
2661 602
3046 1237
58 2723
2090 3217
3555 182
1007 1777
2208 2463
1947 2474
1405 2917
3306 3957
1161 12
1001 2162
3538 1731
3119 691
2873 1350
1116 565
1200 3938
2880 2617
807 1750
3610 474
2755 725
720 1238
233 2661
1559 1139
3762 1561
2352 515
2810 946
1607 3412
1780 3441
3889 3294
3119 157
876 2809
3549 991
1368 940
3430 1247
3537 1099
2314 137
1737 1305
335 3023
3120 2581
257 2562
1354 3937
3817 263
3119 1803
2453 2264
2860 2730
3507 2429
3695 846
744 82
3003 384
285 2379
2245 2640
1488 3586
3337 977
3972 2727
3399 1945
3470 820
1082 366
551 1135
3189 3887
2793 1321
3769 858
27 1343
1652 959
2558 1506
2915 891
2115 3743
619 2144
3929 3423
2702 1117
420 3501
3119 2101
921 3906
383 2676
518 2208
16 1800
3119 3005
2081 237
3285 3006
3119 3465
1560 516
2157 236
3106 2109
3939 2034
2656 2339
2031 689
2515 1031
3625 2238
3322 1656
3342 110
6 386
1013 3083
572 655
3724 2969
852 892
2956 1781
1869 324
961 784
1524 3871
3868 317
1066 2014
1693 3661
2046 2444
134 971
927 3374
1617 1816
1024 419
128 3141
1487 3262
426 1146
489 3421
1811 3737
3274 173
2093 171
1966 1610
3093 1317
2532 1925
3108 577
2655 1448
1312 213
3190 2301
976 1931
2498 3071
1979 2186
3276 3153
1306 1878
2851 1866
3084 1446
3228 61
2834 3891
153 3458
1049 1806
1572 918
1895 1694
440 2911
2581 2890
104 1477
3222 2542
77 3529
1215 3886
912 1590
3119 748
524 2019
3170 1301
385 497
785 697
836 2761
1016 3292
1849 1454
1501 2748
2997 2511
1460 3543
2058 1457
433 3043
1758 1077
952 406
3752 2681
2323 3048
1406 2453
1206 2441
3545 1544
1581 2077
3119 1051
2372 3047
773 2749
3867 2382
661 1075
1531 3426
2250 719
2391 3147
508 1218
1579 2084
625 2868
3119 2093
1949 1066
3390 1070
2086 2689
2446 3226
34 3500
814 1327
3843 3658
3626 3367
3043 872
2731 3995
3623 3342
3 2160
1649 1907
1759 755
2145 1539
3119 1633
3182 3060
3766 3576
1871 581
1300 723
1009 397
1772 2639
175 3910
3229 2473
1015 1678
2981 1383
328 3164
2198 2846
3444 3716
2776 3366
669 1564
272 2298
2740 2081
3119 902
1588 2770
1407 2867
908 3675
2861 3931
1959 2199
1457 1921
2340 2903
3534 3101
471 2183
2376 2187
2264 1373
1736 2426
1417 1874
3119 1543
910 221
2716 2226
3702 2736
2621 3398
1242 178
2419 2893
1294 1990
1653 3498
194 1182
3836 3662
3530 1156
730 2828
3119 1570
2565 1500
3754 2703
3453 2594
811 2308
2932 1997
1888 492
472 3192
2370 2660
1209 1486
692 450
2338 1056
1778 3015
2531 2300
1414 614
2954 2206
2827 647
1378 2769
1668 1
1586 2978
122 2200
3443 2188
1564 2557
303 1983
2211 377
1422 1351
3446 2677
3251 1017
768 74
2298 2407
3556 463
2855 1948
1228 2524
3897 3685
392 1294
1059 101
313 3580
3520 3837
1012 1149
3107 2496
2266 3178
466 2180
2248 1402
3044 2265
1002 2283
2666 2445
3236 2549
771 3081
3716 3084
3936 3915
3119 2488
3119 694
2050 394
897 54
2213 2110
3609 3167
558 1344
2908 1219
3185 3074
3785 454
2886 2797
3119 1083
2114 3010
256 140
1119 1165
855 2020
3502 2713
2485 1647
1296 2336
2799 1053
3687 483
3088 1391
2914 2415
123 337
1248 3778
2075 1400
3788 1606
2014 2194
3613 2786
823 938
582 3687
1892 1554
3573 1000
1482 2121
3119 785
1366 1251
595 1476
2357 2227
2325 3112
2487 1759
3696 303
1483 2235
3792 1556
3030 3637
2848 584
2770 429
2445 2935
209 89
3119 1191
2234 2049
2616 1335
1175 3659
2180 2929
3208 2961
3119 3358
141 3622
86 1087
343 2064
1660 1734
643 1046
1336 667
2885 1864
1094 161
701 2947
1973 2236
3119 1807
3157 3740
924 410
3119 3156
3543 900
530 2074
2570 3077
561 1323
3517 3710
410 1392
2693 736
3721 2008
3565 2825
3277 2134
1700 966
1945 3148
953 3688
3119 2889
1738 1497
3146 2027
3828 1620
3860 2739
490 1657
3877 3702
2545 973
90 2424
500 3828
2374 289
2025 3334
1629 1014
2203 3853
1431 1069
1332 896
1507 3150
2578 2793
3945 1894
3711 915
1443 3296
641 3475
576 767
2288 361
430 593
1455 2930
1269 2845
677 357
3082 3918
928 924
3983 3396
3260 1281
1585 3053
2912 1808
1048 2045
1367 517
590 3869
3350 972
1201 2981
3217 2588
1794 713
464 2388
1972 1390
609 325
1281 2271
637 693
2527 841
1236 163
2460 1583
2189 3062
2222 487
1624 1563
3275 1797
594 1756
1963 3603
2441 1873
3180 1054
2758 3564
3509 1627
2634 2284
1796 2837
28 982
853 1419
1724 3069
3564 1664
1121 3829
2101 726
1208 3691
3488 212
540 1342
48 3128
1833 1995
1835 558
1468 1947
3756 1440
237 3923
2715 3506
2363 2470
3718 3532
3853 1776
2955 2120
2536 1988
282 3057
2259 3860
185 3542
2289 347
1497 2317
781 2951
3137 2163
2543 1591
395 3609
2952 2745
1319 1810
85 3903
320 20
22 3405
874 941
55 2148
608 3695
3954 540
3965 296
2603 3236
3119 1155
1997 3627
1767 1712
821 262
3636 2863
666 2624
3132 995
3392 2704
2486 202
1276 3159
2411 432
2523 2173
200 1832
3119 2031
1988 1474
2698 2174
298 3058
2969 3503
1639 184
3252 2350
3119 2440
2221 3317
3640 1104
2957 3251
3450 2818
3119 932
2179 787
3119 834
1341 1541
3741 3482
1348 2161
3831 468
3125 2102
1356 3049
2977 3204
3261 2734
371 1811
3464 3034
3075 2409
1447 2946
2018 3035
663 530
1598 2813
2739 1125
2033 3890
1634 2974
3309 3787
1980 2952
562 1520
3192 3370
1062 1253
1870 2604
3202 3384
1092 652
3479 511
1954 2663
1511 2214
2016 1696
103 610
2582 3212
2620 3337
3407 1499
3551 1244
3119 3029
54 3864
1645 3499
3793 3453
2972 948
2951 751
1481 1285
541 3674
1539 407
1314 438
3119 2855
2263 1858
87 2694
2505 2294
3224 3998
1727 1204
801 3063
3196 3769
1884 3386
950 460
3139 1011
2379 1426
3119 2602
1299 1814
2963 2849
429 1618
899 320
2580 599
2426 2002
713 3560
1964 3644
2909 256
2231 16
1188 103
2534 1162
1010 2967
2628 3798
3169 3397
3077 3705
2305 3404
3531 3571
686 3595
2874 3892
889 2247
3895 3862
3902 3261
1423 3460
2632 3365
2668 3257
3296 3243
1538 798
3715 1406
447 181
2752 3345
3753 1405
1609 5
665 1946
1387 782
2819 753
423 1628
2232 3790
2126 2688
1777 889
3717 3037
2082 481
3993 3972
3926 2680
445 920
2500 1050
3840 1249
1900 3496
1791 3394
831 3202
105 3712
622 360
2481 39
3060 2788
598 1450
3349 1962
2903 447
93 1840
2973 1384
294 1517
779 2421
1563 3572
3262 2205
142 2082
89 393
174 746
2898 3103
3352 3717
2879 490
1069 1986
1156 2456
1128 3285
2475 3145
1320 3172
1065 3272
219 804
2373 756
1207 790
1324 3763
1172 2638
2925 3991
2777 1387
1573 1649
715 509
1687 3472
1879 3597
1122 3877
3714 3592
63 1605
1681 283
3119 400
29 430
2511 2672
3896 945
1080 2878
3981 1063
100 724
2375 3782
1261 740
2939 3647
23 3428
2141 3745
1177 142
3857 3196
1854 3016
1602 1415
3087 2583
3119 2498
629 757
2588 3876
3959 2835
830 3208
3667 198
2626 3559
378 1582
1502 1061
864 3139
2458 98
1635 2212
2098 990
1205 1625
3310 559
1436 329
2772 2129
3230 3318
717 2544
2197 850
3226 3518
1113 1095
2142 2955
2803 1052
2805 1328
3887 1147
2916 2394
3744 1307
1008 2259
635 3380
3865 1112
431 1127
3460 2167
374 903
3153 8
262 1793
581 2115
2778 2111
1044 1567
3921 1464
1327 1425
3269 455
3248 861
3098 1395
1569 2346
2436 3174
2773 1427
3734 698
1109 1421
3119 3102
3528 424
2676 3858
3975 3330
2364 3838
3871 1175
3908 2892
1821 2584
2679 3055
3633 2451
3638 225
2978 825
607 3245
1279 1651
815 185
2237 1358
1765 2528
780 3868
60 3962
2613 2787
2139 2706
3888 2242
3765 873
2584 2916
1350 1290
3071 2525
3617 2312
2159 2324
2343 1013
2791 1915
1961 3250
3119 3449
826 2753
660 2282
1382 3671
2032 801
3606 2774
3967 3443
1535 2505
2618 276
2177 3349
563 1080
1841 1890
3478 2446
2850 931
3915 3493
3288 2520
3313 3579
900 428
1446 351
975 776
404 2862
1304 3757
1233 2724
1193 2481
2388 2091
1435 1211
1656 2352
2461 86
3053 608
1987 143
1351 2527
39 2646
317 2087
865 715
138 1030
487 1111
3164 250
2614 985
1664 3919
1667 3352
3409 3831
3395 1198
2670 2437
2888 1780
1545 3905
2642 3965
3789 2464
2576 2124
672 218
3255 2558
3207 3531
2173 2521
2839 665
3745 844
977 2146
2567 2053
3992 1094
3991 3100
301 2949
3085 1698
243 2710
223 203
3467 2861
1675 2292
2551 1029
3119 348
3832 3808
2923 1163
1480 2054
1240 1880
837 2985
640 1977
3904 1509
1751 2425
1245 2601
352 3339
70 2213
1259 1284
2303 968
98 851
351 1171
754 229
3344 1749
3706 2348
2906 99
970 3229
1503 3086
1287 1183
189 669
567 887
1130 3356
1150 65
3160 541
3917 88
1847 2092
1610 3865
1568 1018
2356 2586
2683 2755
3163 1089
235 1824
1361 3435
1070 3416
2036 479
1807 1449
3300 986
718 1401
1466 1690
544 3732
2409 22
2695 3377
1593 3032
2146 2398
1424 654
2985 4000
2217 3765
684 3039
2019 1130
106 2597
1611 705
3651 3350
1096 961
3990 1140
1302 2899
729 2397
231 3550
882 3723
408 3002
818 864
3119 3754
2774 1478
2673 3540
3243 3012
586 3234
3119 1261
926 2150
2733 1596
1515 3470
817 3415
3212 3484
1917 2767
1230 3477
154 3884
3119 355
690 2744
1060 830
528 1269
1285 562
3700 147
3035 860
1613 1409
136 3978
2895 605
3356 3840
3068 1688
130 1131
197 2383
3844 1361
704 650
1174 1602
2547 712
3119 352
1458 3704
1349 3497
3666 1581
1806 2149
847 381
3697 1603
2100 2047
95 3371
1825 365
405 2996
2732 2675
3730 1085
3469 3399
402 3417
2949 338
3591 3512
3438 1706
2502 2554
647 1158
3361 3632
2476 1833
725 1768
3022 1584
1118 2166
3580 2412
3348 2139
3701 23
549 1827
1644 401
1315 1300
1197 3438
2687 208
484 472
102 134
2757 1663
2235 763
3323 2314
1143 3114
2829 3163
99 2175
2809 1969
2246 3224
1597 502
3592 1119
743 2659
1392 1653
2709 2803
1114 718
1036 2128
2751 2351
1671 3502
2420 619
1699 3981
1370 1755
3782 1565
2938 2117
2654 3033
3930 2530
3012 2740
602 3639
1186 2779
3807 1161
1533 1551
935 3004
457 3185
2315 2123
2744 2587
2871 2468
3806 1645
2598 1376
3550 3988
3797 514
2883 2157
92 2273
96 1534
2948 3651
1755 3019
816 2221
186 3450
2001 3329
1651 922
389 2750
2629 2875
1747 548
503 3909
120 877
2408 327
2456 3247
3542 1100
76 658
3119 223
966 1423
2367 1416
3119 2822
3371 1528
644 282
1995 2028
3181 1228
1389 1465
1942 603
842 2195
3682 1601
2292 368
668 2685
575 3587
3932 1910
707 3767
545 3750
1770 3468
1858 1532
167 3523
3891 3832
437 628
35 2634
1701 1661
1840 863
3627 1819
1117 3841
1295 1671
3912 1239
3553 2141
149 383
3491 2709
1893 3872
1717 476
2116 1433
1369 1862
3237 1036
1226 2344
396 2578
3726 500
2868 2765
1500 2338
2714 3945
3168 1893
1411 729
2991 2501
441 2406
3947 270
163 1971
667 2372
3119 2831
1444 149
2236 3681
3864 107
3357 3304
680 1283
1567 2757
3244 2684
2846 2936
3119 2269
574 2076
3417 2811
43 2957
3167 950
1809 67
1343 3913
2089 2029
228 1201
3259 3024
345 525
767 3788
3334 1852
3119 3389
995 414
2999 1675
1218 1230
3007 1207
2271 174
3314 1836
1394 1715
1111 3961
2800 1186
2296 2565
2028 1872
656 35
1342 3677
3608 3873
758 3594
1362 3451
1876 2303
3056 2547
3688 2353
798 2340
3023 469
628 293
3209 947
1017 2399
1227 3899
986 1669
1384 119
3154 2279
3375 3667
2270 169
3518 2482
3142 1966
3923 1882
331 3513
1993 3273
281 177
3600 865
2749 1595
1345 3842
403 522
2678 2203
234 937
2020 1728
3216 3469
843 1012
2229 2644
2980 1607
2869 728
1654 3070
3316 1065
3423 524
689 3933
2831 1716
2015 3316
205 2508
1229 976
1047 939
2699 3664
1360 3728
698 3461
2600 536
1971 2246
479 145
1878 3854
3272 3520
3119 3321
2039 92
783 3606
1836 2596
533 204
376 2
401 3525
3893 69
2823 1355
3385 1176
1125 1466
2718 3357
3825 3372
3360 3885
183 2369
2134 297
139 2691
1532 3237
2433 279
3671 2430
626 849
1189 3277
3122 1829
1922 2670
2499 1123
3119 1277
906 2083
3869 2072
2117 2069
2665 1024
2961 553
1728 3054
1098 2354
1184 49
2863 1279
1412 1216
3824 539
3184 552
1159 817
314 2762
3876 684
3119 744
873 906
3121 2668
3901 3655
727 1313
2404 1935
206 3614
2026 3198
991 2733
2825 3061
1803 2112
3602 2591
3096 2864
3119 1332
116 29
3845 545
999 2866
3119 2615
229 1943
3379 2400
3315 2800
2729 1701
3119 1849
867 840
1266 3162
2188 869
3631 555
2434 2785
1896 868
1743 1985
1955 2595
2942 3878
3280 2384
2587 1081
3536 2006
3396 3095
1859 2928
861 258
3383 749
1475 3474
3674 3064
597 3902
792 2126
3492 266
2345 1813
3501 1227
1489 3625
3637 1334
3119 2493
3263 566
1584 2025
2962 2133
3786 2925
261 2172
311 3096
3410 2968
1454 3894
172 3122
480 1687
3590 484
962 1190
2432 3504
1020 2614
3199 1799
960 3308
3496 3874
2140 1394
2448 642
3372 2385
2307 1360
2282 1877
2278 2143
2893 3075
2335 819
2341 3753
2520 2329
3144 1679
2290 925
2480 3678
238 1243
222 3199
1160 2272
589 453
3727 3065
2506 62
2701 295
3820 2548
3440 265
1448 3604
3489 3420
1752 2880
342 2598
3119 3193
511 2973
1490 3275
1986 879
498 3176
3841 613
264 1353
3119 3827
2000 1702
1623 2510
1817 2067
2029 706
3119 2711
41 3111
2525 3303
411 1769
248 2881
3373 992
3498 1717
1981 3464
1576 2059
3009 895
2255 701
2076 2716
2510 21
110 2756
2617 770
492 2281
839 919
1592 2090
3175 1082
3879 1352
775 913
2537 2854
3119 375
346 2333
1322 1229
2004 3777
1625 3309
1333 1822
434 1923
710 2836
3681 2543
2161 1572
3810 1952
2528 3092
3547 3256
2386 3137
226 1439
3119 3794
3006 1884
3673 1088
3582 3322
2643 1809
1514 2850
3523 3951
3119 660
3119 1670
1293 714
2122 1385
2108 2823
2437 57
1264 528
860 685
3659 1761
3187 3706
2218 1600
3620 741
2351 2759
552 3158
244 827
3532 180
3411 871
3233 2895
1991 3115
158 444
1239 651
639 91
2185 3882
1471 1324
507 2355
3459 1927
1014 2358
2257 3800
240 1232
2761 1129
688 666
1744 2395
1187 461
202 179
800 3761
3899 769
3619 2218
3257 152
3048 417
2512 1287
1034 656
1168 1713
1018 477
3119 1845
3369 2044
1730 3175
273 3105
3942 2979
2867 387
2921 2119
156 3089
488 910
2353 3897
3985 2612
1813 3673
3119 3116
1642 249
3103 1842
762 343
2577 321
3428 260
2444 1691
151 3007
3204 1205
3119 1257
19 3804
1810 2192
3749 1968
3465 1933
2875 3025
3803 1895
2910 38
2402 2345
1182 2802
446 1469
1689 241
1734 402
3432 2089
3585 2243
2745 3825
1136 3623
1742 1222
3092 53
1450 2499
59 2503
3119 3052
3119 3363
1199 621
1875 1692
981 3660
923 1189
654 2647
3273 526
2707 589
2904 3628
1135 1048
1391 929
2784 239
3429 1762
3136 3927
2035 3038
2326 2165
3119 2035
42 771
2123 1256
3618 2230
1684 3974
2138 2013
462 399
3307 1956
2470 917
2501 3521
1570 1021
3890 1016
1415 1557
3119 1896
3685 510
736 1753
2509 342
2677 1272
3884 2258
3835 1265
2717 1060
127 1007
1331 3629
2405 216
3119 884
322 141
2650 2842
3487 3791
417 3969
3689 3409
115 3110
1591 1587
919 3549
1782 635
2926 3786
2190 1979
266 1644
1798 2608
803 2458
2842 3020
3119 1225
2897 824
539 183
1139 118
3968 3715
3094 1740
3376 1304
1309 136
2674 1213
1938 2760
2317 1055
3966 681
3624 3505
3859 3179
2017 306
2685 597
760 3725
1334 3739
18 3613
1303 1612
1278 2718
3114 663
485 90
959 1566
2359 2257
2422 2607
260 3826
1913 987
1659 3683
734 2036
2638 3538
1108 3993
3110 2630
49 331
3066 3132
3016 2210
2572 2648
3705 1545
1404 1336
2421 3487
224 1934
212 3067
2769 2820
1029 1187
2454 745
3265 2959
265 1177
2998 128
802 2592
3437 3218
2493 2593
297 3161
3927 127
3834 3335
820 2948
2917 1888
534 974
2657 3784
1284 332
1171 527
1035 3641
1379 3515
3119 3654
3772 3696
3331 242
739 3997
3320 2296
1916 32
474 2114
1720 2364
3119 1020
3894 2000
2639 3815
1413 777
2840 1203
1238 2198
3174 1636
3018 3133
1073 1960
2450 126
2337 3668
746 2944
732 2960
3616 209
887 3282
2397 2155
845 2362
1812 3117
1038 1579
310 1271
3615 578
33 1422
40 3323
2216 115
3038 1774
2741 638
1638 1677
3970 120
1054 1515
1280 2181
1267 3298
621 2841
3473 3228
3872 344
1152 2405
2398 1805
2154 3478
925 1685
3119 676
1804 3963
3603 2475
2394 2073
2038 774
3128 1714
854 3616
616 1963
3722 3027
3130 3539
1523 2702
2467 2380
181 3467
1149 1783
3345 302
360 3605
3176 1473
3024 1743
2610 716
3768 1508
1542 3996
1978 609
2611 1560
2107 2309
2583 311
2988 3545
2675 3011
571 3446
2443 315
3735 319
3171 3483
477 1665
3684 2270
3949 2666
1288 3331
1815 859
883 2293
2285 1710
3434 2132
2497 1084
3746 3195
3999 246
3799 3834
745 1152
1027 709
1640 1886
3119 1594
3119 1375
2418 367
3790 1695
2822 2805
3742 3266
302 3509
2700 3924
972 640
2105 3227
2641 1079
2845 3527
2360 1825
1067 3160
2844 1366
2766 131
1509 3305
2377 1738
3026 305
2061 3544
2287 396
1748 411
73 3079
569 388
3119 1240
3943 3259
620 2572
30 1652
2336 3123
2469 1430
2979 2556
336 3090
157 2632
2660 1264
1530 2516
2965 3775
1543 3802
56 3850
2653 543
456 1788
370 3563
1268 2231
1931 3956
3119 1721
915 3947
241 1673
1465 3742
764 37
3838 1920
2801 2152
3239 2539
3219 590
2007 3131
538 3711
247 722
1338 598
3775 595
2195 3697
2022 3795
1441 1143
2362 3281
1565 376
148 1699
361 826
650 648
3941 3557
1021 2138
3119 853
3162 1236
1754 2466
2960 1908
1307 1193
2459 534
614 503
1491 109
2931 55
3900 2679
1756 2637
3119 1166
922 1441
3271 513
15 1709
2974 3152
1102 1616
1646 117
3725 1826
179 1315
112 2622
2205 632
1631 275
2395 3896
476 2096
2759 2046
3748 815
192 789
2119 2643
3858 1493
109 1058
1910 822
2787 416
844 3056
2151 623
1477 538
1272 1905
1401 1589
67 2359
1463 1730
191 885
1996 34
252 768
3358 2465
1056 495
2095 1381
3119 108
3074 2746
1433 1951
651 3463
2067 3729
934 721
2330 2418
1814 3663
3119 1843
3514 3992
1775 996
3267 1252
1529 2007
2662 3735
1211 1939
1816 2075
259 1137
2048 153
486 794
2049 1942
2750 3433
3387 116
658 1676
3952 1042
1536 346
3397 2742
3264 2404
2120 630
455 1241
1555 3413
885 2170
2838 1429
857 3793
1577 682
3781 2611
1169 783
3119 3555
1641 2721
2924 199
1948 408
1968 3241
1745 3846
1604 3954
1936 1885
2900 2532
846 3364
711 2882
162 1365
3050 2232
113 3856
382 3551
2507 3455
2279 3649
3014 2190
3515 2766
2027 2926
1850 3486
1504 615
3471 3400
1830 2315
215 3320
3622 1172
1416 41
3548 3925
2890 3889
2088 3921
519 467
69 2017
307 3307
1785 3082
3067 234
214 2063
26 3201
3165 435
3665 1326
612 2507
3119 1820
2110 1331
2574 2715
12 2545
245 292
1718 433
3119 2564
3794 675
3833 2801
145 2600
3842 2078
1982 3958
3119 3682
3339 2540
1526 1144
1831 3274
670 905
3672 3076
2663 3108
610 257
1031 1524
2243 2094
3119 97
714 2633
2320 2975
2795 679
146 2566
1970 3359
3134 271
3739 547
372 2070
3249 48
276 335
748 175
862 2873
1902 2937
251 1134
2371 1002
3540 2408
436 1559
1824 188
2992 2712
1115 79
1683 2356
3873 2142
330 953
3119 653
2975 3789
2224 3875
3738 2519
2562 310
1388 575
258 2337
2804 3984
3572 3721
1041 15
3119 2389
3119 3207
3635 529
3413 512
3737 83
3457 1159
1040 3118
2968 1008
1819 205
838 190
2473 3379
3663 2153
3119 3607
1924 1683
3882 3709
2504 3672
2966 1964
3804 2631
2102 556
3404 1494
1163 3734
1153 2306
3004 1660
3408 1608
2539 2058
386 2313
161 1975
3119 2420
3643 443
1665 1855
1672 2657
2206 764
65 3694
3119 2240
2492 3452
564 1364
2905 3811
1914 3718
3709 2541
3668 3344
2566 2447
292 707
1346 2460
2143 1202
1003 3456
1313 1818
394 1901
478 1959
1359 200
1400 389
3694 3188
753 845
828 3009
3119 1356
1301 1382
1766 979
1846 2476
2324 2958
1674 921
879 1794
3976 3326
630 3051
3119 1266
3147 3985
3000 2489
3235 1982
3805 2814
2155 222
2833 1635
2524 3302
809 1684
332 2698
2841 3439
509 3608
2591 970
1179 286
894 2171
3913 523
2579 998
2920 1062
3546 3295
1086 3146
3466 1259
2606 2159
2045 2645
3355 121
171 3448
1709 2500
1769 2794
3957 1370
280 2423
3225 1912
2361 385
632 14
239 629
1316 440
1365 2695
2304 1913
3827 3567
1886 2347
166 870
3951 704
946 442
2627 662
1697 1835
2106 2560
2124 1179
1619 823
1142 3169
2722 2844
88 1850
491 2922
1438 811
2779 1047
20 1967
3100 1322
1549 622
3850 3530
3589 3922
1864 350
2659 949
681 4
190 1871
97 3094
587 3036
1076 3276
1658 1067
3861 2747
1210 3973
2490 1747
3506 1027
1868 2998
904 3332
1100 570
2589 1791
2919 761
3063 1091
3119 671
3143 2816
3119 2784
1053 2403
3588 1546
967 876
1427 3911
2607 1233
3776 1487
3414 1168
3649 2374
3119 1463
2452 3360
13 2137
920 519
3499 1626
1637 1090
390 2182
1925 2326
2595 3990
3161 955
2724 1718
3346 240
1670 943
3522 3764
1874 1770
3119 105
2030 2316
421 928
3468 1126
3119 2189
3571 3645
3246 3562
2083 1114
2318 159
2768 186
1106 739
3135 1278
1692 3976
1863 1892
2348 457
3232 994
1753 1333
398 2725
45 3325
3819 2871
2041 3297
2664 2763
126 77
994 1325
1190 1303
2936 989
1786 980
1146 2471
1939 1122
2383 31
3201 2609
3955 3264
2953 3817
204 2016
788 2858
1965 3369
3679 2799
2187 1522
195 3454
2071 1006
516 2191
2568 836
2922 431
1474 326
1105 646
3291 2056
3089 1577
187 1512
3119 3391
529 1507
3119 3720
1164 60
1019 3772
978 2735
3707 2872
2832 1860
2785 904
3454 960
2865 1482
3347 3267
232 1773
3526 1128
2068 2629
1165 1754
3223 2022
2624 3127
3988 1722
2253 2933
716 752
3119 3149
3150 2024
2069 1153
1520 1802
3268 2654
1616 3406
3281 2490
992 124
3814 2209
399 2992
32 967
1873 3121
1274 2229
3958 1867
1901 3776
615 3000
1880 421
470 3242
2202 564
891 821
481 1846
3678 1442
2612 2254
1505 3059
2775 3656
3119 165
452 10
2052 1035
694 1955
3095 28
3099 3859
125 1736
75 3900
3368 2461
3119 1998
3311 997
3117 1320
2276 3748
338 13
216 437
648 3640
3119 2260
2652 465
3158 1157
121 2610
334 2819
1839 2033
3193 491
3863 617
3483 2012
819 2894
898 1879
1992 1883
178 478
659 423
3198 3258
1432 2939
61 1363
1603 951
903 3355
2649 2989
2131 409
3562 3805
3826 1629
1195 807
3642 3568
2219 862
548 1831
1398 3755
1595 854
580 206
1975 1488
3938 76
1855 2234
1104 2042
1976 3183
3751 1782
101 238
942 894
3848 436
2406 1909
765 2220
2941 3799
2204 2931
3760 2987
3960 2251
2811 518
766 3490
2907 44
287 359
2005 2202
3866 254
274 1472
3484 2783
1733 1812
1984 2334
880 1540
412 2276
1923 2178
3119 312
1829 166
2256 2371
2003 2667
1590 1150
993 832
886 194
2472 3211
719 3648
805 2700
2400 700
947 1424
454 2891
2392 2304
2059 1246
2277 129
3920 2838
3119 2635
3119 1903
1618 3476
513 1341
422 2100
3574 3819
79 1980
1063 125
3418 1393
702 587
3442 197
3494 1435
44 2616
1908 2909
203 3072
3333 1929
2682 3253
804 3246
2062 425
3151 2245
1084 1672
2762 1723
1461 1936
2 808
221 456
3925 1552
2070 2900
3795 664
2286 935
756 1569
2902 2428
3670 678
679 2402
1032 1778
3704 839
3380 1828
1626 364
868 2641
3599 2782
3391 969
2549 3950
3909 3522
3303 2009
875 2860
2182 3001
1292 3633
3029 1505
2366 1562
3119 2683
3367 3507
3612 2365
2881 674
1271 999
2451 3653
2103 1906
1800 3514
3119 1926
652 3719
2368 2080
603 2815
2252 3042
624 446
2738 1408
38 3447
1376 1682
3597 2040
3081 104
726 3481
605 1785
340 1729
483 243
2706 2068
1473 2222
3823 2693
2944 354
2964 2130
1042 274
2431 3581
1318 3354
1935 563
1553 848
2645 1268
1289 3946
3787 1530
1419 814
2633 933
3145 3437
2442 2343
517 1215
751 3986
1805 493
3944 3314
1440 2061
1779 3336
506 2964
2312 930
415 2870
2622 3491
1865 2856
3394 391
413 2884
2006 2771
2901 3383
3963 1217
3013 2436
2430 1510
742 3279
1750 3553
2557 604
3027 2432
2669 78
3767 1760
2465 2108
467 418
2130 192
3353 1491
1004 800
1203 372
132 2523
2684 2650
1212 601
1045 100
1347 2277
269 308
983 268
750 1847
728 1875
184 670
2387 1830
2147 3014
2872 1790
2378 1856
164 520
1155 1891
3177 2738
1052 3621
2712 3265
2723 2106
3771 2011
2281 687
1251 1455
878 3895
3028 3206
2959 2999
1216 3414
2857 2840
2382 2768
2760 3434
759 1258
631 1965
1711 1120
3508 3584
3062 2459
341 2233
749 2798
3072 378
2401 30
1792 1479
438 3003
2183 362
449 3970
2244 482
1005 415
3595 778
1957 857
2137 412
2615 3073
1508 2658
1134 3813
1669 2357
3188 3823
3398 2535
3962 132
2148 3385
2946 2714
198 3126
3630 703
2192 253
3691 3361
523 588
1023 1932
3521 2455
2496 1015
3119 1164
1340 3140
3312 2642
494 2127
3113 2299
2680 3378
2882 866
3997 3271
406 81
2619 3582
1698 2267
14 3068
3448 2696
554 3528
8 639
1254 3703
1220 1389
3986 680
2238 1250
968 1040
66 659
80 2050
1729 3200
1043 2605
1541 1573
543 2988
3031 146
1325 2758
3856 2502
1484 2977
3475 150
1566 2413
3677 2682
3953 3646
1247 1431
2308 572
2427 1337
387 2534
2878 3291
3541 3312
2057 1550
312 690
2940 2827
1716 2079
2710 1745
737 2590
1739 56
3445 445
3995 1248
1472 3129
3133 1275
1028 3816
911 2942
1774 1735
3195 2048
752 3180
2332 1501
2894 988
956 812
1377 1495
3119 96
140 345
989 3744
1095 1453
3340 80
1673 3848
1057 1624
2078 3599
1133 795
757 3615
1650 3495
3481 1992
2688 1420
2852 1662
3040 304
2736 1141
755 2321
638 195
1763 1732
1506 3154
2055 1586
1793 264
3778 3665
1647 2495
510 2908
3422 277
1994 2156
3343 843
349 3190
2034 1911
2538 2995
1820 3120
2291 2018
1518 2381
731 1170
835 1839
1202 3293
965 1411
3119 336
3830 505
2713 993
1397 248
2950 2485
634 3669
1768 3098
2023 390
3984 3278
2037 1949
129 3311
3119 334
917 1109
91 2914
2563 3306
2085 3041
512 3934
1517 2204
57 1870
1138 1397
3937 3184
1232 3955
1470 2118
2309 637
2417 135
2230 583
2553 2302
674 1273
339 3489
733 3912
1666 560
3587 1697
2937 683
3655 2512
1237 1630
905 1308
284 162
3119 1003
840 2261
1091 3536
2416 2506
3401 1957
3854 1519
1253 3964
2790 1349
573 2032
1596 2859
948 464
3486 2268
230 3939
691 3018
2440 1298
1958 3138
3227 1467
2077 2896
3327 3419
3557 3747
1801 3248
3364 3844
475 766
3119 1970
283 2323
1749 1064
2251 1950
2301 2289
468 93
982 2197
3305 47
2390 2824
776 1220
168 3113
1022 3457
1862 1592
3969 3893
1612 3952
3354 2417
2176 833
3119 2853
532 95
3253 2879
2794 1145
3119 1555
1919 793
1335 1993
3732 2278
3319 309
2808 2531
1256 245
3057 63
888 1049
2818 2671
3802 3410
2786 3618
1058 1801
1166 475
2726 2297
3119 299
592 3197
673 668
3645 2483
2970 2164
696 3270
3561 113
3065 3418
3118 3165
763 2636
2302 489
207 742
2021 1838
367 1733
1087 1727
3245 3347
124 2201
3634 488
1499 1648
1951 3462
1999 1221
295 1614
1311 1848
2097 201
1528 3880
3119 426
1374 1224
3736 3907
1561 1461
327 620
3389 3722
829 542
2084 2513
985 3830
270 3480
3578 816
1906 1609
1903 2573
525 1568
1911 3932
1372 3078
2601 3091
78 3600
271 1019
1558 734
2889 2915
1386 3983
2519 1918
872 413
3279 1121
1550 2852
2508 449
2053 1634
2697 207
1832 496
286 2812
3482 1412
1088 2806
3119 3492
463 2950
2344 2885
1802 1525
1943 1984
326 874
3416 3209
579 3935
2651 1458
1587 557
3433 1475
1429 1206
1628 1922
916 2810
84 2833
3933 3333
3041 569
527 379
2063 3670
3138 1513
496 294
2835 2443
315 3693
683 1192
439 981
111 3130
1072 451
1857 1471
2455 382
3710 356
1881 3402
169 2877
3021 1073
3045 1654
832 672
2299 19
2748 738
786 2041
3449 2448
2258 94
2859 2807
3119 1658
3569 1593
3774 2665
1140 1521
778 1772
645 2655
3119 2360
3119 300
2725 1359
3763 1374
693 1744
319 2986
1513 2375
375 3708
1522 322
2125 3216
3905 2934
1547 2479
3119 2571
2144 568
1826 1174
2927 2122
585 3213
2814 1296
1439 3319
3256 3194
1464 1643
1030 1527
3458 40
2350 2764
570 3287
3650 1316
550 148
1941 2335
856 2097
675 537
2262 2248
1198 2249
2856 2552
1620 3928
1934 3432
709 2533
2771 828
3211 2576
2410 2537
3240 72
2830 1071
833 625
2389 1972
2599 219
3577 1938
2781 2341
2109 1154
3881 2005
289 3797
3070 3362
3903 3535
2891 3589
2896 3929
3101 2829
1843 1944
1546 975
182 1142
3403 3780
1890 340
1074 3766
2008 3283
3119 2291
1848 2193
606 1615
2854 1231
3680 831
2647 1766
388 1289
1633 2330
1330 3151
3690 1523
3708 1752
2163 3338
1344 3810
3054 1989
1827 3260
2044 978
3215 43
3321 3136
2945 255
2797 2674
2836 106
444 1432
3614 3598
3329 890
3119 7
2708 3510
2734 3219
1224 3574
2691 2997
3604 494
2347 532
2412 273
1167 3760
2127 3746
3513 1447
3497 3714
1632 2151
3675 1414
1191 3619
1145 549
2047 1693
3119 3733
604 434
1478 1377
964 191
974 3348
2111 1368
1231 2619
2164 1865
2242 1725
3500 2003
1866 27
321 3191
555 2919
790 1468
2743 3726
176 3494
5 3346
3906 2582
3119 1068
1967 1101
453 3299
3105 792
300 2320
1393 842
2806 2717
1594 252
849 2993
3801 2940
2530 168
772 3471
1498 1481
3119 1092
497 3809
3559 3533
1682 692
2689 251
1998 1210
2864 285
3676 803
1380 1209
1771 189
1051 2678
2802 187
1731 3231
2935 3442
1990 3756
2415 2396
949 2386
3447 3867
859 2327
3017 87
1213 3566
3183 531
618 439
3119 3040
2384 2255
1137 2902
649 898
2466 353
3758 1181
712 927
2156 2580
72 3168
1353 3395
3278 2158
957 1578
3032 3548
333 3341
2227 1904
2548 2652
1783 3977
1790 3030
1918 3233
304 3240
2065 1388
1571 2439
74 3284
2275 2004
3141 2066
2597 1105
3652 3888
2474 3028
2225 3289
3338 2039
414 2484
627 138
2316 3408
210 1619
3010 1655
3090 3288
1898 3554
3119 1961
770 2843
3874 3936
1842 2376
3052 2536
3289 1599
208 1362
2996 3845
896 52
379 521
787 1372
2339 3700
2837 649
3661 3424
1170 626
3061 233
3568 1742
3693 2088
3241 2515
909 600
2087 3516
2212 1622
3811 1116
1399 1223
3119 3638
782 809
2300 585
1428 2250
165 1010
1781 3099
460 2095
2817 3866
143 111
2705 2887
969 2368
3821 1746
3064 2275
25 1097
2690 1396
3008 371
1760 1642
82 2839
1270 3630
1580 818
3918 881
2135 18
2024 1798
547 3157
1476 3577
3332 3106
633 1881
502 2550
2947 2363
1928 2480
584 1707
3829 3573
1795 923
596 2349
3119 2606
3480 754
1437 3125
3560 2857
3880 2060
2220 3085
588 1043
1764 3818
617 3822
377 571
1799 1037
2575 1841
2239 1574
1061 1057
565 1184
465 3727
1244 3376
1726 2211
2590 2478
2403 1613
3485 267
3119 1033
428 287
2200 1668
1026 1837
3328 318
2491 3445
1396 2888
2349 2216
724 193
697 339
2828 3666
1131 3459
1263 3930
3156 3960
2630 3310
3516 2910
3611 1588
578 1708
3011 1978
944 3300
560 2387
3351 3547
147 1930
2514 2179
3719 3022
1608 2623
1 699
3852 3142
699 1765
10 123
871 3238
2592 3373
1926 139
2294 2905
613 743
1946 3624
1090 1345
1582 717
3576 2983
907 1148
3119 852
344 2062
1732 2912
2542 1314
2226 3792
3594 2821
1887 66
1844 392
2073 1868
3477 3008
1260 2924
955 1928
722 498
2214 1792
1127 2486
1885 1764
3743 2052
2223 2687
3596 3541
3286 2307
2719 2726
2994 36
774 144
1838 2168
3221 2777
2982 2154
36 916
705 1462
2571 1348
3720 1834
799 1887
2241 983
3658 71
3870 1538
1696 2559
1310 3881
3119 3013
2521 3914
951 2883
365 2253
3366 462
3298 1940
3910 3104
1708 1169
3119 3820
1375 1900
1548 473
2215 395
499 1399
3112 1917
3916 2651
3662 1976
3203 3686
1929 1996
1960 2954
1757 2057
939 1437
293 2690
741 2113
2783 1041
522 838
3660 2913
3058 1623
3308 3601
3104 616
3119 1631
2747 2699
2843 323
1286 1292
2129 1398
188 2252
1046 1074
2066 459
1544 2728
2013 2184
2002 2450
355 2851
3258 586
3740 1758
1705 2737
936 3758
2918 1953
784 661
3197 280
173 3313
2153 2266
2178 3855
2425 3994
2365 211
2637 1354
1715 3610
2517 533
493 3252
559 130
988 1686
901 3519
943 1460
3452 2943
583 2147
2892 1916
305 1844
3412 797
3206 3959
3317 3870
3733 2720
2971 2414
1120 1611
3220 1575
1891 965
1834 1199
2605 2876
1574 2886
3436 2603
3837 499
1852 155
3402 1531
902 607
1101 2956
2060 404
3978 122
3525 657
1937 2452
1110 3561
3059 686
2447 102
3512 73
3583 2673
119 1286
3729 1492
2385 1208
1291 363
877 1726
1614 2625
3764 2901
980 1270
3940 2577
3639 1151
2887 2319
1456 75
3974 1167
501 3980
135 3971
2196 2262
1899 1369
1265 696
1921 3177
329 2941
2094 735
937 1009
1262 3221
1877 374
1719 3328
133 1549
1451 2207
3586 606
984 3230
3934 1214
1192 2224
2209 2287
3083 579
2503 1022
1853 70
1605 758
416 1787
2274 3821
703 2477
2091 1438
3119 2869
1039 1195
1308 1786
3091 772
3214 2442
3598 2169
3462 911
2623 3422
3119 2751
3987 1889
3119 1267
2333 220
3935 226
789 2085
3800 11
769 3232
3123 1981
1704 2185
537 2393
1283 3768
2556 403
3119 3430
3898 901
3415 2038
636 2021
2331 2546
797 1078
2261 1974
160 3730
3173 3290
1107 3926
3647 2427
3020 956
3755 926
2816 611
2983 2971
1725 3436
2561 3749
1371 2136
3566 1045
201 2741
793 2697
2479 1703
2636 3485
2526 1516
3519 1741
3461 2215
1358 290
380 1456
459 6
3034 1815
2112 3762
1663 26
1516 2990
913 1987
3948 2370
2438 1001
3119 909
2104 2984
3119 1234
3282 806
443 914
1534 3620
1214 1072
2555 1330
2152 3774
2313 1689
1655 2621
250 3187
373 2217
2544 224
3994 3173
3535 1026
2812 59
611 2332
3218 2263
353 1276
3049 1638
1540 1023
242 3382
2009 25
3002 3026
3956 3570
3808 1196
1158 3966
3996 624
1636 2701
2369 802
3119 2107
1129 1118
1690 2454
2709 253
1687 2051
1253 3036
141 249
1615 848
1482 1089
1781 1905
1385 3878
569 1025
2906 2040
2612 2541
3069 2976
2574 958
588 1537
2711 3400
3901 2681
3316 2193
2562 3441
271 3299
380 2535
2827 1157
1292 1657
2165 2283
3221 1686
2886 1722
1598 2133
2251 363
2215 2658
202 1762
938 2681
2081 958
3848 526
3464 1861
3445 3780
3885 1410
1572 118
295 50
160 2658
1380 268
448 3427
2025 2328
197 2730
471 1537
2259 1787
398 53
3643 267
3360 1410
517 2268
3741 3378
3856 1426
1708 3295
3348 3641
1092 2328
2848 94
2016 419
322 249
1190 253
3963 2877
3878 3982
254 3381
1974 3812
1860 1089
409 2522
558 1556
2985 3131
2530 1410
2162 2631
3126 2193
1868 526
2193 2756
3996 3210
110 1025
727 848
3092 1246
2829 1157
3461 2658
2457 3527
1268 848
3301 593
170 3378
3391 1989
2849 3648
231 1615
1656 1085
3756 227
2400 3878
428 3254
2250 3179
570 3119
2008 2133
3425 930
3924 1615
369 118
3475 3335
1557 3015
2488 2193
909 1147
2105 841
287 3254
477 47
308 1144
2622 253
2308 3378
3331 267
323 841
626 50
1458 954
3457 2735
83 2051
2116 3982
3772 3299
3928 1290
865 850
2925 1761
1793 461
2373 1426
940 3878
1918 2596
2422 3381
164 1537
1858 1196
2561 461
1854 1071
3474 1797
1954 2423
1321 1421
1670 3254
3110 2150
770 841
3974 1686
1025 9
1262 1686
1177 3335
2454 1787
1248 442
2184 2268
989 2328
1367 2268
2965 2792
177 1746
3193 1762
2864 3335
1356 1078
1681 3779
986 3131
3024 3791
3086 1246
3406 2535
3508 2976
2869 1808
2636 825
379 2646
1082 1025
1953 118
1666 363
1371 1615
1629 50
959 363
1401 2995
2521 357
2316 2522
681 1157
3676 1071
3124 1808
1984 3629
1637 973
1667 3731
1731 249
1359 53
3852 1657
3042 1141
3864 1223
2824 1078
3867 3036
3606 3295
2126 2681
2625 50
2999 255
2015 2193
3716 2646
1894 2310
1599 2631
2513 1904
2718 2535
3115 427
3923 958
3816 655
436 526
1638 1078
1711 3427
3285 2267
2960 47
2212 2877
3034 1861
353 2399
2765 3980
1180 1196
783 3295
3409 3632
1751 678
2491 3780
2524 94
2615 1479
38 3036
1600 2780
873 2995
2137 3119
2604 3851
80 117
813 3982
3999 3911
2959 255
3946 1025
190 3911
762 3200
1496 3435
3416 2756
3211 2735
3608 850
3357 2535
1809 3731
3571 2428
3837 2193
109 1773
145 2535
3123 1861
238 1479
826 1297
3102 3575
354 1904
2420 1089
1168 3378
1115 268
201 397
1187 1154
1375 973
1874 62
2472 2735
904 1808
3951 1688
92 678
2017 3779
2756 1025
3404 3378
1614 50
2516 3424
433 3381
1179 2735
13 3119
2958 1141
2083 2995
3479 1657
1225 931
1006 546
3260 1904
3936 973
1901 117
2981 3648
3654 2478
1316 1537
902 3455
1421 2428
3533 1589
3363 3051
2314 2478
2257 3731
3114 450
3504 1773
3855 81
735 3015
2390 1078
1436 3210
3257 337
1335 2780
236 2541
1079 1905
3150 655
464 3378
937 1710
1846 3335
6 526
3478 1223
1112 1657
2863 450
3567 2150
1058 1773
2423 1223
1175 461
2500 3770
2714 2310
3286 1904
350 427
3402 117
928 3299
721 1196
3040 2522
647 1157
709 958
894 1141
3467 3632
1677 1078
3523 1688
3685 1479
933 1479
3911 1989
3329 1989
104 3629
1279 450
2245 546
3841 678
1353 461
3891 3878
863 3632
3953 94
3154 2072
3429 1537
3007 931
3254 47
2726 1223
1107 357
614 2780
1996 3119
149 3527
3943 3791
1403 1589
1094 848
1485 1157
1193 2328
1871 3911
2854 1085
1870 3851
3430 2283
748 1196
2832 1089
3835 2976
2106 841
1484 3424
3084 2646
1754 2399
1569 1426
2057 3791
100 1722
498 2631
1426 3335
1564 81
554 1085
2489 277
3818 1615
1950 363
3128 3911
3164 3179
2205 117
37 2354
1521 62
3526 2267
3349 3427
1320 895
1299 2273
1919 1797
2883 2541
2136 1615
2348 3179
357 3648
2450 3037
2049 47
343 3200
1442 2040
729 954
621 1722
103 3441
2974 3527
1890 2631
1975 848
2339 3527
1096 337
713 2283
3811 2310
1886 2792
480 2051
687 3980
742 1797
2835 931
823 2681
945 695
3524 3234
2352 1085
2992 255
1172 249
3243 958
2115 3911
530 450
1391 623
2734 267
3640 1688
927 3254
3019 1722
2304 3770
30 363
550 3037
2912 3159
547 278
1641 1657
2244 3441
3607 2265
313 2681
2789 3335
3551 3455
2369 1905
1853 3779
2991 3455
417 3779
563 1147
3454 397
187 1762
327 695
3056 3254
1011 94
1422 3641
1416 3234
2283 695
764 2354
3155 973
1323 1556
267 825
1798 655
3591 3427
786 1025
844 3254
1837 2267
3219 267
2892 268
3580 2681
3805 1861
1980 268
691 3287
1634 3527
3021 2354
833 3980
62 1085
1644 655
1439 3601
562 3400
689 3119
2916 526
2834 3878
2682 3295
1669 3131
535 3381
2138 2268
3980 2354
3050 2273
3005 3851
1202 9
3100 1761
2192 1761
3500 3119
2133 1746
1902 3851
399 255
2668 337
950 2658
3719 2328
3521 3455
2861 3632
3919 397
1636 50
891 461
2924 9
2907 2780
2703 2631
3444 2646
241 526
1623 3648
3808 3878
738 895
2449 2631
3319 3601
952 3254
845 623
2563 1722
3446 419
3315 1710
1715 3427
2579 2268
2556 3911
22 1154
3489 3982
1558 2535
2929 3287
2549 1297
3985 2541
2181 2423
978 2990
3271 1421
2312 2735
3535 2267
701 2428
18 1643
1926 442
3546 253
3832 3878
261 1657
1446 2646
1622 2877
2071 546
2753 1297
564 2995
1114 2995
1022 2735
1660 2990
423 3851
336 2072
2933 2310
1101 1905
1804 2877
412 3119
1761 461
2232 2273
971 3424
2186 1643
3513 2310
1289 1025
2947 2428
3139 94
2047 2976
3395 461
3027 1773
618 1410
3174 50
577 2423
2609 1989
1767 249
1215 2268
2305 3378
1872 3335
2058 3982
2723 841
276 3159
178 2354
1487 117
2909 47
352 427
1258 958
3649 2072
3229 3878
2938 2646
1878 427
89 2552
3705 2133
1985 3791
3932 1589
199 9
2099 3632
7 678
1626 623
3664 695
2213 3779
720 2328
2910 3036
3372 268
3036 2268
77 3037
1429 337
310 3441
2075 1797
3981 3037
2123 363
332 3435
1940 3441
3048 3779
157 1643
373 2995
1729 2631
1018 47
1396 1787
1504 277
1659 2681
892 2133
818 94
1814 2273
2618 3159
1143 450
33 3641
3131 3980
1683 3779
3383 2780
2001 1989
2922 1762
1833 3335
2948 1552
718 2995
3743 3911
1178 973
3836 1144
3628 1297
3394 1761
2954 2354
3670 841
3790 2273
3627 419
1810 1761
3449 267
3957 1722
3547 3234
2418 895
2052 3911
279 1861
2534 1144
3145 1196
3022 2328
3512 3427
3488 1710
3439 1722
3183 1144
807 3254
1141 81
3294 1421
2846 2328
3574 3287
3530 249
966 2265
627 2133
449 419
1286 1657
2752 3980
876 268
769 397
3881 2995
2879 3295
1892 267
3392 1479
2117 2646
1266 3406
3568 2265
2790 2399
1464 931
2627 546
209 2552
637 695
970 3878
3809 2268
396 1421
1454 2267
583 1643
512 2658
2087 3036
901 931
1570 2268
3210 3780
3011 2399
880 47
1360 1904
410 3299
1305 3159
2189 3641
1392 3299
1238 2328
3797 2072
595 2792
3517 2354
283 3779
372 2283
539 1905
2969 3200
916 2596
805 1615
2614 958
1597 1154
1414 2780
61 450
3838 3780
3637 278
3788 2646
3784 863
3543 3254
2343 3601
867 3812
253 1761
296 3131
3398 3427
2391 2541
1701 9
2223 3641
3905 2133
1234 255
2453 1643
3611 3780
133 442
3247 249
507 1589
1271 3441
2623 2522
2379 3335
3632 268
2467 2328
67 3731
2486 1762
2915 461
1087 2265
395 2658
1255 1527
1293 1479
3483 2877
3604 2478
2273 678
1251 3511
1029 1154
2685 267
1556 863
290 118
630 850
1220 3159
1800 848
107 1223
3354 53
801 3051
1527 2133
3248 1773
3740 278
1330 546
2599 1861
552 3015
227 2877
2053 3527
1326 442
31 2730
368 255
3215 1141
2564 1688
2004 850
2382 3036
2374 2072
1450 1078
1010 117
1230 2051
1155 954
2551 1154
1571 1589
510 1479
3859 1905
710 930
168 1410
3918 2596
1077 278
693 695
821 461
816 3632
1823 3779
2413 363
774 2735
1459 1615
3655 2681
2038 2735
213 3878
3701 50
3712 1144
2919 1085
3065 2541
3828 1290
2565 2730
1118 3179
108 2995
2939 1144
804 1861
459 526
3766 1290
2532 2283
445 3780
675 2596
1737 3159
3206 931
87 2681
1164 357
2303 2730
497 2268
2240 268
2224 3851
2148 53
3071 1527
808 2193
3374 3254
2875 3641
2166 3179
2850 2051
3132 1147
3169 1223
1986 2283
3250 3632
868 1905
1311 2756
3722 1773
3564 397
2219 1297
2481 2328
1531 117
1009 1710
3658 2265
511 1657
954 3381
597 267
1024 3435
3629 3779
297 2040
1023 47
2677 419
3090 2072
2816 895
775 2428
2389 3200
2976 1643
2267 3455
29 255
699 1246
1861 623
3241 461
2408 695
3105 2681
854 2552
1617 1797
3072 1183
1236 3406
722 2631
836 3179
2407 3234
674 2995
404 2792
3138 2193
3227 841
1802 3400
2741 397
3062 3641
1784 2990
1869 1071
305 227
228 3648
3452 3731
1508 3511
2769 973
3631 1085
2833 2877
1419 2976
431 1762
2964 1025
1862 1746
375 841
2732 2399
1447 2310
2035 81
2140 3427
1668 1246
3012 958
702 2268
1196 3878
1757 3791
1418 442
2517 419
2298 3234
2842 1426
3662 1144
1154 1808
846 1527
2746 3179
3540 695
3542 3119
2230 1643
249 363
919 954
2809 268
2671 3036
1216 3378
1773 442
2763 678
3992 848
393 2552
1722 1615
2157 2541
2202 2995
3831 3632
1567 1989
649 895
434 81
1045 1722
1990 227
402 2990
725 825
1741 931
1221 2976
2868 3980
3931 3632
3993 655
926 3424
1402 2423
1620 1290
2311 1078
3596 3131
604 81
1027 958
2606 1141
1958 2193
3684 427
1554 267
1924 3779
346 655
2125 3575
1545 2133
453 2040
1276 2399
1932 47
2435 1797
1038 1904
3196 1154
456 3435
362 1537
3177 3982
2059 1426
2550 1154
560 363
1247 2283
1739 249
756 1426
424 1085
2880 841
705 3427
1859 3780
1200 2552
3972 655
257 3441
3322 1085
544 9
3140 94
3692 3424
2448 267
3468 62
3423 277
3159 2399
229 3629
1898 94
1213 1722
2309 695
2626 1589
3443 3812
1973 3037
2386 678
1040 2730
360 442
1147 50
1433 3982
3773 53
2030 2522
2266 2273
2996 3400
2464 1071
2098 1144
1347 3575
949 678
2021 3770
684 1746
1142 1223
500 1290
817 2735
974 3641
639 1089
1943 3629
1235 1479
1111 2631
2973 1657
2945 1071
3937 3015
1123 1078
625 3980
2036 2535
2878 1147
222 954
1655 3427
3983 2267
413 3381
106 930
303 3299
1174 3015
156 2522
2716 863
2587 278
1093 117
206 1157
2006 3051
19 1410
1224 3287
1944 3648
311 3335
317 3036
1457 3982
225 1157
2643 3731
2050 117
2701 50
2610 1552
3074 3179
611 895
3073 1479
1046 1290
1939 81
3149 3601
2437 3851
233 593
1158 1157
3485 825
1561 1615
2794 1904
3238 1808
2845 593
1914 1290
1769 1904
2203 3731
2295 2877
98 1071
2889 461
2172 1657
1725 1297
2375 2193
2188 3812
2024 655
2475 1196
341 2268
1812 895
1312 3878
2733 954
1150 825
435 2730
1971 3406
3689 3632
1748 1904
1449 546
2544 1183
1085 2658
3581 397
3484 3770
3822 253
3827 2150
1587 3037
1738 841
1989 546
2764 1078
3448 1556
1026 2267
3198 2646
125 3037
169 427
1856 2040
885 3601
3774 3435
3223 1556
3129 253
3459 2150
2046 9
3595 3511
2119 3731
1400 1797
1899 1746
1159 2735
2942 3982
3232 397
802 1905
2077 277
3352 3731
1512 1762
2042 1688
3888 1297
11 3731
1611 3427
525 47
3051 850
1237 1297
3284 3131
2725 53
2292 255
1778 277
788 1643
2183 1537
3245 3455
2171 1141
2246 3406
1520 3400
378 1183
2838 337
1691 9
3498 3299
2511 442
3057 3812
1088 3406
1583 3648
1246 1426
2145 2535
943 3254
806 1615
3825 268
3592 2399
3239 3982
3017 2681
1188 3441
790 931
3725 3015
174 1904
1239 62
3142 1657
3694 825
438 1410
1884 2267
1580 94
688 2265
2066 526
2539 3982
1283 3511
887 1615
2699 695
3830 958
502 1154
976 1761
3635 655
529 655
3861 695
1140 62
2146 1078
1214 2658
1740 3629
3078 1154
1052 253
1129 3179
73 3427
1169 3295
16 848
1645 623
440 1537
1399 2193
1586 1688
3401 278
739 1421
1602 3015
666 2265
3733 3159
3049 1078
3279 1797
3721 2133
1042 253
5 1147
348 930
2221 3632
980 118
82 2756
3975 1989
451 2658
272 3234
1068 277
1539 2535
2022 1556
3334 2328
2591 3878
3796 546
3297 1025
1394 3427
3792 863
3532 1290
3491 253
93 3632
3680 1589
596 2150
898 895
1619 2681
3204 3424
3175 1025
1061 2133
752 1552
635 1071
2447 3424
2571 118
3079 3427
492 3980
1233 3381
711 2051
2662 2072
603 47
929 623
3025 3641
3059 3511
2062 2522
391 1761
2897 930
285 3335
860 1710
540 3295
3944 1556
248 2995
26 1989
1152 1787
1056 2730
1607 227
3977 546
1721 3812
879 2283
3603 1196
1296 1861
3016 1071
2173 357
925 3455
339 3982
2018 1710
3656 3731
3569 3400
365 2310
2335 337
2474 931
918 118
1430 2428
654 2756
27 1537
1462 3427
3890 930
1605 3812
2819 623
1028 655
3435 1527
2905 2310
2302 863
1523 678
2781 3980
3130 2428
1043 1537
1937 1410
1066 357
1314 1410
3026 227
3916 954
930 2735
2014 357
703 118
3291 1147
820 1552
1948 227
1133 1537
1304 3455
2034 1589
2535 3427
1744 695
2102 1710
1825 2310
3246 1861
761 1085
2417 53
3887 50
146 3424
1519 427
2029 1183
2876 1537
66 3851
2635 2646
1630 1297
840 3812
3321 863
1728 546
1287 2681
1596 954
1895 3299
361 1297
1733 895
3240 2522
2002 3037
2520 2072
3156 363
3153 1089
3843 2265
1067 850
3875 3851
269 1144
1763 3159
3458 2478
70 3779
1709 3770
214 841
1127 1762
2858 1643
2582 3770
1004 3131
745 1787
131 2399
3537 1246
2900 2283
3136 863
159 3200
3101 1157
3976 1808
3303 1527
2972 3378
3786 1761
531 1144
3862 1290
420 397
1307 2328
1730 1025
3038 81
3915 973
2694 2681
2196 2423
1967 1905
1469 3210
2602 1426
3696 3299
2706 3641
3720 1722
239 3295
1845 1085
2194 357
1875 1808
2255 2428
124 1905
645 2478
148 3037
234 1710
1344 1556
1306 427
3208 3406
2149 3210
3823 825
862 1297
1199 1722
3893 3779
1813 3406
2674 1722
2120 850
1388 1556
2142 850
3882 3791
2043 3980
2419 1154
2476 3335
2975 1071
1201 3648
2269 53
468 3632
175 1196
2466 2399
1978 2399
3849 3575
2354 450
850 2267
2914 1089
1671 3575
2717 3406
749 2780
3346 1147
3679 3441
1475 1797
2750 1797
3018 3287
1805 1078
3576 1290
1578 1157
3109 3400
3337 1078
3420 3982
2681 1797
2680 357
606 848
2803 253
1850 2552
1091 3051
2164 3629
1362 3641
2260 3378
205 419
2005 2995
3093 3159
3511 1421
1758 278
1135 848
3143 895
3125 1710
2712 255
2595 62
695 2478
1949 357
509 850
1697 1556
1909 442
2130 1025
2649 2051
1513 2193
514 2072
179 1762
593 255
1231 1085
3366 255
3035 1710
1350 1297
815 3119
780 3036
1427 1989
580 1157
3561 1426
3536 3051
1001 2631
1610 1657
3258 2646
3518 1223
425 2522
920 3780
2870 1773
2684 1426
1166 2990
121 1552
414 1147
3717 3731
1889 850
2296 2730
3634 3435
3015 277
3907 2877
3160 850
2110 3779
1183 2681
3624 2756
2078 973
3586 848
3107 1141
1257 2735
1389 3159
1331 3779
1339 442
753 623
1983 3299
2318 3200
3163 1157
102 3424
2715 958
1272 419
1007 863
2082 3335
2630 2150
1910 1589
1759 1688
2588 1746
3249 3911
111 2428
706 1183
3013 50
1165 2399
3652 1297
246 3911
367 895
1315 1762
1988 450
2197 2267
1625 3424
3047 2423
1903 2552
3844 1527
2187 249
2344 427
1881 117
1807 546
488 3435
888 3210
1828 1071
3411 1808
1386 2267
293 1787
3377 3200
162 3200
2687 3641
2566 3424
1448 2478
444 1144
3998 3406
1493 3527
3982 249
2103 1147
1789 3234
2761 3179
2927 3878
979 2756
3612 3791
3259 3791
620 695
869 3812
3942 3911
113 1426
3482 3378
849 50
1170 50
2800 1710
25 1527
2039 678
1014 50
2603 1297
1411 954
1672 863
2190 1643
1962 3427
1080 1147
2839 2756
2032 3051
3312 3131
1713 3378
1097 1527
1049 3210
2128 1196
95 2792
1779 2596
1857 3287
622 442
948 3378
2859 954
1420 2681
3113 1410
3112 973
1774 81
419 3435
307 62
2011 3851
1012 546
2904 1297
3066 1147
1786 118
2843 841
3764 2780
3702 81
1318 53
3597 895
1841 2631
2294 2310
3046 1297
685 1710
3043 3381
2528 1246
90 3287
1674 3770
3894 2267
1533 1141
3437 1196
1182 1762
3333 3119
1438 3378
1745 2877
3205 2328
1308 118
2890 1421
2122 3878
447 3632
2639 3511
3763 3287
479 2535
2757 1989
1836 1556
2749 2552
2484 1147
2442 3601
2372 2423
3002 227
2204 53
3472 2051
532 2792
1153 2646
2044 2990
956 1426
605 2596
3151 546
2828 277
147 3527
2692 3435
2432 1773
3480 3629
3522 2780
3384 1589
1035 3911
600 1147
1933 1589
1524 461
740 3234
1148 930
3910 1196
1194 931
772 3601
993 3575
3988 1615
3971 53
1013 3601
2808 3200
3589 1688
1532 1196
1098 450
1864 427
2243 3015
430 255
2306 2646
2935 2730
3966 1157
2402 3406
320 1905
1455 3511
3650 1537
1723 9
534 3641
2299 1410
1646 2150
994 397
1952 1556
3851 1147
2277 3575
527 2646
3492 655
671 593
3385 53
2287 1421
2791 1089
1652 363
2211 419
171 1556
2586 3779
1384 1657
39 2328
1468 931
2570 2133
1698 3455
1444 3527
757 3295
776 3159
2826 2792
3255 2072
2289 1746
36 2596
2301 1746
2109 1808
1298 526
3339 427
1647 3051
3486 2552
116 255
2986 2072
2473 3878
2093 1556
318 593
3750 3400
1406 1643
1724 2976
870 2150
2541 3791
1198 461
2855 227
3234 2646
907 930
3298 3441
1526 3527
2465 1861
2329 2072
2689 3648
3283 2133
803 1071
3179 1905
2446 1223
3141 526
2387 363
3365 1643
1278 2535
2345 3406
3906 3770
777 3378
2073 526
96 2273
2317 841
1322 1761
2161 118
3305 1762
3186 3731
3289 2631
3614 1157
1673 526
3421 863
455 2150
629 3295
3815 3511
1917 973
1838 3770
2853 253
501 2354
3510 3791
1927 2150
3097 2658
589 2040
2401 363
3252 1078
489 863
1834 1722
2898 249
2731 442
983 2310
672 3575
9 3287
2770 3780
1218 2051
3465 1589
1275 3287
3076 1808
1760 363
730 277
1325 397
2206 2354
351 2646
3727 2541
1204 2265
1472 253
791 227
2638 249
1928 2040
3168 2522
2805 337
825 1688
196 3911
2355 1589
2641 1905
584 94
2926 1761
2366 2990
2378 2040
112 253
778 3511
2825 593
755 1688
3548 3400
304 2522
773 2552
2851 1537
2872 278
3231 249
2547 3254
1703 1762
441 442
2559 419
911 3982
1057 2133
484 2273
504 3527
2248 2423
2319 3287
3117 895
366 1025
258 1773
3889 1421
670 118
188 1141
2281 3980
2421 1196
746 1904
1559 526
1329 1657
2632 1643
1589 2995
3641 3911
798 3632
2990 3037
2358 50
3682 3527
457 3179
1968 461
244 3851
1467 841
1290 1297
3817 3400
3850 249
719 3179
1811 2051
1053 3441
2784 3295
3605 442
3351 3234
2069 2646
3690 678
52 3179
2217 2995
3945 2310
2778 3878
2328 2541
3373 1905
1945 3575
3645 2428
237 958
2719 1223
3353 1773
1463 1025
2656 3527
2233 2268
3598 1157
1074 1290
3746 2478
2994 2596
2967 117
3669 2596
2376 249
3863 253
2322 2976
324 1071
1466 1787
638 397
2274 3036
1966 1657
3393 895
344 2522
49 2310
3381 2730
3745 3254
1782 1071
924 3299
3344 1773
3795 1556
1285 3400
300 1071
1831 623
84 2877
2675 2399
3278 227
1492 3812
3222 1410
2198 2328
3570 1761
1212 2423
1935 1147
3091 3601
422 2976
3947 3629
1851 2051
1328 337
46 3200
3642 2265
3507 1808
1664 397
743 678
2987 1686
716 1552
1445 2478
1301 3210
2411 2541
256 47
3873 850
40 2478
3505 2756
2873 1297
2531 3200
3269 2150
2365 3791
210 2681
3927 863
2679 2535
1343 1537
726 2423
2801 3435
579 3601
2439 1589
1797 3441
893 3911
1252 3455
1992 2423
58 841
2179 1154
2542 1410
795 1537
1144 3527
1716 1246
2055 1688
715 850
598 1078
2462 3179
1363 450
2576 2735
2253 2310
1349 2399
3706 3179
1905 419
1627 3980
1379 2399
2702 678
1582 1183
2771 3051
72 2522
2383 2730
2548 2541
383 3527
2866 3441
3515 2399
340 2631
2185 3791
3180 1552
2589 1761
2867 1144
992 1905
173 623
3031 3424
137 2478
1149 546
832 3575
1361 1527
1829 2150
3282 1615
1030 2133
2860 3770
128 526
852 2133
1631 3791
1047 1710
2729 9
3116 3381
1108 655
35 1527
1490 3441
1842 249
1263 1410
3496 973
3615 3295
3387 255
2673 695
1059 1479
2555 546
86 2265
3096 3335
3744 2328
1897 623
2381 1527
2760 2792
1102 2535
1453 357
660 1552
1994 3234
1510 3210
3585 3015
568 1089
800 3131
2529 1688
1517 53
3045 1183
1345 973
1685 3455
3265 255
2360 2310
3897 1479
1604 3295
1473 2631
2279 2072
1382 3210
2730 3770
1502 2133
450 1183
524 277
1488 848
1226 427
3039 1746
3167 2658
2438 2631
1959 2354
3730 2658
3877 81
3192 2273
212 1710
3176 2631
2129 3424
1250 427
1256 363
2581 1421
3866 3381
266 655
161 848
263 3400
487 2631
1081 278
2285 3299
3902 267
995 1147
3949 2730
3161 2040
2134 2040
1240 3299
1537 655
1051 3731
1957 278
3471 3601
3380 1071
3908 268
3539 2428
1819 419
335 3159
1680 3015
673 267
2388 3378
3665 442
3148 3575
2953 3400
2026 2646
1734 2990
2831 1246
3083 3601
75 2535
1540 47
882 2877
223 1183
2902 2072
3991 1761
1633 895
2508 419
506 1025
2787 2273
2590 53
1891 954
3317 3632
331 2310
193 1722
2201 1905
3506 958
452 930
2371 695
59 2735
3224 3406
3290 678
1211 81
2095 2658
3833 3435
2525 1527
2154 1223
1369 1746
264 461
3724 3200
2519 2596
204 419
3739 278
3573 1797
3525 655
3191 357
2840 2283
3450 3036
2885 427
2758 397
2398 1078
493 1078
1407 1144
14 117
736 825
2536 450
71 2265
3157 278
3098 825
3104 1196
2396 1089
3244 1426
533 419
65 825
3335 3210
760 3015
897 1223
3170 3210
1005 1773
734 2535
2512 2681
2600 2535
686 3511
136 1246
2367 3234
2493 3435
2494 1615
2009 1527
2815 47
1357 2735
1883 2423
3376 3455
3584 2976
634 2596
1628 3851
3819 3287
1020 958
1965 2990
2056 1147
3638 1157
1372 1154
3920 337
1855 47
3340 117
1274 2478
319 2072
1817 3812
3009 3051
3020 1426
3276 1089
1806 3210
819 337
763 825
875 3770
2937 3851
1970 3036
3095 2267
2406 442
2847 1761
3868 3036
3413 2658
982 2267
3900 2535
585 3200
2720 3159
134 3424
1173 1686
3212 3770
1803 1615
3552 3878
1961 3632
3237 1196
908 2780
872 3381
1161 2283
127 863
890 1989
1324 3287
3804 1410
3433 1797
2944 1904
1824 1141
810 1426
2341 3980
1134 3648
2261 3812
3599 973
1690 1787
3251 1141
1562 2990
612 1657
737 53
3686 3051
122 1246
1055 841
2650 1426
2180 3287
216 1787
521 2646
2392 3770
886 1762
1863 267
3147 2541
1281 1904
2553 863
2084 1904
3978 1246
3400 3601
400 2399
1354 3015
2774 3295
3840 277
1099 1246
2793 1421
2458 1071
2968 1787
3503 3200
3917 2552
1034 1527
985 958
3789 1071
1516 3037
3261 267
2567 3527
1694 3299
678 841
3514 848
56 249
3217 1746
41 3234
3268 3051
837 3131
607 3455
2545 2283
972 1552
2762 9
913 2428
3879 848
3661 2976
294 53
2667 3119
48 3911
3397 1223
1588 3780
609 2399
3970 419
3619 2780
2218 2780
390 1989
1650 277
2263 1196
522 3911
1624 2133
3342 1025
1743 3791
1203 2283
3626 1808
559 2150
1799 954
2320 1071
2182 1989
1364 2995
1089 1157
1116 2310
2361 2268
827 3851
799 3851
2779 1710
3708 841
1609 1147
697 3982
1790 278
2592 1905
139 442
2384 2428
2943 3731
2242 1297
3099 1905
1775 94
2074 450
1146 2354
2896 277
476 3299
1 1246
3426 117
935 2990
1100 3119
152 337
3778 442
2884 3381
2061 227
1130 277
1991 427
1333 825
2310 1722
574 863
3418 2541
2874 2735
3660 1410
1374 3287
3003 1410
1423 2265
3909 2780
2177 3427
2573 2552
3361 268
2738 3982
3436 1297
3166 2780
1787 2273
2735 2990
1151 593
3375 2193
1041 3770
3853 3731
3711 3629
2346 1426
881 2596
3770 94
2728 255
1808 3159
3898 931
2748 895
2982 1223
1551 1141
3956 1761
923 2040
2040 895
2647 2756
262 461
2090 1746
3371 2792
3428 50
2092 1746
2546 3791
208 3641
2759 9
2459 3641
2713 3575
2471 2354
2783 3770
2971 1290
473 427
2152 3435
1577 2522
3388 1989
486 3601
3749 461
2978 1688
878 1290
2023 1989
2509 1183
3858 3527
485 3287
1705 62
490 3295
411 1904
3801 1157
1509 1762
1866 1537
2425 678
1726 419
3242 1154
2802 1762
3895 1290
3427 1773
2252 1141
3355 1552
2326 2283
3075 1154
561 1556
839 954
3118 2730
355 1537
494 2478
1387 1686
922 450
281 1746
385 2268
1553 62
2693 825
747 3779
2178 81
2323 3779
3886 2268
3834 3210
523 1537
3857 1154
2817 3381
118 526
591 3051
2118 94
900 3254
1747 623
3460 2265
427 2423
2370 593
3776 117
499 2193
2412 2681
475 2990
1783 546
2265 1078
3134 3299
2141 3254
2167 2265
698 2658
2275 850
1348 118
3751 1071
195 397
2955 850
50 2265
1555 2658
782 1686
1612 253
2934 2133
1435 81
3870 3632
1960 2354
650 1688
2836 930
207 1797
692 1183
2007 3980
616 1196
1319 1761
1911 1589
1941 337
298 3648
446 3210
1755 1722
2270 427
1223 2193
3441 1787
220 655
268 2310
962 253
1499 2040
3185 3179
1915 1089
1766 2756
1712 249
1145 1904
47 1762
3912 62
679 3406
2977 3424
4 1157
1332 3179
2777 1686
292 363
792 2681
3362 1183
192 1025
370 2478
2613 2273
3545 255
899 1905
3356 277
2721 1657
3647 1144
1753 825
3651 1552
2237 118
1063 3037
939 1710
680 3511
586 2646
1474 450
3663 2273
1979 1643
3758 3015
717 1183
515 1085
2041 1025
3122 2150
2225 2631
2707 2040
1195 3254
1613 3441
601 2423
3958 2268
1689 526
1706 3381
3121 337
94 3234
3509 3980
834 2681
3055 2535
1491 1773
1186 1710
2377 841
779 1196
3325 1797
3499 623
337 930
2214 1089
1048 848
3225 2552
3667 2193
3487 1196
3462 3982
2405 1787
1801 1773
2403 3441
407 2535
3760 1686
3884 3234
3350 1552
3954 3295
1346 3648
2070 2283
1410 2792
1839 930
1695 2273
2653 255
2672 442
2452 1410
3785 1688
3178 2273
2334 3629
1069 2283
2441 337
3495 277
151 931
200 53
1060 3406
3704 954
3088 623
1228 94
3236 1297
2806 3406
2821 3812
3990 62
2492 3731
1037 954
636 3770
3501 397
180 1290
381 9
3476 3780
88 2552
3082 2596
555 1085
3044 1078
3549 954
543 255
3781 3381
987 3770
1843 3648
1888 3980
235 1141
3288 2072
2751 9
2931 53
2708 3791
594 3015
2543 3037
847 9
495 2730
2901 2780
2135 1643
973 2283
835 930
1207 931
2207 3527
1500 2730
2321 1688
2841 1722
2085 1025
3644 1246
2054 2354
3424 2976
3630 118
1222 2265
2936 2328
408 227
3332 1808
482 3441
189 81
1822 825
2195 2541
1261 3234
2121 1089
60 357
2865 1089
587 2268
3723 2877
2470 2428
144 2735
3807 2283
3821 3036
1070 2756
968 2730
1109 2428
219 1861
1826 3015
2963 3648
2686 2072
2495 3051
3451 3641
1982 2268
984 2051
3531 2428
2583 3335
1830 363
3162 3406
3880 2792
119 1657
1176 53
3307 62
458 1746
3616 2552
1206 337
3865 1657
1227 397
3226 1223
1591 3037
2698 3435
3800 3731
829 1071
150 3335
274 253
2818 3036
856 397
3528 1085
1117 678
1302 1246
2349 2150
946 2596
1377 3295
1887 3851
883 461
2683 825
1785 2596
334 623
3824 1905
1470 94
1688 117
3842 973
1334 278
2633 1479
2918 118
316 863
1383 3648
838 3911
2254 2541
1643 931
977 1078
2079 1246
3562 1861
3347 3455
1072 2658
3633 1657
3453 278
1518 1527
1552 3400
2522 278
3930 1410
3826 50
2208 2990
3620 2273
1514 2051
328 3179
1676 2552
277 2522
662 546
2877 427
2690 1787
2804 227
3657 1773
224 1183
2601 3601
858 1154
578 3295
2 2193
242 267
877 419
785 3982
347 1746
843 546
3934 2658
1535 2310
1277 3424
656 1527
812 1426
917 2428
3742 3159
259 2072
1704 3791
198 2193
3753 3980
2222 2631
3997 1421
1409 3441
97 3629
1606 2646
1054 1552
140 47
582 2877
1718 3381
333 1085
2272 1426
1185 3980
1682 1183
2333 655
896 3179
3061 593
732 47
874 450
2460 3648
2799 3441
469 3159
1019 3299
3432 1183
2297 1223
2998 526
2605 1537
3330 1989
1566 363
1437 1710
633 117
3987 850
3577 2792
3529 3037
2518 2756
3558 3648
3617 2735
2124 2735
1720 3780
3253 3295
2533 958
2227 3131
3609 2658
2527 3641
2776 255
2228 2995
644 3812
3463 62
1661 9
1686 337
576 2646
2655 2478
3959 931
1907 1421
1795 2040
796 118
2899 1246
2463 2990
565 2310
2324 1141
3270 2976
466 3287
3081 3629
240 1147
1412 3378
889 863
2101 2423
1486 268
1373 1643
1189 2040
2436 50
465 2541
871 1808
2852 3791
3691 268
546 3851
3714 2399
389 1797
167 1688
1156 249
3636 450
2568 3179
437 1787
3929 277
3731 1290
751 3511
3202 1589
1016 930
1232 1147
2499 1078
2727 655
3281 623
3273 2780
384 1410
1465 3159
1639 118
2754 3234
2862 2792
3053 1527
1327 2976
3032 3400
3646 94
2262 2423
1780 1787
1378 973
794 3601
3846 2877
2631 1410
1489 427
1876 2730
2174 3435
1495 3295
3965 3131
3300 3131
857 278
1303 253
1595 2552
643 1290
232 442
2108 1861
2445 2730
3060 593
2810 2596
936 3015
2666 2730
3218 1196
117 2150
3266 3159
667 2423
2526 3037
2088 931
2616 2780
2710 2877
658 2552
325 2399
3779 1904
2695 3200
1136 1025
1621 1157
2238 427
3768 3511
2619 1085
461 1154
1921 3982
3579 623
153 2478
1618 3780
1243 1479
3382 267
3216 3575
771 3629
2554 1426
2785 1808
3438 3381
3386 2267
592 1223
2941 3210
2249 461
2893 1154
3544 227
203 1183
1590 825
676 1297
723 1762
1770 62
2797 1722
3922 1688
1541 1421
3029 3511
2468 3287
3556 3051
2988 255
2359 3731
2431 397
2724 3381
2580 3234
3431 3435
3434 2792
132 357
617 253
2415 1089
2663 2423
3030 278
2247 863
3715 1643
1547 1762
508 2051
3184 3015
1503 1246
1451 3527
470 1154
1015 1141
2364 3780
3594 3812
3277 2040
3367 1808
3699 1589
123 930
143 2428
2737 62
1835 1556
3000 277
3023 3159
302 3980
969 1989
694 62
1821 526
2010 2133
326 450
3761 3131
921 3770
1938 2792
3869 267
1031 461
1138 2995
3318 2051
2131 2522
2888 1787
3323 2478
1425 2976
1205 3424
3787 3424
2414 1290
2236 3037
3396 2267
1309 1246
1847 1746
2080 1989
3960 363
278 1861
3272 2193
2060 2792
478 2354
1560 3381
1494 3378
2844 3511
3263 2756
183 1905
3327 1710
3188 825
443 267
2891 1688
2651 954
2033 930
1397 2995
1768 825
273 2681
2380 2328
1849 2267
3759 117
3973 3210
1925 2283
1536 655
3913 1537
3738 2596
3871 461
3555 1223
2226 863
91 1089
491 1762
2410 1085
2113 2273
1906 1147
1036 1196
3067 1710
1815 1861
3557 3780
2144 1089
3369 2990
1563 2133
1794 2283
3755 3424
2433 1861
2983 1290
696 2976
2642 3131
1832 53
708 1746
2593 3435
3256 3234
2620 1078
2229 2478
1477 3629
3955 1147
2168 3770
3671 3210
1912 2552
2100 2976
2745 268
1122 81
3058 3648
3933 3119
3293 9
910 3435
990 1144
1947 931
3200 2631
2645 848
2608 655
2020 546
401 655
1699 3037
2920 3036
1929 3119
2067 3812
1355 1861
628 1787
255 1071
590 267
2331 3791
1481 3400
3582 1085
3780 3812
1522 249
1415 3015
1217 2877
1550 3791
1969 268
998 2268
2428 2072
2921 3731
3812 954
3735 2072
3419 1710
1756 3015
99 2040
1999 2976
3314 1556
3829 1797
474 3427
2280 930
957 1157
2895 2596
245 363
3201 1989
960 397
3181 94
932 3878
1601 3527
3802 1787
2485 3051
2634 1527
1443 958
3267 3455
1132 253
707 363
1576 1426
602 593
505 958
1219 1479
2451 1657
573 3051
1534 2273
608 1527
861 1773
2894 337
2012 2877
553 3406
472 2273
2569 117
3775 2792
2220 3455
754 3629
1192 3851
2814 1861
3037 3731
1867 2268
3336 2596
1885 1615
1065 2193
306 3779
3063 3051
1017 1141
2278 9
1157 3015
3287 3119
3194 3234
53 1246
371 2051
3146 1761
1542 3210
3295 253
2648 695
1428 3179
3925 3400
3028 931
3560 2283
1184 2310
1121 1797
1777 863
2676 3527
1678 1141
330 1479
2293 461
809 1686
503 2780
2097 397
3158 3015
3847 1686
2813 2133
3860 1787
2479 1762
299 1904
3310 2150
3412 227
2572 695
1964 1246
824 930
2357 3131
1483 825
541 850
2597 930
767 2646
663 450
3422 2522
1549 442
1515 1552
1128 2267
520 1537
1137 2072
1679 3982
2497 863
1291 3406
1398 3424
953 1479
2045 848
2216 2150
2744 278
731 50
8 1089
1742 2265
3791 1196
1852 2328
2644 2478
2340 3632
759 958
1338 1078
2091 3378
3876 1746
2940 1157
1002 695
3481 2423
1062 3036
1594 3131
1900 973
934 1196
3209 2756
321 357
3921 931
3345 3980
3729 3812
2932 419
853 2976
3064 850
1913 3770
548 623
641 3335
2111 3878
1632 1552
750 1746
1358 118
2426 3037
1735 81
2578 1421
1210 3210
3343 546
1827 1904
3820 2541
3737 2051
1844 227
3144 3982
3006 2267
2072 267
406 3254
2385 268
831 1589
1936 1615
2782 973
1071 1479
3313 623
45 1797
955 2040
655 3378
1818 848
3230 2051
2443 931
1181 3015
1648 2040
3757 3455
1977 1552
2434 1808
2325 973
1635 2877
1707 94
3709 3791
1131 2150
3874 973
1471 3287
2209 1421
3587 1556
3171 2877
3010 3427
566 2756
1244 3455
2598 1183
1368 3878
631 2990
3673 3406
2970 3629
3195 2478
3304 2535
2063 841
652 2328
1113 357
1538 3632
657 655
2143 9
2498 1527
2646 2328
194 1762
2502 1426
3087 3335
243 2877
648 1688
2234 47
2837 895
364 623
1675 255
942 1141
516 3381
2307 1904
3952 253
1820 1421
664 1556
3094 3629
1162 1144
1776 3731
2086 3648
2427 1144
3378 357
135 53
3575 1144
3762 1615
768 3131
1432 1144
3565 593
3883 958
3228 450
3623 1025
789 1025
3165 2730
184 118
2740 958
3940 357
3639 593
2239 1722
1750 3254
1076 1089
288 2354
781 3511
3490 2990
1310 2995
1956 62
3995 442
282 3812
2284 1527
1920 3780
733 62
3794 2596
3621 253
312 278
1273 2995
1461 1615
23 50
3938 2552
3892 2735
2151 1552
1934 1183
2327 1861
842 2541
1565 2193
2911 1537
3681 3037
315 931
2882 2051
2540 427
2199 2354
2139 3641
57 3851
2887 3287
1506 2072
1651 450
221 3435
3 2792
2722 3511
85 2267
1544 255
2065 1556
374 1552
158 1144
1075 337
2743 1290
387 1144
2027 1761
3583 695
1260 9
1095 357
1479 1089
3736 2877
2235 825
1692 1808
3368 2265
2621 3427
3754 2631
3994 678
2691 442
1476 2792
961 337
172 2150
2337 1773
186 3036
1254 2976
2577 357
1104 1688
2175 2040
2332 895
3120 1421
951 2541
1792 1089
931 2051
2496 1141
3687 2877
3948 593
1653 3299
1976 1144
3806 623
1405 3980
1736 3037
3752 1797
1873 337
2051 3575
1951 3982
599 3234
3554 94
906 2995
1771 81
1295 3575
3986 3511
2504 1808
3767 363
2575 2631
463 3051
2170 3601
3914 357
3455 1657
3559 1589
20 1905
265 3335
81 3254
3456 3911
3274 623
64 3982
215 2730
1408 3982
2957 1141
1585 1527
2394 526
997 3575
3538 249
377 419
2739 1787
2755 825
3364 1527
690 278
12 2283
3610 3427
2483 2428
79 268
2768 3036
1073 2354
3534 1157
15 3770
309 3601
3695 1527
1546 3159
284 3200
3935 3601
218 3575
418 3780
69 3779
3713 3641
247 2631
2584 526
2697 1797
3296 958
2772 3424
1417 62
2923 2658
3068 117
2114 3427
2700 1615
1702 2267
1529 3980
1946 2756
1581 277
3328 593
793 1797
758 3812
964 3601
481 3335
3415 2735
653 1761
42 3629
2596 1556
3052 450
1505 3511
2469 2428
3390 2756
3417 2990
1922 3851
2169 1157
3182 593
3799 3210
3939 1589
2399 1141
787 1154
386 526
1916 268
388 1025
3299 2040
126 3037
967 268
1507 655
439 1410
349 1746
1434 3641
1528 2792
3326 1808
376 2193
142 3335
1593 3400
3967 3812
1848 2756
1208 268
496 53
2490 623
1245 3601
1930 3527
1816 1797
3135 2535
329 3210
1044 1989
1717 3299
2637 3015
301 3119
3771 3851
1923 81
129 3575
1684 1686
2096 3299
3527 593
2505 2310
2537 1085
859 1861
2455 3455
903 1552
1608 2522
545 3400
2003 3119
3747 3780
3108 2423
2742 1223
1167 1686
1351 3641
1501 895
1265 2976
342 1183
1352 848
2368 1989
3697 2541
2176 3980
2191 3381
2995 3200
3370 2273
17 2522
1981 1861
1573 1421
975 3159
286 2735
2503 2735
3001 1989
2660 593
1267 3441
3172 895
442 2596
1896 1905
3359 3036
1163 2658
1893 2522
2658 3511
74 3131
260 50
1393 2541
1124 848
1284 3435
76 2552
230 1589
3563 2478
3477 2051
3302 94
3653 1657
3414 3378
665 2756
613 678
3408 2522
2159 1141
3008 2051
2356 3779
1269 593
3033 3051
830 3406
538 3629
3677 3295
3728 1904
2507 1657
2000 2267
2629 3641
2353 1479
3405 1154
2979 3911
1616 2535
848 62
2132 2792
2669 850
3782 2193
958 973
3590 2273
2997 442
2480 2040
3516 3036
1064 1773
619 1089
3080 47
3137 678
912 825
3793 278
2231 848
3693 931
392 227
1086 1761
270 3629
2258 3234
358 930
2395 695
1106 1421
1788 3435
1003 3911
741 2273
2409 1154
1440 227
32 268
460 2658
1732 3159
1300 1762
1879 895
2424 3287
1762 1537
1765 1246
3189 50
314 9
181 3632
1452 1686
185 3119
2796 2354
646 930
3199 954
3941 3780
572 3378
3466 3435
250 3179
2416 1085
2704 1479
2930 3511
3674 850
2461 2265
2112 1615
615 277
677 3648
2037 357
2268 2552
3926 357
549 1904
3041 1025
3111 3234
3389 1773
1126 62
1654 1183
394 117
2654 3051
712 3254
1972 3200
2552 3629
3447 3036
2767 973
2792 118
2908 1479
526 2780
3054 546
1342 3295
2290 3455
941 450
1662 3791
2956 1905
518 2990
1241 2150
2089 1183
289 2072
1995 3335
3473 450
556 1710
3235 2268
3659 461
2264 1643
3678 2040
2659 678
2155 954
3553 3254
2857 2283
944 3131
403 3911
54 1223
1039 3254
1584 2328
2705 3287
2903 3632
3197 1223
3962 357
866 2051
3765 2995
1752 841
513 1421
1998 3210
1592 1746
3187 3179
2661 593
2950 3051
610 3441
363 3406
3520 2193
1337 1144
3103 249
2478 53
1498 3400
2342 3441
1575 3779
34 3119
2104 3575
4000 3131
1456 2535
275 3791
3308 397
3004 2990
1877 1552
462 255
2795 3406
63 3812
3872 2522
3703 2976
3214 3601
421 3299
2652 2541
3896 695
3600 850
2393 2596
1090 973
542 1071
2871 3287
811 3378
2347 2792
1460 3254
3077 2133
1840 3632
3470 1552
10 930
3675 2780
2747 695
2200 1246
1294 227
1413 3378
55 53
3700 3527
2256 695
999 3441
3190 1746
1649 1421
1317 3159
382 3455
3672 1808
1336 2423
3899 397
416 2273
3845 3400
2812 2735
3070 1183
454 1688
2363 2428
2993 50
252 3131
1110 1426
3407 2040
2775 3731
1642 363
2019 277
3666 277
3748 3119
1714 3911
2628 2552
797 227
2773 1989
2811 2990
1171 2646
2514 1154
1497 841
3688 1479
1997 419
1197 3381
3578 3632
2501 3455
963 1290
1942 47
3338 678
182 1223
1288 267
947 2756
3106 1808
1865 3629
855 546
2678 3731
828 3051
2477 118
2780 958
3399 3575
3324 2478
1882 958
3358 1861
1191 2780
3127 2265
1696 419
1764 1615
2830 1479
2980 227
130 2150
2952 268
822 1589
3968 1643
905 118
1665 47
1282 3400
2624 2265
1657 3295
2282 1552
575 1556
3341 1085
3726 1290
3854 427
1119 2399
2031 3119
2076 863
3089 2522
155 2328
1032 277
2160 2792
191 3601
226 3601
3618 1643
2881 2995
28 2267
1390 3200
3566 1722
1249 277
1904 3131
356 2354
2560 841
3519 931
3625 427
101 1479
3769 1154
1280 2423
2962 1746
2510 3648
2064 3200
2585 1085
1370 1722
3440 3335
1264 593
1511 1089
405 3400
668 267
3732 9
1078 227
251 3648
291 1589
765 3455
1441 450
2607 3381
3207 2428
3622 249
1297 1589
3173 678
3683 2681
3588 3159
661 337
624 3210
1931 1761
397 1710
3810 1556
3783 253
642 267
3220 3779
3262 117
1603 2541
3710 2354
2013 2268
2688 2681
3602 3878
2158 227
1963 1196
3275 3441
2798 2780
2820 973
24 2399
1746 3036
2127 2478
1880 3299
3839 1773
537 2596
744 2756
682 2522
1796 895
2807 954
2313 526
2163 678
2856 3629
2640 546
68 3037
2300 3200
1105 930
2444 9
78 850
1693 2976
3213 3200
1381 2658
432 2541
3497 2399
1530 3424
2150 3424
814 2976
2506 1085
3707 278
683 3851
2788 593
2786 1643
3814 1421
3133 3287
1431 2283
1083 3770
3203 3051
2523 357
1955 62
1719 593
51 546
2611 3381
915 3629
2276 3119
2989 2051
2291 1710
528 593
483 2877
3469 3575
3903 2267
2617 841
640 1552
571 419
581 3911
2984 3575
2665 3435
3969 3779
2736 81
1340 94
2094 3015
3718 1290
3410 1787
217 2193
3152 3527
2557 81
3813 3648
3502 3575
981 1410
3306 1722
3541 3131
1139 526
3668 1773
3979 2756
1365 3200
1908 47
1480 2354
3734 2658
1125 1787
724 1722
1341 1421
3442 2730
519 3780
105 1144
965 954
345 47
1727 2265
1259 3435
3964 3036
2210 1071
2241 2310
1772 3511
165 117
1663 1989
2315 363
21 3648
1548 427
728 1808
1478 3295
2397 954
714 1479
3950 1297
3803 3299
884 1686
2456 249
2822 337
1376 1183
429 3780
2286 2990
166 2150
1008 1787
2487 1688
3320 2730
1313 848
2330 895
3777 850
3961 2631
2156 3234
2594 278
2949 3119
2351 9
632 117
1229 1761
2670 3851
467 3780
704 1688
3572 2133
2107 695
1987 2428
2048 2478
3379 3878
1366 3511
3593 62
1640 2792
3014 1643
3264 1147
2336 1861
3904 1762
3493 973
1242 2354
623 1552
1700 2265
551 848
659 3851
2350 1078
2657 863
2664 678
766 2990
2338 2730
669 81
1021 2268
338 3119
988 337
3648 3179
1791 1761
1033 3780
3292 930
2928 3780
2558 2072
154 3234
280 1223
1658 850
2913 1410
2429 1808
3309 3424
3311 3575
2961 3406
115 2150
2482 1223
700 3878
120 419
3550 1615
2153 2273
864 94
2766 2399
784 337
914 267
2147 1643
211 3791
1160 1426
1050 3770
1579 1904
1574 1722
3085 3455
557 3037
3601 397
1000 1797
44 2780
2515 461
114 3812
1710 3299
1525 3400
3233 2596
2440 526
176 81
2068 3641
163 3406
651 62
1103 1290
1568 47
2362 623
1270 118
2288 1297
567 1615
536 2535
1084 863
1993 2780
3798 2552
2028 3335
2966 1246
3613 1643
3698 94
2917 3980
426 2354
1543 1787
851 1071
2951 3511
2946 2310
415 1773
1209 268
1424 2756
3494 81
1395 825
3984 227
3989 2423
2404 1147
996 94
2271 1904
359 3254
1404 2423
895 3051
3403 3812
43 1141
991 954
2538 3200
1749 1773
138 2133
2430 3210
2696 1556
3280 2428
2823 1861
1120 3427
841 3641
