4000 3999
704 3624
3089 143
3979 3030
95 3853
2997 1174
892 3469
3487 3210
464 805
2703 1142
1084 1927
2121 882
2673 2197
3727 1631
605 746
1510 2614
52 503
2760 2018
520 190
3089 2662
3089 2435
455 3403
942 2425
3050 1001
2047 2982
3432 2820
3392 2741
2919 3312
3958 29
2139 3090
1211 887
1073 3705
3263 2887
3718 1487
497 1148
2083 3177
1166 2466
3539 2811
3517 1333
458 1439
1815 1711
3792 2659
1757 1106
3089 3592
3561 436
2231 1149
2866 2904
3089 820
3610 3074
3622 647
2337 3879
1838 1356
377 2732
293 3413
103 656
1109 2850
2925 782
621 2158
2367 3953
3089 2029
3089 2511
2525 48
1064 1397
3636 3135
148 1067
2311 3204
1094 456
3089 3442
1129 2619
2088 515
2814 3649
2591 3956
1723 189
1714 1813
3285 1045
3089 1639
3540 2193
3523 3640
3995 763
3089 1316
2682 3583
3703 3327
624 2012
3127 2839
3306 3562
182 3820
2992 2288
579 2006
2442 3688
3089 976
1572 3614
854 1340
2576 2118
3089 213
3311 3200
970 3576
3089 139
3133 3887
983 2624
1929 2
2894 2639
1960 1697
3315 3543
3089 2482
3588 5
1172 2038
2830 519
951 1344
197 234
2291 475
450 2933
3533 3778
3089 1467
3089 1522
3794 1359
337 577
236 3997
1593 2649
486 2101
3779 2565
2582 3016
1711 2783
296 1083
2510 2946
890 482
2064 1134
3170 1736
818 2476
2468 2157
1618 3309
3089 400
3386 1915
3772 1821
3089 2767
3478 2924
1096 975
2013 2652
2397 3001
3089 28
929 3903
2732 3462
3656 2572
1895 1023
3113 894
839 1523
1029 433
2752 974
1772 1099
3089 1237
1573 2116
3319 1021
3597 2976
1395 792
3089 168
2856 3399
2292 1028
3323 3232
1713 2142
868 3299
2406 735
1983 3899
2385 1926
1660 3622
2194 2487
1280 1079
2872 2084
3938 3933
763 952
1537 804
1819 2297
1130 659
2501 3491
981 2368
3089 3802
1637 637
3089 2469
1235 2272
1077 1500
1912 2585
3206 1786
2793 3632
1897 3302
3151 2571
71 3709
3679 1876
3087 1594
610 1110
1224 3983
2072 801
2756 249
1295 3372
390 812
528 3159
3570 3344
3911 280
1372 3099
3168 866
1653 956
2564 2731
1555 1904
3089 3333
1450 1689
3873 2690
3750 3224
196 3409
764 2233
2962 2666
2990 3987
40 3116
298 3588
2205 2700
3628 1278
635 1814
2833 2042
31 2314
905 2931
348 3502
3089 2916
2324 1747
3089 2975
3739 128
2544 2807
3089 619
3926 3996
718 2477
2002 1346
3714 1749
1023 2357
3443 1601
507 756
603 2367
2211 362
1955 3526
3984 886
419 2104
2246 1879
3185 449
115 159
43 1935
1893 1477
3997 3771
1953 3251
2766 3242
2060 483
3813 2414
3089 217
3899 1275
2792 2879
171 1540
3495 1677
3089 3638
2826 1246
3089 2593
3684 3981
887 2703
836 2107
2725 791
823 2468
2411 1291
2344 2260
1684 3606
3089 20
527 1075
2049 3165
678 3619
877 2627
714 497
2007 3667
2183 848
3055 204
3089 1171
910 1670
3089 479
3089 3171
1336 1428
3872 1089
2670 723
3450 3578
869 3283
25 1490
3472 2413
2936 1093
2552 118
1088 680
569 2536
3227 1770
3256 1442
908 1266
3089 1481
2534 1766
2693 1258
305 3940
2902 1281
2848 3658
1809 512
1089 3674
509 1400
1367 1443
3089 391
18 2725
1061 2164
3219 3163
3464 1486
1204 1436
3932 3923
1100 760
3089 2594
3763 3795
2806 3715
2735 1776
539 3111
750 3121
1024 426
1629 1741
3062 2008
2476 3223
2966 359
3784 1640
3089 2400
2320 459
1550 2913
2319 1676
966 3489
3853 3847
30 3977
1875 1787
551 331
572 1656
436 2939
3089 1049
2652 3748
2202 542
387 780
3089 71
811 2633
3431 1334
3089 397
2009 1444
1989 3941
2599 1471
3954 2711
3351 3515
3095 3138
3330 2354
122 1517
2145 1534
2408 2398
3743 2608
3494 155
1952 1484
1679 1897
3212 1255
3169 721
756 652
731 357
2905 3262
1231 3235
3094 3725
2617 1788
2387 759
1916 238
3503 1655
3158 2115
1681 2859
3089 670
1279 3364
3875 948
3859 1870
842 3513
1978 1267
1387 460
2771 2358
1225 1360
828 1828
3970 2198
3955 3267
2155 2067
385 2728
3944 3710
673 1369
3935 1270
82 3617
3089 1403
2136 185
3886 2969
3713 127
660 2182
1842 809
1938 2611
418 3891
1951 2677
2654 3837
255 762
2947 2575
2474 2846
2933 3219
64 2861
911 25
1812 2015
2674 2544
2011 3597
2389 2448
1697 3510
2946 3447
125 350
1014 2959
3652 826
969 405
2341 1011
3089 3777
3089 3431
2965 374
1908 57
93 2550
2953 3558
310 2125
3522 2886
1037 3511
2193 3238
3287 2441
1474 3882
3520 1070
3089 2345
313 2972
3956 1451
3692 3061
1072 2686
3233 42
492 3394
3914 690
1884 9
1377 2457
1974 76
2686 916
2040 2146
1620 2528
1032 481
3052 1166
1445 140
1310 2133
309 1125
3776 201
1363 431
661 1147
2271 541
3591 929
3089 2525
955 3776
483 532
1101 1507
2372 3608
1005 3269
3834 3545
1542 3943
1691 1373
3515 3270
3076 707
2295 1530
3092 1314
1307 1430
2605 2926
3165 1157
1055 2202
3089 3006
3372 2159
3089 200
2485 1841
2025 2065
160 2860
3962 3300
251 3815
3466 1561
2259 3081
676 3670
3313 743
3056 3842
1512 3561
1742 819
3798 2764
2780 1939
3822 2390
3892 1838
1275 1706
2575 1364
1423 888
3010 2216
1575 770
2961 1492
2846 2709
118 900
1975 3826
2883 755
1142 2638
3089 3540
1420 3506
504 3559
3082 738
3089 2349
3852 3827
3397 3878
2663 2852
223 13
748 3682
3089 1555
3089 1358
2498 3647
3271 1030
343 816
727 1456
638 592
2964 258
3946 2155
7 3189
3216 1735
2664 1257
2650 3330
94 2426
1018 487
1709 58
623 1460
3225 594
352 3459
837 1762
2808 3248
930 1293
284 645
1922 2327
3511 774
490 3020
662 1031
2970 1494
2885 3861
1796 3746
394 3656
2877 1418
3630 3974
2422 3786
3089 545
2467 1092
89 1198
2805 1184
3105 2648
3854 814
3089 3894
3089 2394
2671 2546
1184 3168
77 1796
2507 2365
84 367
3609 3537
946 716
651 3384
3417 2064
3893 1692
3444 1155
1322 634
1903 1869
3952 3623
446 325
663 1454
86 1742
3089 3978
3234 1296
927 1771
1985 880
549 263
2547 2470
1933 3115
2416 1545
1643 111
3183 3448
3160 1014
1926 1219
3382 3443
2381 1027
2713 2188
2407 1693
2046 1144
1009 787
1977 1575
1746 793
1253 2894
1351 2773
300 3938
903 3054
916 970
3061 800
3089 3665
1923 1433
3529 3528
3785 1949
1419 2942
440 1633
2743 2377
1919 1810
2558 2328
1622 232
2770 2093
1766 145
1155 863
1894 1815
2386 3877
802 3142
865 2751
1609 3149
1616 2147
248 3848
1317 2985
3072 832
3089 2570
883 3985
1118 2970
1934 3158
3526 3261
1082 2989
993 153
2335 1519
3107 1447
3089 3888
3089 2454
3919 1206
3929 795
2667 1756
1455 2694
830 2020
3578 1035
373 3911
1644 1243
3104 2909
788 1611
3567 2539
3089 326
3177 864
2881 2177
3089 1302
2595 3644
3089 2500
2739 3412
2217 1962
3705 2687
3901 3598
938 2853
2566 3884
3089 564
2435 2541
2720 454
3721 2090
3554 2154
737 2917
1246 2452
3627 2656
439 3237
2678 1053
742 1663
3089 878
2742 1546
488 3456
2714 2240
3089 152
1442 1657
1559 1138
3356 835
3089 31
3289 1726
1968 2123
2820 1986
2275 2753
1729 724
2187 3904
3671 625
3060 3794
1476 3342
2054 228
1115 2977
2399 3951
1611 368
1582 286
1789 1907
1430 3209
3089 3326
3089 3436
32 3973
1010 3811
1345 931
2349 3190
1209 1703
1835 3531
2176 3311
73 1265
1672 2569
2704 2320
155 3257
1059 722
3939 2775
701 1968
2619 806
2698 2604
38 1228
277 2396
1326 1407
3089 299
3485 393
472 1997
1467 2651
2108 572
2763 1894
3089 3917
1277 2189
3281 2312
3486 1152
3237 3577
1779 1978
3080 3156
847 3839
224 1686
304 1825
437 1383
3089 3108
3744 2600
371 3310
2973 3567
3904 254
1728 3686
381 3131
227 2281
555 504
372 22
2536 2412
3089 3914
2266 1146
3990 3113
3079 341
3664 404
3089 1559
2286 3538
541 604
3089 2777
2152 3703
3089 3554
1173 2986
1885 1008
3089 750
3544 1658
1670 1189
2715 2840
3831 3434
1651 3863
3089 3492
2896 2517
3089 83
242 2987
3620 3096
919 1994
1229 1176
3089 833
3089 1542
3132 387
1540 2838
3089 3360
1399 469
3937 346
2523 675
700 2815
3089 3773
1843 3964
1525 1090
193 3723
3232 1020
2634 3486
3291 308
2457 1304
1221 1111
1973 2642
3089 2172
434 3509
2818 2858
3008 2072
3089 11
199 210
3429 1262
3089 109
1896 3493
2264 3867
2018 2388
1807 410
570 3626
2683 2036
3913 2078
736 3487
1836 3893
857 3774
141 1598
3842 104
2541 914
1161 1114
3403 2252
2456 779
3685 1708
2873 1751
709 510
640 1217
2559 2163
2012 1119
207 2352
1038 3367
901 2770
1521 3234
3223 2393
2029 2204
1335 3281
2562 568
2548 1600
1745 575
1556 284
2070 3691
2993 2576
3768 478
612 2279
120 1315
3111 671
796 3065
588 1977
1200 3021
3869 3808
3642 2366
2706 3496
873 1396
3733 3452
3728 1963
711 1831
1655 2239
2831 3215
3209 822
862 2275
1738 2910
1249 1104
57 3727
674 1679
3089 1057
3345 3120
1343 3990
684 3573
3422 3328
3777 966
126 3683
4000 3377
3089 784
3666 18
3016 3371
3199 1476
435 737
2483 3
921 2899
3089 1581
2065 2359
331 2119
2662 3425
3069 1721
2782 2391
706 1229
3860 207
3089 2361
1831 1131
112 2395
1334 1437
363 3279
3806 578
1667 1753
749 3161
3089 2903
3040 1002
2931 3355
137 1826
2577 2949
2800 1873
2794 1791
344 2222
1391 2130
1586 585
2453 355
3089 1981
3089 3319
2581 49
2621 2644
175 77
1052 349
98 3039
301 1249
669 3092
2395 3124
1042 2589
3676 1552
777 3088
3640 692
345 1755
3327 1379
3379 322
740 3580
1263 827
1112 3817
276 3975
83 1472
3053 2011
3814 748
2384 836
1716 300
35 3218
3753 1279
3089 3411
3508 561
3089 2521
3089 1987
2497 718
2754 1805
1398 1777
3089 3669
2019 96
3089 2196
780 552
2403 3353
3089 3338
3089 3921
2908 2386
1565 3918
956 3378
1313 2563
1095 1536
820 1363
2827 295
133 2298
3089 462
880 1664
258 3698
1605 2558
3456 1250
1694 3010
2815 345
362 2505
1861 944
2368 1707
878 1062
1213 246
3669 1835
2050 197
1331 172
1883 382
3558 37
1359 1269
1944 2657
1205 3022
2004 677
1518 2461
985 3346
2110 3435
657 1018
1258 2369
1197 1399
105 1309
1734 1133
1493 1623
1078 2311
3089 3634
1083 1132
188 1459
2952 909
1214 166
1763 2936
2153 583
2159 1966
1806 1335
2524 151
3089 2356
1878 2896
2235 339
3089 1566
772 516
3089 3590
3089 329
1138 2866
3089 1153
3387 3479
2026 2343
695 3717
2222 3369
3936 3373
1811 2779
3988 3009
1241 2045
2394 3993
3089 2310
1169 3221
2163 3468
216 3961
3458 1628
3889 492
3957 2791
1495 3043
1199 401
1216 874
1619 2720
769 1974
1260 3098
3089 3661
1887 2724
1219 713
2017 181
3359 3714
3089 470
3089 1348
3650 336
396 2248
3089 2915
3560 995
3452 1415
3410 2422
3461 1568
2988 1489
28 1705
96 946
1631 3805
1614 3982
3648 1514
1255 3334
161 3035
2573 2553
1588 653
59 1584
801 1211
3658 2135
3089 1402
3180 3967
3325 533
1715 1761
2431 1303
3667 3883
2239 2707
1191 2968
671 2210
1452 89
574 2580
268 1508
465 3801
835 472
561 1727
1668 2259
1551 59
2665 871
542 1830
3534 1232
2978 3783
1827 1036
1107 740
1484 3187
682 485
3089 2303
3789 2876
3571 3832
2804 2302
3455 1164
1272 1723
3089 818
1163 2180
442 2223
3694 2579
222 44
3702 1719
1869 717
1315 371
1303 781
3830 1578
2976 1381
3163 2984
3172 971
3089 116
339 3042
3222 3467
735 2148
3758 3906
707 2818
615 1948
2949 69
1720 921
20 1069
3292 2099
841 601
232 3905
1497 3616
2610 954
3378 563
3089 1434
3321 2276
3786 3000
3089 1493
3424 3046
1784 844
2234 3602
3887 658
2402 1259
3089 352
2807 3603
2208 1081
278 2863
1162 584
3266 1295
3725 3199
1770 3132
1673 2736
3358 1822
2117 360
548 2436
3811 2219
246 3441
1290 1918
1086 1758
3027 2501
3769 3150
158 3500
2862 134
2079 1669
3000 64
3089 1366
1967 739
1348 2060
2003 2944
1276 1544
3119 1065
3089 3780
1604 298
999 2218
1592 231
135 1416
889 2264
2969 2294
3089 1518
3089 3139
2424 467
2755 3514
3897 2026
1909 555
3089 1985
3249 2186
2370 3527
1930 1393
2768 1539
3089 1426
3611 3732
2797 2685
3272 99
3691 3398
449 3291
3407 1671
3089 576
1650 2079
1232 3301
3251 3119
3771 1382
1666 2401
1755 2280
3089 547
2103 3912
3089 1772
2137 1912
2918 3713
3089 1225
2623 1778
3815 126
1175 2993
2323 1667
2346 1276
3241 2140
1312 687
3940 3925
2926 1647
200 3260
1781 2129
3089 1513
1201 206
534 67
3824 1802
3764 2745
815 3995
2201 2497
1733 1860
758 131
3882 2661
1190 3959
3994 1817
2825 521
275 788
3193 3988
1777 124
1135 282
1119 2658
2702 1216
1245 2836
2063 1277
2484 2431
915 2300
1851 2631
1117 3213
1528 3579
1338 3466
3161 1617
2447 3810
3580 1797
2796 1852
559 2678
272 3963
2951 513
1731 1127
2268 2138
1409 3406
1712 2471
3868 2953
123 877
996 2166
1747 480
3405 1829
3089 2749
2212 1569
645 3609
1264 776
1054 2446
2451 2208
1027 2419
3089 3385
1795 679
3089 3685
1833 3349
2502 3002
3142 534
3987 3182
2761 3313
3089 2790
3881 2417
1365 486
1306 112
2260 2870
797 523
2649 3122
1516 1774
838 1268
1186 3226
2256 14
697 3410
1165 1389
3647 2206
2985 2016
2609 3833
9 1746
1148 1903
2055 2002
106 179
739 3488
2859 2765
649 1394
1652 1310
1425 3365
1617 991
1657 817
2473 1849
2257 2802
2005 3175
1881 260
414 3522
1168 3356
3089 3203
3756 2545
589 3078
2816 2415
1911 457
564 1757
2141 2883
3982 3965
3411 524
2318 3756
2361 2864
665 1423
3015 3417
3613 85
3731 1367
1153 484
2144 252
728 1440
3749 392
295 2484
138 3769
1636 2364
3288 2556
60 702
3290 239
2852 1386
2724 3027
3089 3806
3712 1856
2044 3798
215 1263
2963 464
870 330
3715 1917
1825 2822
2358 2225
2339 1696
3837 2816
2632 1475
3139 2964
3459 2705
1051 3552
1491 1871
1383 1585
831 1441
1220 3440
1625 2105
3976 1737
3973 2954
3825 3821
3024 1874
804 154
1981 913
3690 3464
596 3533
2191 3293
3089 2465
3089 610
2854 3084
2297 2112
3706 2956
1389 3772
948 3126
812 1042
3078 3227
3089 3268
201 2693
3116 2191
2565 288
3365 3497
629 1851
2000 2532
3140 2503
1798 3229
3745 2504
62 1982
3089 1087
2900 2160
2940 840
3885 1570
2941 1261
48 830
935 364
2850 1919
503 2782
2888 1013
2708 531
1635 1795
3090 290
1049 214
1564 1238
53 831
1123 1789
2994 216
721 3541
3612 786
3996 2843
1899 3829
620 43
786 678
3089 2718
2218 2804
3089 2231
3663 2787
998 2235
1065 1648
235 1510
631 3162
2762 2794
3273 3418
3012 1485
646 3874
3467 402
1145 306
2173 2403
1732 2315
3089 1181
2090 3862
1706 3077
3089 2402
252 132
1007 379
950 973
3143 1548
3089 92
2215 3470
2463 39
2790 2781
3659 1739
1144 3711
3603 1644
2503 865
3528 3860
1533 3339
355 2878
1342 1218
2915 3499
3089 3927
1865 1077
3089 103
456 3052
2340 2829
826 164
2882 2120
2006 3170
1722 3034
3389 1850
1610 1910
2645 2588
1577 2132
1940 1143
3089 1913
3736 1339
3089 1427
544 293
633 1528
2076 3734
2094 2636
775 1832
1647 998
2433 3225
230 3530
2887 2907
459 1248
3089 338
1931 3850
1685 2262
206 508
164 655
1595 2761
634 3252
3304 465
429 1641
2789 2449
2689 1866
587 2268
771 2582
3136 1895
560 3932
3047 1634
3884 2704
1332 3508
6 2726
2661 1479
3440 2496
3089 3679
1532 1547
470 936
760 752
3089 3707
2254 2742
231 3085
2238 2562
3046 1429
3159 3128
16 550
1120 3049
3985 160
3687 209
3709 259
1079 2738
3991 3483
667 649
595 1593
1446 3529
1958 2812
3797 1048
3549 3765
3128 3555
475 3137
1882 1046
2657 3445
471 2316
1984 3520
431 3503
2204 2554
3089 2131
1380 10
1128 3660
3888 2200
834 906
3547 1520
2528 538
1259 1322
1504 3681
2898 901
3235 3029
3297 3097
3661 3055
806 2744
78 2692
3089 2635
1294 3322
3089 1307
1608 170
335 810
1217 2721
1602 1169
330 1193
3551 270
1753 1859
2589 2708
3089 2220
3138 982
2546 2584
2594 442
3963 1336
292 3998
2327 1579
2440 91
3089 2429
3270 3889
2099 549
817 1341
374 734
2823 268
1457 1759
2829 960
3519 3292
2198 1411
3108 586
1793 3757
1947 1203
1959 1615
962 2277
3510 107
198 2813
1665 1769
2477 82
2710 2438
323 35
3312 3519
1485 3548
2146 2760
3735 2555
2010 3359
2937 949
3089 163
3043 3680
3286 2849
1481 498
2691 943
3481 855
2244 2021
1758 3321
3124 1988
3205 2518
463 3546
1839 1577
2130 1607
3089 1586
2122 1115
816 3123
2267 1469
46 933
3089 3063
762 2786
2039 609
211 2514
2880 1734
3586 1618
3089 802
2934 3913
543 2041
395 3566
2590 2601
794 2935
3670 686
1994 372
3395 1691
3600 704
1863 3720
1439 2962
1950 999
3989 3735
3255 2083
1646 2643
2791 3437
1472 2613
2252 1541
881 2888
1390 2999
1856 3498
63 26
2237 2893
3902 1807
3746 2087
3722 1161
3921 2869
3068 1286
3582 3277
370 2254
1278 2810
3583 3942
3977 1043
2058 3125
3085 1391
3363 2329
3200 557
116 354
1904 1040
2901 3183
1388 1362
3423 546
3231 2780
1848 2634
3303 919
3089 3007
1785 2309
894 2715
3903 2243
3565 2510
1536 358
2857 955
1151 1063
1849 1892
3394 1842
680 1410
2878 862
581 1972
124 2564
332 3814
68 1328
531 745
677 2092
1325 2676
1433 2653
900 2100
3048 1499
1511 3726
2102 1420
871 2324
3401 674
2630 136
1769 3316
1458 2979
1289 3366
855 3304
2464 1371
2939 997
3089 1682
3453 3477
3657 2000
3412 40
327 2066
426 3230
283 559
156 1823
3089 1120
3686 1136
3248 3968
926 2333
2284 428
3089 3318
1513 693
428 2774
157 80
2106 642
1056 2766
319 3416
3089 2873
350 3518
540 3472
3912 3654
3089 2491
1208 2646
3302 1900
3089 2911
3820 2805
430 2752
1744 2622
286 1103
2867 1502
2822 3935
1913 1177
656 1608
3089 1556
3089 3008
3089 1745
2635 1914
691 55
1852 957
752 3689
1305 3495
3089 1374
3866 2019
3089 1933
1808 2458
3856 1596
3089 2440
3439 1044
3823 664
239 1126
3089 2665
1352 3824
2648 1337
3497 3340
1949 1678
3089 1252
3089 709
3089 1970
3045 2963
2930 1196
964 1651
3089 3133
819 2293
1116 3629
2232 996
306 2389
401 2370
3 21
3737 3872
3788 2930
1465 1683
1392 987
3089 1072
1924 366
1311 2675
1889 2317
583 2890
3502 1000
3639 3539
1552 3898
3066 2560
3089 3285
1498 3314
689 3117
477 1660
1690 2046
3465 728
3928 261
3634 1253
3416 1109
3089 3636
3089 2872
2494 2727
26 327
1816 2882
891 17
2248 2325
1357 1343
2417 3404
2273 1091
3089 2406
1480 3317
1987 2821
3089 1728
487 2871
547 2032
3083 1812
2078 2432
3723 668
2585 2961
1327 1984
807 2629
280 558
2168 3999
3089 2137
3983 591
2658 2640
2164 3758
3049 3374
2636 636
821 1784
940 2625
508 842
1011 1911
3850 2334
517 72
3089 432
3969 3243
3210 2479
766 3494
1910 3747
3089 3249
2192 2768
349 3532
1093 2153
2837 3370
3100 1160
1371 980
2365 493
2317 985
3089 1445
3089 223
3562 2088
41 101
2813 1845
1413 828
2126 167
3021 1435
2911 1123
1880 32
1693 2408
3089 1223
3625 736
2233 3722
3059 3152
856 3407
2681 1465
3346 2734
2425 2215
1841 890
136 3193
3018 2672
2177 747
3117 2319
2784 2857
3836 3825
2991 3730
2024 2606
1546 2323
582 2145
648 3800
2413 1245
1385 912
399 2339
67 236
3409 1124
2639 1847
744 1690
1373 1803
1870 3288
3599 710
1641 2344
715 1197
512 248
1251 2875
2641 3212
2135 3885
768 1200
1364 1506
2701 2663
2364 588
3166 3419
65 324
1477 3485
1492 175
378 315
44 3217
1412 2723
3296 1979
1136 1971
3089 351
1069 2063
1355 365
3564 3931
1503 754
400 571
2821 1037
2727 3599
2057 2069
1998 1715
791 3760
3089 3849
445 3534
556 225
1143 2951
3767 3823
3489 983
265 3185
184 1352
909 2965
1212 2289
3931 851
3783 2024
2115 3405
848 2347
3430 1818
441 2450
267 694
1659 854
361 1642
50 53
3211 2506
2149 1942
3284 2144
1853 673
1743 1283
3404 1624
1486 1271
2460 3549
885 2892
1319 2336
2148 1345
3089 3140
767 1061
2127 3393
573 275
987 1956
1522 1582
2984 3633
2491 2447
3089 2509
3624 3668
3226 3402
1228 790
1515 2265
2600 841
3162 2156
2184 565
2249 274
2277 803
2927 1455
2849 1137
3131 2110
1353 3040
1704 1782
1206 3018
3898 2080
606 3564
1900 3676
2120 2467
2125 536
575 2647
2545 1230
494 3523
2913 2205
3460 1282
3339 2597
398 3641
1844 3036
1606 2823
1976 834
2836 377
563 276
1601 1836
1125 87
1517 2682
3716 1629
2133 307
3521 3107
907 240
478 1312
281 2590
3726 1172
3701 3986
2429 2596
949 2530
2262 2134
2172 961
2676 600
74 1480
943 63
576 3057
110 2057
1558 3620
1805 2612
3084 1946
3577 243
3847 3753
3680 1247
3441 2126
3563 2474
3196 908
3821 1150
1394 2748
421 1108
3089 2854
1640 3880
675 2996
3275 3628
3089 3755
1771 2296
685 1878
1801 959
2832 654
591 2621
1966 3675
3594 1636
1408 1591
1244 3041
1019 474
2886 3716
2101 2178
545 303
2143 1922
2631 2793
3509 691
2533 1240
1286 495
592 257
2520 320
3805 506
2943 1107
525 3612
3089 3504
2897 389
1479 1673
3102 3166
2253 2201
2679 1071
1890 3611
3030 1882
3089 3274
2618 2444
393 3855
3089 771
2542 3955
3978 3258
526 1834
303 2837
3089 1298
3089 2424
2675 3192
1266 2701
208 3915
2851 1272
177 1701
3334 3037
3089 1452
2420 607
1203 3512
2334 2841
1613 3822
2696 2512
2496 2481
653 1260
899 2040
716 2170
2228 797
626 1567
3156 342
3644 3246
2551 1700
3638 2908
2392 102
1026 193
3244 1088
1627 3980
774 2828
1257 2059
375 1899
753 1961
3506 2411
3118 1254
2543 3910
2021 3613
21 2307
3436 2824
194 731
3009 1145
3260 2729
1830 3389
913 1446
3361 3944
2620 2341
1992 256
2809 1804
2995 3740
213 852
2731 1995
3943 2151
3218 3831
2092 1889
733 574
2865 2463
3575 3585
391 473
2506 3957
1794 7
88 1622
489 3875
438 1084
3280 52
3808 1483
1321 2141
3089 3524
3504 328
537 511
3760 1241
672 1662
2162 2602
2655 2957
491 1503
1207 378
3941 2880
747 898
1271 142
1705 3086
3635 778
3089 455
3340 3428
960 2374
2174 2928
3477 2650
1534 15
1114 947
1126 294
329 1848
3447 3907
1527 708
2556 1572
1269 3873
729 157
1428 3420
3653 241
226 2583
920 3026
600 742
3445 208
3089 2207
602 3516
386 940
1233 277
1370 688
1788 2483
1862 2941
288 3604
617 1365
1320 3702
3089 2492
2578 1170
3054 897
614 30
389 3050
2722 3062
2603 2124
1006 178
719 1256
1157 1794
2124 1163
1741 2190
703 3075
128 3581
1459 2513
2744 1017
75 3858
3420 3329
3980 3278
598 2301
3333 2228
1814 3423
1429 2746
467 988
23 2494
679 2299
169 2372
637 3352
3089 2784
3708 2472
3153 2253
2687 522
1106 3600
2098 2010
567 2209
1463 2404
104 1180
792 1846
1645 2561
3660 2421
3089 540
604 2423
27 3432
3032 3143
3964 78
654 3280
2169 2062
2398 2169
1292 2229
1329 990
1374 1573
185 3819
2561 2549
3791 2033
2285 635
3089 1101
1050 3202
36 419
1171 2285
3089 1959
1664 1609
3965 2788
571 3130
3867 3535
90 1064
2329 2534
3734 1704
3916 2488
3089 3481
3028 3781
2504 2489
2179 2557
3643 1509
2382 1885
3332 1234
3089 1095
3950 2113
3089 615
3829 2380
1810 2068
2975 1284
2730 3718
347 2453
2031 3979
3089 3844
2921 3060
1548 695
1179 251
1524 2737
473 1342
3518 2645
3121 1765
2567 226
2787 1877
2493 230
469 3881
3089 981
3089 1909
3972 3505
3034 54
3089 1843
2093 3102
3499 3687
3828 1549
1858 1178
607 2523
3790 1733
1590 3803
1473 2607
1192 2236
3747 451
3804 548
3421 412
3089 720
2213 2710
933 907
3089 2617
975 2073
2380 3147
3097 3841
2495 2007
872 3958
1972 2055
2741 751
1181 1800
3352 685
1356 2776
499 2308
369 3244
466 562
212 3460
2718 2114
2471 90
3039 3892
3190 1385
896 1498
2379 617
1411 1857
1022 218
3089 3196
765 3191
2352 2428
974 640
2607 2362
1105 435
1152 2755
898 388
1441 3255
3262 922
717 1590
3089 1227
3974 1632
3877 1074
1688 2213
1708 951
3089 2605
3120 3141
3089 1059
2798 3308
1075 597
3662 2495
1632 845
1718 2053
1687 1192
3089 3750
3089 1950
3437 2061
3089 1117
3844 2814
1070 1527
514 3895
2263 380
1529 1128
2587 3079
1469 2785
1980 88
3754 1861
2216 1094
1596 3415
172 1576
432 3240
2307 977
1855 1674
1530 3666
203 1819
1494 3838
738 2363
1768 3362
2517 2493
3101 525
3240 95
902 1432
3089 2122
1368 488
3720 1041
1780 530
1873 1222
3089 1886
254 2516
2977 3284
683 1424
3089 183
2036 765
2209 2670
501 2392
726 3650
2944 60
2437 3627
1358 2827
2428 3348
1012 859
2625 115
3781 184
3077 3936
2982 1353
1583 1694
3089 1118
1638 425
2602 1764
3373 639
3922 2304
958 3465
1962 3129
238 3605
460 1212
884 2376
3479 3391
3894 3779
1466 2792
628 314
1456 66
452 3028
314 2023
3589 2442
2062 2844
2869 3303
3089 2688
3665 2379
2688 1466
986 2241
2571 1047
3816 51
2684 3387
245 1625
2954 2433
2785 920
3203 701
3089 1208
688 2948
3924 589
3089 2221
1683 769
2348 2162
3934 489
2774 1370
2338 2616
2118 3846
3322 667
3089 1538
947 476
692 1319
2983 443
2302 2991
2751 141
1907 3231
3960 347
3607 1820
2432 2592
3398 3375
3374 169
963 2161
2134 1141
70 527
2226 202
113 937
882 711
1845 682
3089 3574
1943 3439
3513 3320
2458 174
3298 825
131 1619
1160 777
3201 1317
1925 2397
1283 1183
3598 3662
3778 1504
3585 84
3089 1603
3309 1934
1284 1925
1091 1554
364 1224
3845 2179
3307 2831
299 1280
3174 2473
2726 581
3550 2375
1902 1474
687 2181
2549 186
3766 3864
694 3553
3688 2925
3559 453
3144 1720
3089 3351
2712 904
2738 3642
1523 3989
2773 3672
1822 2798
359 2121
3089 348
3552 3343
2350 881
3406 860
2276 641
340 38
3089 3712
2998 3871
3693 3305
1791 2502
3572 3032
833 1957
3810 376
3861 2485
3238 356
3089 1681
2282 1635
1417 264
2461 2680
3089 3970
2030 3024
1648 1710
779 2801
2189 1864
3484 1529
1634 2456
2033 3856
2890 757
3396 1563
384 411
696 146
1270 2292
3089 2499
781 2696
2225 1955
1764 2660
407 1595
2765 452
533 2340
114 1738
968 927
1954 3834
3089 1207
1182 3421
2356 2874
392 554
3961 2371
447 3594
3896 2919
3236 281
1867 794
1180 3241
941 4
1177 714
1828 3673
2095 3072
3089 1054
3812 3071
220 3172
2647 1112
2907 1100
2748 3478
3022 945
3089 2174
2255 883
2492 3744
3626 3112
3906 2716
1702 849
1818 1010
1752 3471
443 2918
3380 838
2968 1944
97 105
3849 3945
2287 2547
145 1006
3301 1318
3089 1244
3089 3706
3089 2232
776 2203
328 2551
3089 3584
2419 2914
2487 1801
3576 1051
3007 2825
3536 726
2383 1326
2439 1638
2229 3474
2227 3045
2843 2906
1092 2819
2388 1194
3992 2348
3089 198
642 448
3037 2922
2593 2373
3247 2573
3371 1931
1751 2845
2421 2273
3089 1958
179 3693
2322 427
3089 699
3074 161
61 3507
1063 1349
1346 220
261 149
423 2862
3357 2044
1454 3286
3314 2475
1682 3926
3338 978
2527 3475
3762 3169
3089 2267
3807 2574
356 2950
1438 73
918 2851
3089 1616
2028 1983
3775 1564
953 2833
461 1034
1309 2091
3017 884
798 599
2210 648
1427 2713
2772 1535
210 12
3435 2256
3089 853
586 439
3318 3886
2378 272
3089 3259
1726 665
2707 3767
959 2842
3796 123
3089 1032
2817 3575
3258 2586
1015 3969
3908 2094
3089 408
2309 1991
666 1781
2516 1731
1337 269
3683 1589
2434 3297
3215 3167
1108 923
928 3591
3148 799
1268 1327
990 1231
594 1627
380 1621
3501 2603
326 1159
3596 173
784 3458
3089 2929
1991 3208
3089 1880
3089 3869
2182 2271
3089 1330
3042 317
22 2507
3155 471
1535 222
3089 2217
2230 2322
1957 130
3951 1998
3948 3064
3649 1242
2197 3631
2290 543
311 1405
2733 1537
1585 1205
3907 789
3089 245
3135 2342
3668 3557
2443 1748
3267 1858
1421 3433
1607 1798
1410 2230
3259 2175
3230 3601
2131 1565
1506 361
3029 2958
51 1571
3384 2278
56 815
1238 2168
3036 1943
3089 1952
1824 850
1156 3176
2374 741
2330 628
590 2800
1274 3799
2363 1199
976 1709
3089 2290
1821 3992
2776 579
945 3173
2557 2881
2753 1154
397 683
3986 1839
1642 2902
1401 761
805 1717
3089 1637
2304 2743
863 698
1081 1096
368 2074
1786 279
1003 3118
3089 384
2574 868
3002 867
3089 3699
3541 3835
354 514
424 622
1860 1599
3773 958
3500 1505
2555 114
924 3430
3089 500
3895 3206
2778 1378
3089 2385
616 409
1000 2031
3587 876
1710 3700
3604 1936
1227 3586
3730 1521
333 1347
513 2577
1158 2988
417 1297
1273 895
3442 420
3654 147
1739 191
3324 2730
3089 2106
693 2263
1866 1135
2903 968
3089 2255
3089 1413
3089 2598
1314 3287
168 430
2027 3438
2490 2559
3507 441
3514 1792
3089 3155
2310 2630
3250 1827
851 3653
2096 3733
2313 1050
3593 1975
3370 3083
3224 3742
1436 2070
1121 3787
1803 3095
3545 2679
1832 1390
3809 2817
1547 2382
1820 3692
3041 370
3968 3595
3446 416
936 1511
3063 3067
3879 703
3089 424
3089 33
3553 2740
3089 1853
3742 3154
3089 2405
1482 775
973 879
2694 811
2023 1287
613 2274
3129 2082
3848 1290
260 2654
316 2527
2745 2826
341 2355
3089 2420
523 2350
1087 1620
3535 1558
3463 2667
866 490
3003 537
2512 1941
2303 3444
532 2803
2100 2139
535 3719
69 468
1328 662
2059 233
1633 2097
1376 390
977 2416
1995 3929
1324 3866
11 2410
1127 1725
2758 626
1939 705
2942 1025
2633 1973
3678 2051
3089 2520
1382 3551
1574 593
2521 305
1196 1351
2640 3058
2864 3015
3089 1431
2959 1833
3171 1661
1361 1388
1765 192
2666 3005
2699 1301
2427 2581
3780 3357
566 3859
1686 446
2455 323
992 2799
1 2655
3448 1116
658 1902
2166 97
730 1672
3197 417
3147 1185
1470 3949
2899 507
360 2763
1140 285
1362 861
3089 633
2906 289
282 255
1496 3426
3089 1179
2668 657
1823 2628
3115 3922
3114 2346
1437 1292
1308 3454
495 1531
1587 309
1986 2437
1366 450
3089 3076
2729 2331
2188 1713
2935 1060
1658 2009
3089 1165
3089 505
1541 3704
3089 984
3428 2712
521 3363
338 8
152 1306
3413 2531
1531 3254
3125 2128
2586 1324
1053 2830
1799 3461
808 1016
2553 2524
3089 1201
1288 3565
1132 2127
3181 1890
154 45
984 1604
162 311
1543 1888
2824 3332
3134 3350
2401 2439
55 1313
961 3991
109 2898
2360 3809
1448 3144
3014 2683
593 1220
2165 3382
2812 1368
214 2626
2642 1190
3089 2418
1669 2332
2996 3934
3505 2049
2423 2673
1025 3368
3391 1875
2613 899
2749 1056
1099 629
3826 3160
2759 582
3089 520
481 2681
2646 2034
2757 2920
917 3845
1676 373
1097 3451
524 1361
2950 1960
859 3939
1578 3790
190 1450
822 3195
2781 1355
92 911
3057 712
511 926
1287 3265
2084 2591
1418 1937
3089 221
886 1387
1675 1574
2717 3424
3800 1730
2178 1453
3909 3593
724 934
2480 3900
670 1167
3801 1752
3089 1236
2426 1714
3268 3924
860 3556
3741 1449
3927 616
3616 3341
3103 1868
2929 1308
264 1688
2180 399
1300 2671
608 3198
3089 3843
980 1392
1562 237
383 965
3953 2778
1488 2684
734 2195
1218 535
3933 979
3089 767
3608 1767
652 3569
1999 2689
2838 353
1110 3325
3106 3525
2393 3011
2410 3804
1030 567
218 1854
1198 3791
2053 1722
643 3315
1877 2702
2258 3323
3320 3797
2700 3768
2331 2739
3089 23
1970 953
3473 50
379 3736
1898 1783
3089 1215
611 3347
3274 2921
809 3648
2243 2071
3537 1168
1071 1080
874 333
3618 429
745 3671
1330 381
257 3690
1183 3290
867 3857
1222 1122
1074 3764
690 3695
253 893
1589 3273
3475 1380
2415 1760
1782 2756
3651 798
1671 3180
1850 3621
2716 1321
3880 1954
3089 3201
1612 2695
3376 3865
1603 1323
3862 2796
2104 423
1462 1202
2001 2037
939 1837
3655 613
408 730
1988 1560
931 766
557 3429
287 3100
2860 3053
444 3127
3089 3971
1341 925
957 3012
3073 896
2357 1718
1333 2900
3089 3948
793 2409
2638 3455
1386 2305
3480 3960
3840 3207
3590 1526
3246 620
2400 1408
12 1965
3184 1684
1956 1785
3568 3655
705 1162
1626 129
761 1066
3089 3480
1460 935
2281 3759
789 2735
3089 870
3891 3335
262 1932
876 414
3717 2980
3632 1695
2938 2966
1444 2884
2043 1033
2196 3380
2624 3400
506 3051
2479 1947
1139 2567
3064 1073
2508 2136
3089 824
1914 2244
3006 2508
829 1288
2041 2096
3098 986
2989 2176
2643 297
3516 1602
3402 1763
129 3337
2219 1724
1426 646
1680 939
3331 219
3089 310
713 2867
3349 3490
496 2620
2328 2261
2783 1395
3923 2171
1407 1187
2764 2772
2572 313
597 1844
2355 3013
3122 3004
698 938
3187 1980
3524 229
1689 1329
2728 447
3089 2983
2967 156
2469 2025
1133 3517
3871 61
144 65
3498 3082
2022 753
366 2934
1302 3395
832 278
315 2360
2957 2795
2868 3073
843 650
912 3324
3496 700
273 1816
3602 2251
3089 2250
3364 941
1792 857
3089 2338
217 891
1167 689
3579 3728
1223 1438
3865 1372
1468 137
3300 176
2482 3643
2020 337
3878 3272
2895 415
1487 1516
233 1646
180 2960
3089 2835
1265 205
994 843
3707 660
34 661
2206 86
1773 783
2312 321
1874 3902
2980 1905
1215 2089
3998 2480
3089 3909
1727 2270
183 1086
1435 2226
2999 1951
2376 962
3089 764
243 2669
2955 590
3089 2943
228 1512
1888 602
1663 2699
3089 669
840 335
1017 343
879 3110
3089 3547
1553 203
146 2075
1703 2868
562 846
1434 316
1538 917
1964 2451
308 915
2871 68
2917 1930
3089 2313
1813 928
1039 463
334 2889
1378 3637
3089 334
3089 2237
3942 2384
3905 247
800 2722
3681 3164
291 2877
2879 1729
1431 2998
2247 3306
3089 3919
1501 2706
3031 1806
1298 70
2042 1204
864 2855
2828 1652
411 539
498 1999
457 869
13 544
159 2698
3245 1412
3089 2947
5 1928
1256 3449
3081 1251
3137 3615
2056 407
725 1005
2171 3361
2061 180
3981 1799
266 1533
1369 3752
2075 1659
3305 681
3388 332
2596 3256
922 1009
240 3645
1323 2056
2986 2697
3089 892
3089 2214
3557 2974
2091 2257
3673 3019
3089 638
1267 1331
2316 1273
3089 2117
1509 283
132 2287
3229 195
3857 1744
1707 502
1453 2486
173 3678
2067 2717
2570 1883
1149 271
1834 905
982 2757
170 187
1236 1945
1847 2247
3089 3694
3947 729
402 706
2811 3563
2604 2086
1243 2077
522 1
2436 3937
3385 1862
3531 697
2560 3392
1045 122
1965 3851
3488 1311
2296 1102
3326 302
743 262
732 1421
3198 386
1945 1019
1471 3271
1489 138
2627 932
1464 1022
3089 182
3096 3146
409 2552
1756 2378
3089 1583
3089 3151
2626 587
2842 2013
3925 3222
3239 2266
1250 1300
1545 3157
346 1052
2377 3414
2250 623
954 1953
76 398
2132 1404
1414 3093
991 394
2353 3236
33 2295
1600 2246
3566 1863
3696 3664
101 171
2891 2387
325 2971
2326 2568
3089 1239
1304 1929
3574 727
87 3696
422 3446
2588 3657
686 2455
1090 434
2472 2143
1048 3069
2332 1422
1891 3836
3089 3017
1461 969
3543 1461
3343 808
2979 79
3089 98
3369 1113
530 1294
2500 1026
3089 499
1767 3080
100 910
3089 2537
2325 1665
3843 3625
2777 3749
720 1354
2767 2967
2981 215
2465 2028
3011 3789
8 1082
410 1350
2893 3427
2695 903
149 312
3220 3087
58 663
405 773
2220 1377
2158 494
553 135
2568 3033
1737 2052
1189 3179
2454 2548
2909 211
3152 612
1526 967
1901 199
2475 3828
3089 273
1339 3178
746 3761
2835 3972
3089 2318
2405 1097
1067 2167
2 2039
3089 3390
1928 383
2514 2014
1936 3336
1057 2085
318 3852
3629 1990
3368 2981
3310 3890
3089 1419
813 1614
3699 3840
1661 2185
599 1896
2396 1630
3752 2566
3089 2048
2489 930
1102 2995
237 3396
3419 2789
221 1024
2870 413
151 3354
3851 1003
1159 2809
2834 1173
641 1210
2077 1473
2371 2152
1560 1808
229 1551
2511 3950
143 2901
2299 242
2526 1130
1340 1680
3089 885
3827 47
554 2595
2522 1779
1403 3646
1581 2610
1193 3298
2069 3743
3469 1906
1990 196
3945 3582
3645 580
2876 501
1122 2529
3089 2912
2945 1182
150 3014
3145 573
825 3250
47 2043
2200 3684
3833 942
3086 2187
2971 477
1946 1425
1876 3896
3089 2674
1591 363
2928 1501
1432 1887
1239 1592
3337 1098
2450 301
1020 177
3089 6
3317 3188
3089 3536
2932 1495
2048 1139
2195 569
2987 2747
3269 41
3089 1780
140 3484
3252 3047
1598 3908
1921 445
3279 100
3093 3521
3123 1557
2904 1898
2147 369
1034 1491
2505 518
2308 2856
925 3812
1963 3453
480 3737
1854 2806
1040 596
3089 3401
1735 847
3959 1068
3221 108
2956 287
2236 2609
2186 1543
538 340
2242 403
1375 162
1678 719
279 1497
618 2192
3067 3023
3089 1732
1230 2284
2535 1285
852 1462
49 27
2539 1233
2858 150
2105 3266
722 715
3377 125
3863 1645
1354 2994
659 3275
3089 94
1254 1790
2111 3954
3381 1668
3149 1650
2161 1007
3695 1357
2240 3916
1402 1482
2486 3782
91 2282
2723 1702
1237 3289
3462 1274
1868 2834
3089 2992
357 24
519 1076
3089 889
3328 3059
702 3659
321 992
1291 3245
1066 117
2518 3094
3918 3947
585 3663
1047 1908
601 1175
1297 194
2082 396
1195 1855
2112 3379
2651 3946
3633 1865
166 3105
3732 3066
3383 1610
80 2990
376 1417
3646 2004
1033 3476
2214 684
1750 3247
1137 2535
462 1840
844 1289
1360 3930
351 964
1621 813
1021 2754
1674 3482
3089 2017
3390 560
474 3101
2129 1214
1698 3568
502 3785
3253 1406
2306 551
2359 2098
320 1488
1568 994
365 856
1597 2460
2509 2668
3818 3570
2199 2955
3393 1470
119 3134
2711 2923
2802 3295
2038 440
2035 1496
2305 2533
3761 1938
2157 2932
2154 2054
3089 3745
10 3610
3492 1989
1717 133
3130 1191
2151 3901
2529 3854
1800 2498
2279 2897
412 2149
3917 3114
790 1029
1982 165
529 2434
3089 2030
181 3211
1318 2283
3601 2587
1797 2173
3089 2464
3757 46
24 2719
1443 1976
1505 2234
3819 3388
827 3296
1013 1140
1749 785
3089 2927
3038 1458
754 2353
619 3897
1778 3358
121 1612
485 2381
2409 733
2265 3572
3033 318
2466 3264
2150 1893
3704 2759
3971 292
1478 2443
1103 2945
1252 1793
712 2076
2068 2183
1293 2249
130 1305
565 2058
3548 2750
644 1195
234 121
1927 2286
2709 1235
3433 2691
3019 2515
1804 1809
54 3729
3089 1811
2175 3763
2223 1924
3089 227
3242 2623
3698 3788
1242 3381
3454 304
3605 3104
85 2306
578 1613
3724 148
989 2321
3740 1457
1879 1058
3841 611
3399 375
1451 3651
1141 2997
1202 2022
3089 3422
2779 3307
1502 1562
932 1712
142 1463
1971 36
3089 34
861 344
3175 2865
2203 2005
2637 3677
978 496
1580 1409
3277 3739
2278 3868
3023 3214
622 621
3150 253
3336 1015
3089 385
2721 444
3176 1996
2685 113
2114 517
3089 1209
3188 2109
3677 2027
972 1525
516 918
1628 437
3089 2227
2288 1884
3164 2538
2034 267
416 672
1576 119
897 3025
1150 244
3719 2383
2138 2637
1035 3571
1544 605
965 2632
289 2103
3556 598
1281 3792
1829 3109
699 725
2583 2184
3089 821
2629 875
710 3345
2616 1740
3089 3818
204 1750
17 566
2366 1606
189 1768
2321 3145
1384 3920
967 3205
505 772
1415 144
3414 1468
3089 643
1261 158
2097 81
3474 2937
824 696
3089 1376
3089 1186
3089 2050
2116 106
2697 3376
3257 19
2515 1867
3482 2797
2418 644
3089 2108
1730 3408
1188 2095
2916 224
1948 3501
322 3962
99 3738
3213 2641
2874 2978
3457 461
988 837
1062 3228
1350 1338
453 3450
1046 3560
2314 120
3360 972
192 3984
317 2543
3525 2771
2221 3003
2974 1969
997 3870
1507 1916
3089 744
1783 807
3770 3793
2016 2430
2889 2003
3167 291
3793 3813
1892 1649
2705 3966
1886 1129
482 3550
3900 3589
1569 188
1677 2111
107 3542
3751 3770
3089 1414
2037 3276
3711 3952
875 2615
1639 421
3468 509
3146 3048
2315 3607
2085 2938
3876 1666
209 1588
3089 56
1041 1643
1036 3253
2369 93
2622 630
1857 1105
2845 2832
1656 1605
2261 2001
1615 1398
249 250
2269 3724
1762 1716
2478 666
518 2459
3089 2427
3089 1698
2390 422
358 872
803 1299
1344 1993
2537 3639
404 406
3759 950
3838 3708
3366 1532
2293 3044
500 1687
3089 1332
2677 3331
3966 2150
2922 2578
2430 2351
127 3457
1282 2847
274 553
3483 2891
1840 2885
773 62
2598 110
1695 1773
1447 1375
3202 1881
1134 3038
3418 2242
1178 1699
2914 2769
2207 749
3415 1221
1483 3263
3451 651
3001 758
2224 2542
2181 2519
163 2952
2373 1158
448 529
914 902
3089 1515
3710 2618
536 3618
3089 829
3864 3153
895 458
2628 3068
2569 438
2680 1325
3110 1478
3195 2211
3975 3148
1440 1213
1864 3216
420 491
1519 606
45 3091
3858 3383
3194 1401
3592 3106
336 1967
3089 2522
3207 2399
2819 3754
476 1754
3089 2478
271 1743
3089 2326
934 418
2015 570
2554 2758
3089 2762
3817 2047
2853 2238
2343 768
1405 2445
3425 1653
2032 1587
2606 3630
3261 1004
1599 3596
858 603
1424 1055
2274 3397
2270 3544
1584 2269
3089 3830
3089 1675
2579 823
382 2973
3089 3721
2123 266
2089 3186
3141 556
3755 676
3089 4000
1787 1872
2441 74
681 1121
302 2599
3089 3473
1906 2526
759 1320
3344 2664
2298 3635
2294 3731
1740 395
3874 1464
3573 924
3930 265
205 2905
510 1940
3993 1891
3089 3136
2612 3775
3089 1553
2597 796
2690 3233
1993 3174
3674 1775
2892 2335
1490 1992
2803 526
2351 2337
3154 2245
3214 2733
191 3070
2245 1524
923 3056
3581 631
484 2194
2608 3652
2692 1685
1961 3976
3058 2291
3089 1901
668 595
609 2895
3802 732
3353 3741
3089 3766
2672 3876
888 212
1210 3816
1754 3994
3026 3194
2719 1654
850 1921
3089 3796
3584 1448
3400 1597
2530 2081
632 2540
3089 1550
3835 1012
187 2212
853 989
244 873
3089 624
3186 296
3471 1039
2740 3220
577 2940
3795 2490
2844 2462
580 3697
952 1384
479 1824
66 1188
2841 3386
550 3031
2333 618
2185 2224
1570 3807
29 1626
2481 466
3089 319
3228 1580
2446 839
2142 3751
1316 2848
2669 1151
259 963
1567 614
2113 1964
1520 2407
256 3928
1058 2714
3088 2035
3675 1920
3089 2102
1623 1264
741 3294
546 528
1566 3181
3890 3239
2499 3762
3089 3463
2737 1923
1761 993
3920 3184
1147 75
1234 3701
139 3784
2531 2808
3538 1085
2345 3197
2342 2165
3512 3282
72 2258
3427 858
3089 608
186 632
3089 16
3967 627
3089 2199
3020 1038
3623 1078
3089 3103
14 235
2912 3587
1700 2330
1299 1156
247 1226
2858 3697
1249 1400
2704 2863
2283 3354
3852 1016
819 2362
876 1701
1209 3157
3276 2660
1650 783
1990 111
849 2190
3618 2775
198 263
109 3530
321 979
1917 3408
3711 1076
2523 3254
1213 3191
1539 3035
2722 2073
2609 1098
3469 795
1391 2840
2765 3051
1840 1185
2431 1624
2702 647
923 1104
2169 1918
605 3294
3632 1554
1574 2839
3259 1837
1291 2190
2270 3542
3997 1649
340 2653
3166 3530
67 1649
2398 1918
2432 2107
855 1043
2094 3265
986 2580
3819 451
1265 3075
1477 1997
933 3208
3924 3109
1055 3774
1890 2592
2646 1917
3295 1068
772 3099
1592 2840
3576 2301
3148 294
1489 3329
2401 3367
3078 3109
2518 1508
3653 2659
136 2910
2783 2081
1198 1760
2802 1068
852 1397
3481 1043
3162 2391
2527 3347
1313 3782
223 2045
3990 664
919 2445
1828 3243
1902 176
2545 1131
3495 225
1805 406
871 147
1441 1872
2826 1060
3435 3765
3323 37
2989 1296
633 2769
1888 1240
2387 285
3297 3682
3186 1174
575 3283
89 1760
348 250
3665 2462
1823 2958
207 3355
3275 795
1762 3870
3554 1996
3597 1404
3360 3782
2977 2736
1307 3375
1161 785
3330 2769
843 3350
1889 1028
3830 2086
3067 2071
2737 2550
3181 2592
24 3631
2118 81
3960 3192
307 2884
673 2863
2832 3091
1956 1500
1090 3782
1366 269
138 3329
1184 19
1303 1624
2328 2660
2492 81
981 2354
3890 1406
2178 2462
465 1043
648 2167
1433 2550
1641 2775
1203 1226
130 225
424 636
2238 3729
221 3276
3155 1579
3894 3883
3057 403
2524 1262
587 2452
3561 1996
1624 1826
2762 1146
2467 3449
3861 1185
1691 757
1580 79
3336 3883
727 3617
1577 2074
579 1379
1360 1937
3452 3362
139 1563
2617 3606
2653 2550
1822 3832
3820 19
3228 79
1733 2086
2999 778
3919 3367
3487 1226
2084 3476
400 552
622 636
1619 1499
629 1554
476 785
935 3846
3828 3157
481 195
1544 3294
3991 285
1608 3335
3942 650
1118 2855
3777 1113
451 3005
1922 2855
1968 1154
2159 433
638 751
148 2538
3979 250
613 995
2206 2362
803 2532
1899 3204
232 1748
3128 810
412 3748
2069 3341
599 3476
1412 2190
2193 3839
2176 1296
2712 2611
2848 515
2394 3025
3953 1859
807 799
3483 285
1543 1240
170 3335
317 388
1221 1760
1939 342
2840 664
3696 1790
1178 2128
867 1146
2534 3527
1820 2073
365 468
1453 2462
2060 2404
1953 202
3738 995
3024 568
3677 2452
1952 1748
2622 1146
2635 1941
1292 15
591 3846
62 3595
2099 1776
2246 639
2960 3555
42 845
521 3527
3571 2438
1673 176
454 1499
3538 312
263 1776
3091 2071
3956 3476
3634 2799
3229 2840
1087 2653
2804 108
3220 1917
2379 2462
1031 2140
2228 2513
1123 342
817 2920
114 3910
268 723
994 3350
1529 2414
513 2923
645 1194
2147 3672
3231 342
758 1499
2336 636
2361 1164
955 3293
2915 2580
705 342
2345 3631
3941 2008
2217 2066
3769 3329
3940 2786
237 906
893 3329
3373 1932
369 3672
3442 415
3395 757
2621 3846
2779 3295
2703 3799
2940 1725
2767 2958
1023 3278
3294 1561
3759 2948
721 3470
1032 195
1788 3606
2465 1932
699 2801
932 3491
2843 427
301 1400
3720 3342
1921 3354
735 3179
3886 2601
3060 845
1073 2449
2037 2660
2657 552
1760 2519
985 1028
17 3434
2878 3192
2260 2775
1896 3476
2081 15
374 2052
1306 2459
3485 1997
2892 2659
3669 353
714 1654
2161 1775
3845 3217
920 782
2251 3546
1473 846
3600 178
567 2614
2447 1002
1530 174
2179 3217
3754 3449
2475 3157
2747 2563
1632 1594
1007 1775
2487 2119
2574 515
982 757
132 2736
2663 290
3304 1043
3798 39
1240 290
3393 1174
608 2272
1112 3283
3440 2839
224 2861
115 2272
3023 2071
3973 307
3207 102
3343 2301
2242 1905
2296 2280
336 944
1027 263
3117 1187
2459 3375
1222 1699
716 1301
3353 3004
980 1500
478 1736
1246 1060
2925 630
1911 2488
3705 2449
1389 117
2297 1111
1072 2301
1194 2644
3237 3637
1359 845
3671 849
1871 2788
3872 147
1565 1393
2705 1997
1380 3347
335 1725
3912 427
497 1654
282 2347
562 2839
942 1098
2111 225
2923 225
1875 3126
3492 2008
1415 3362
2367 1859
540 2289
3100 2014
523 2513
401 2470
3529 3355
493 2445
2920 757
2974 178
1173 2375
234 1817
1563 906
929 297
2911 342
260 2519
1095 3426
3158 3493
2528 2653
1302 757
1856 2470
3123 1539
1088 3672
2103 427
127 2788
1128 2414
1253 2799
3255 1872
837 3870
3702 285
3293 2875
457 2488
669 3264
59 2538
2247 2799
1324 1301
3400 1113
2692 4
2405 241
3838 2855
2371 3999
3472 2289
160 1404
2171 2080
1244 1449
643 3595
2552 3700
680 3672
422 755
2493 3173
2551 1247
1853 2863
1033 1016
675 3254
1779 1349
2435 1001
2741 2592
3541 3470
1310 2884
1386 290
3496 1774
3010 167
1448 3182
1182 3748
2632 1422
2090 2412
2422 353
135 2051
3169 3470
312 2656
1808 2459
1141 4
813 134
69 2923
1629 1701
1742 2362
16 979
3277 2391
3129 2066
2800 1699
1979 2087
1309 1068
2023 1247
3172 2734
1243 846
2027 2452
3752 2863
429 2775
2230 3672
3848 1696
2077 846
3596 2086
2513 3335
3860 3355
3975 294
875 799
2491 1002
784 2750
2583 3178
760 2160
1041 3342
3377 3614
246 3191
194 3631
384 2167
116 1080
2810 795
2337 937
1932 413
2299 2563
3236 415
1355 468
2849 1008
930 2051
626 219
1201 1915
1728 1248
2866 799
2164 2283
689 1187
3000 353
1855 1004
3072 3617
3350 1349
3939 3470
1109 3615
915 1937
418 2960
2471 3491
1185 3204
2425 1098
979 3870
3355 2404
2130 2840
2610 202
3556 79
2327 2855
2241 2580
440 425
2987 2563
3981 3350
2359 1719
2088 2799
3983 3846
3642 723
2064 1164
2770 3530
1906 795
2335 2659
3222 2786
3179 787
2196 3112
3387 3126
1561 568
825 367
3244 3672
3205 1508
3813 3738
1936 3883
1450 3316
2239 625
3384 241
2837 3490
2439 3367
2480 630
3827 1016
4 2540
1049 2452
383 1422
163 2052
2630 2910
2200 3350
2029 219
2254 1449
2320 2863
3385 3546
2625 2272
1037 2884
1410 3672
2578 493
1740 3342
3045 1381
403 1905
3133 176
46 3208
2913 1736
179 3282
191 2747
2093 3530
1299 2532
3695 664
3887 176
1511 425
1883 1846
3579 2769
1816 3449
2326 1016
3040 3283
1398 558
3832 2438
432 2540
731 3631
1722 3278
1900 1662
2287 2736
185 451
802 1649
1005 2801
2494 1396
2025 1719
1780 2170
596 1085
1651 3065
2488 639
1183 2924
108 1240
1341 2920
751 2592
3443 153
3310 1406
2875 1176
3739 2391
285 2513
2043 1016
2691 3299
1613 755
546 810
1465 195
3390 2080
3736 1775
1830 3774
2474 3348
1332 3542
450 269
1526 1508
407 413
1971 1248
1017 1539
1771 2280
2031 250
2250 3846
377 2289
3121 2241
1885 3569
269 584
2806 3408
37 241
836 650
2331 2875
868 515
333 647
1666 3367
2416 3606
1947 1226
75 3005
1693 1918
1215 1174
326 1696
3737 147
2684 3126
2102 2190
2596 2920
624 1630
2301 79
3674 147
1208 1917
1675 2839
2306 1941
3505 3621
2044 39
3224 2550
373 1187
1242 1176
832 3617
672 755
113 1004
1938 3294
93 3293
1674 1004
1199 2470
3254 2958
512 1696
4000 3614
375 3204
3005 1579
1080 1563
1076 454
1789 342
1064 3491
1837 1692
823 3641
80 1393
2598 3341
1490 2656
3839 1044
483 2404
1379 3999
3311 1296
548 1920
3902 568
156 2958
3265 1247
1204 1721
2500 3308
3645 3208
660 1724
3332 2074
1677 225
3977 219
3386 893
71 1775
2639 2799
3159 810
3136 3278
2792 2960
3059 2156
3339 1154
2124 655
1136 1248
1560 2459
3703 3999
2362 846
1025 2087
2298 1381
3863 3065
3601 3276
3816 971
2670 2614
682 263
718 2615
3092 3264
1378 1859
1258 3293
2501 1001
2998 1400
2013 2119
1838 1379
2726 2734
1799 3350
2673 1724
1919 3615
1908 3915
2819 3449
2641 493
2709 3348
92 2656
2186 1240
306 2910
2149 3748
3305 3282
3651 3476
2104 1248
1476 1508
2829 1561
1876 1776
950 2948
945 2750
2942 2087
2724 1001
3993 3025
1385 1557
3967 468
1217 1802
1959 558
181 3555
1848 627
528 810
3439 3044
1849 2300
2576 81
1421 3299
1622 1748
3366 3569
3965 134
1163 655
3660 2414
508 1915
3029 3316
3675 433
910 787
32 307
1339 1775
3052 167
3531 353
3270 1347
3344 42
3073 3157
3779 3883
472 1194
584 342
359 2109
1504 1085
2050 1817
2856 3204
144 3362
2502 1146
151 1262
3710 2080
2787 647
2934 2107
566 3434
2659 3619
43 2444
1063 3637
2697 2375
1180 1104
3774 627
1101 3013
2325 2066
2129 584
1362 2746
1741 1701
3992 117
1110 1561
3106 814
137 3949
2836 2289
2415 2519
831 1872
2278 241
2529 1699
367 3071
1044 3044
57 3915
631 2391
275 1571
2905 3075
2065 1719
1829 3493
3689 2160
2693 3293
2557 3217
1333 2008
2540 3065
2981 2087
3177 1872
308 1937
3741 3004
1411 2336
1884 1871
261 2656
2842 2119
1940 2923
820 625
2374 1561
1534 2448
722 1826
3368 2087
2085 2109
2309 1500
925 2920
1308 270
341 3276
1207 3071
1340 1692
3922 3949
902 1001
810 1725
1447 2847
892 795
816 1539
3014 3697
965 1422
2841 893
651 241
3253 367
989 1571
974 1802
3097 3682
241 2659
3361 2080
3723 3308
739 944
642 3682
272 1170
460 2241
2591 3476
101 2801
253 3329
988 3870
1513 134
753 1397
2208 3855
3138 757
58 1008
889 2251
1646 42
2541 1001
903 1817
124 558
2087 165
3751 3738
595 3308
3747 3005
3842 1104
2442 630
2443 2948
1286 2958
453 2438
2796 2412
3340 2611
3372 433
3167 3295
2889 2747
2982 3283
3135 153
2895 3787
2464 1500
3434 1549
1338 568
2010 1719
2505 3375
2221 3035
2851 3099
1470 1174
870 367
3668 178
3504 1247
1429 2795
461 2788
583 3089
3743 3341
2891 285
621 636
757 3089
2300 1937
991 2810
1354 3999
3309 3493
1002 3283
787 3075
3241 1104
3895 1080
2392 2972
1743 2924
447 2584
612 2156
530 2170
3331 778
1710 202
1388 2746
1091 2414
205 3075
3432 324
2346 3294
1661 2128
1942 3748
1832 778
2207 2810
47 1016
287 2014
806 1539
2885 1185
3426 2014
2457 3787
3152 2156
1901 904
1715 102
1638 3367
984 1422
1628 2750
1261 3546
2011 1404
808 2301
1533 1154
900 3700
86 2362
1000 250
1022 3408
299 723
1553 1111
2030 568
1227 3493
536 2775
2536 2052
2963 1381
544 2045
2402 3438
3904 1759
2389 2910
3649 1176
1769 2066
2983 2788
3920 1935
3578 2438
3994 785
3644 2444
2907 2160
2268 2452
2671 1514
230 3173
1581 202
1795 2563
2203 3070
3959 1942
1642 3619
796 1154
2285 810
2571 3915
19 3179
3362 3099
2139 3700
2390 755
1548 770
3879 937
3046 2795
2332 783
3042 388
3691 1721
1150 3025
2683 3697
1456 3617
499 3204
2884 3542
2613 2644
356 3839
2005 3070
2383 3803
2141 2283
1034 2788
1400 1837
33 174
276 294
1772 1554
3357 39
3620 2251
570 3490
3176 2532
3403 2448
212 1031
3514 627
2707 625
3499 2580
117 782
2322 3672
351 3065
1701 37
3494 3179
3471 1043
1158 3329
2751 3265
228 1996
2772 39
2685 1004
56 1935
1602 1240
2756 403
960 1561
1905 770
3004 3308
242 2563
644 1004
1644 846
856 468
927 2280
3225 307
53 1872
3069 1915
3211 3555
1809 1696
3157 3606
1300 1514
2448 2910
1153 2119
3437 3555
2539 1846
2874 1594
2276 971
2054 1996
1564 406
3536 944
1369 2863
1418 3295
3202 2519
602 1240
2366 723
2964 1969
3524 2538
744 1076
328 1247
2700 1736
3478 2170
3934 3254
1775 147
2780 342
118 3700
1877 647
3107 2847
2872 3476
857 627
2032 1790
3053 1404
3049 1416
904 2611
2846 3348
3003 3035
1713 3738
3658 515
1349 3637
1434 3347
3165 3621
1941 1624
3911 1187
2739 2875
338 1296
1195 1004
245 433
1527 3112
3444 3729
1461 3595
3248 2045
973 2948
482 1185
3837 2519
1358 1624
1232 3354
2971 2861
3581 2391
184 3051
2008 2073
248 1696
1067 2538
31 1406
3422 2156
1798 2840
3288 3434
2661 176
1988 2459
1977 2584
2155 2795
896 3157
3480 3192
3217 39
708 3112
2453 3192
380 134
3084 2611
100 787
2929 270
3640 636
1893 1997
1737 1397
2429 2920
1764 117
2235 388
3843 1226
2594 2107
502 2354
2768 3035
740 3004
1825 270
2516 1759
2690 845
3 3606
972 3782
404 1790
1160 2014
1846 2081
1749 1719
777 2014
1860 2086
958 3191
2831 3295
2743 3949
3306 2799
2495 1285
3185 1937
2774 1131
91 2563
2142 3738
3616 1080
2688 2960
3394 1347
1143 2923
489 3254
752 2160
2424 3870
240 3208
1869 1654
683 3774
2074 1571
158 3546
581 2734
1275 1932
3036 3044
2567 3178
141 3265
3712 2470
3935 270
1692 153
1075 3044
635 810
2156 2391
193 3308
3735 3910
1186 3089
2240 639
568 3729
2373 3329
3383 3005
103 3335
2853 3729
1445 2414
3322 2170
3585 3071
1997 1194
2868 3157
696 1692
22 2445
2341 2488
2966 2109
2028 1932
3064 2449
1557 1539
3907 3689
274 2051
372 2445
1127 1759
987 1500
571 552
1189 787
1446 3355
3823 625
3868 241
452 3051
3647 2362
2877 3295
1833 1979
1555 1085
1881 2519
1481 2347
3312 1776
606 2659
1930 2336
2813 263
3876 3367
2828 2884
3327 3999
2926 388
687 1736
167 3191
2775 3470
1368 1514
2258 37
385 2584
761 782
785 1719
2470 2736
50 1872
1588 2580
1927 312
2177 3217
2668 2140
2438 1002
1483 2160
3574 3617
3704 2448
1270 270
300 3870
3566 3342
3168 19
393 1997
3717 770
364 3846
3011 2972
1787 3126
1790 904
1854 3408
1499 2251
1649 2300
1256 2354
3453 2769
883 1404
2445 2847
3927 3700
3238 3839
36 1248
1437 15
3906 2283
702 2747
2676 1475
12 904
1898 799
3812 2920
2599 2614
2896 3173
1089 147
3938 3870
812 849
3933 3870
1584 2538
339 388
171 2801
3215 3295
35 1549
3075 937
3416 3615
527 3044
1472 2644
2365 2445
662 2140
395 3342
2808 2045
551 1941
1593 3308
2873 3091
1375 2847
679 2563
710 1396
405 3595
3090 3700
1545 3606
2363 2470
3274 845
2380 3204
1920 433
1266 290
956 294
87 1790
3314 3157
3859 3434
1081 3855
2568 1016
3087 1917
3602 3546
1727 3542
3610 3347
1657 2920
552 3109
2865 3070
2063 1044
1640 1563
3488 944
2584 1514
1954 1563
3375 1721
200 2875
202 708
1334 15
2414 3738
580 3208
555 2438
2436 1920
3484 2414
289 427
2522 1349
977 3606
3013 3276
926 3035
2450 1400
1145 2910
827 2087
292 630
3500 3546
3518 3614
3784 1563
3218 1549
1155 3729
1279 2540
1228 2653
738 2470
3379 1111
76 195
1729 2960
265 1937
3359 1719
1867 3243
1459 3335
1295 433
2547 2736
446 2861
3347 3682
3950 3855
1357 664
1164 3799
3686 1248
1983 1932
765 3697
3018 3367
3284 2736
794 3243
835 1194
1925 1499
2908 1060
2205 1736
2452 1060
2158 636
2075 1692
30 219
3559 2438
2225 814
2801 3438
1361 2746
2292 270
3065 1154
1623 3070
2605 388
3184 1935
2218 108
3507 1400
2880 2008
1792 627
1944 552
1326 3803
610 1561
3094 1508
2315 2073
350 3614
3790 2086
256 2656
3831 1549
2636 3265
3351 1347
659 795
3563 3348
3503 625
2194 2119
244 3025
1617 2810
999 108
1859 1449
1973 1942
2446 3910
2288 1871
750 2241
1319 636
1084 312
1894 2081
3055 1262
3230 3276
891 3434
2096 3362
1157 3621
2727 1396
2624 1113
410 568
2223 2107
3844 1176
3897 708
517 37
2226 708
1516 1557
3414 3949
1093 3089
3446 755
1460 3846
357 3631
119 1349
1676 1187
1550 1736
509 1837
3156 1416
2384 650
2062 1918
3806 755
90 3491
2569 312
2272 3348
850 3354
2651 2795
3588 1422
406 1790
3788 1969
3966 1997
2881 3217
3929 558
2654 2519
1914 1941
707 3697
1536 3426
2512 1624
110 3341
247 1748
545 3490
2887 2160
650 3350
354 1080
2581 324
1599 2086
1551 2538
284 1194
1060 3243
2723 2190
3526 814
2608 3341
3198 2272
21 3606
1975 1979
899 2644
940 2272
858 1859
3684 3350
1288 3689
3676 1662
2266 1406
763 1935
2577 2923
3572 770
3272 995
653 2580
656 3335
1505 3546
1146 1406
2042 1721
18 174
1480 3264
842 1915
3657 3614
52 3091
3761 3294
3267 2128
2409 1871
2973 1846
1417 1002
3093 2847
467 3870
1374 3282
2992 1871
1664 783
664 625
1777 558
1781 584
848 3615
762 2347
1645 3065
2618 2080
494 636
661 3005
3785 2354
112 2459
1694 167
3609 1194
840 1725
492 1347
2997 4
2310 2910
1804 1696
598 79
428 1131
2857 3293
2718 37
2947 3619
2847 1031
3688 630
922 3075
2886 1701
1606 723
3749 2444
537 3035
1071 1563
874 647
882 2109
1802 3051
3731 2601
3085 2840
3740 2280
2052 1397
790 2653
550 979
2763 2081
2071 297
1688 1002
243 3637
814 1699
3799 2289
676 1549
2606 1594
1070 3112
3765 1113
2790 468
371 1406
3239 1406
3281 979
1030 2614
2861 353
573 1571
310 2775
726 944
105 1068
3617 2615
319 3615
2730 1557
1705 1759
3789 2972
1807 568
3056 1104
2754 406
565 3178
2036 3697
3337 3426
3470 1098
1371 1500
3763 1837
3232 37
1865 269
2319 1187
2778 1859
959 2119
1724 1124
1320 285
2817 3071
2969 2601
1639 1104
3424 2795
3535 2251
229 2538
1403 1028
3755 1549
2543 388
3584 3182
878 79
1891 3025
217 3434
1618 3493
3408 2167
1656 2660
2212 3335
3068 2958
3605 3013
262 413
83 2644
677 1028
1847 2799
601 81
231 2840
2039 3787
3797 1915
1538 3217
3793 3738
1814 810
183 971
1229 2786
3835 3470
1844 3044
1397 3491
3141 1396
2092 1028
921 3182
3575 3071
3766 2615
3639 3348
1831 2109
1984 3112
3636 153
640 1802
3199 1508
2863 3617
2949 2923
3913 2107
2121 2109
3694 3641
3673 3243
2560 2592
701 1154
187 3335
1980 1748
122 650
3420 1170
939 1692
3287 3264
997 1996
793 1871
2686 2301
3127 1802
2067 2795
3985 1404
3486 627
1102 2280
3145 1571
1422 783
2716 2283
1887 1001
693 134
177 37
190 3316
192 2241
3881 1826
938 3729
1684 1935
2627 3491
72 37
491 415
456 167
474 3532
3557 178
3401 1662
851 2659
2049 3621
2154 1996
1177 1654
998 388
2497 2615
1212 2241
1344 2300
3562 2799
1600 639
2482 454
2146 2644
1469 782
901 3530
3271 2614
1471 2614
2323 1449
1096 3855
830 1725
490 19
2463 3070
2510 3689
196 111
2809 1696
2070 1721
2595 2444
3151 3915
1949 2354
732 3299
1167 1187
2626 2452
2403 3004
2273 2414
2382 3569
2377 3949
2152 3999
1432 1001
2469 1719
3892 1379
663 1008
3268 3109
2386 1060
316 3347
1487 1557
1615 558
2696 1624
2243 297
2136 451
85 1941
3109 3493
3815 1905
61 1400
1572 3434
2961 165
311 2847
1036 367
3112 3490
1763 3089
3773 3191
873 3025
2231 2924
2275 3192
254 1759
206 1915
1532 3569
1455 1942
2490 1837
724 2960
399 655
1325 1475
3853 2540
1943 3044
1575 2584
3188 3264
3174 2300
641 971
1226 1748
1951 778
1479 176
888 1031
2694 1942
1345 3179
2135 515
1686 2861
1289 3569
1192 1098
382 1846
28 1759
588 2584
1179 1905
3587 1701
1346 2734
3666 174
2172 285
2072 3799
2265 770
3283 2488
2138 2452
2019 1301
3364 2540
1603 413
133 1381
2938 2109
3173 2750
3768 1736
3746 165
2210 2167
1205 2750
3506 2190
11 1920
2397 1499
936 425
1594 1917
1523 3910
2002 2734
2970 2855
1909 2438
1271 751
3921 2445
667 2170
15 2448
3664 1790
2807 846
1277 1044
3134 1349
2302 108
1746 1871
2944 2747
3864 2615
962 2532
2672 3367
1903 1654
1665 2066
992 979
3521 2847
3900 630
3142 1649
947 785
2948 1131
430 1802
1348 2404
1697 3839
554 2444
617 2462
3086 1759
3662 1285
3519 1776
1016 2301
3140 3265
226 3178
3105 584
594 307
2665 147
2862 1248
3549 1113
1133 2008
3971 630
1202 1397
291 3295
880 783
180 3555
1156 2532
1753 1449
1933 3949
3552 2301
556 1396
1427 3738
592 751
157 1393
2456 3438
1960 3839
145 3527
2660 117
420 415
1570 515
3547 1918
908 290
162 2847
1216 647
1923 2550
2376 2532
3560 250
3834 1563
826 3341
917 3217
2900 2008
767 2283
2003 2747
2116 3282
670 1187
1996 2532
1214 584
3365 2611
2213 1002
439 3637
3932 2080
2996 3254
2428 3355
2957 2449
3681 1085
2951 2923
1986 324
211 3013
466 2839
3570 42
1626 3426
2033 1760
1394 2170
1994 2445
3811 1124
2980 770
2616 3342
3066 2592
2216 167
916 2301
1035 2438
2558 2660
2166 1068
2818 3697
1958 1514
2893 1859
1500 269
324 3362
745 849
3583 650
1493 3070
1757 178
1591 787
3840 102
2489 2051
2988 3329
2222 2746
3016 893
3678 2086
3189 3621
3515 1347
239 2924
3376 2375
2433 307
532 2404
3457 2788
2360 3071
1916 3013
3410 353
1541 2448
2732 2289
436 1996
2648 584
3419 3530
821 3569
674 1662
1839 2074
2133 2884
3063 2071
2549 3065
1467 2795
313 2810
957 2412
3558 241
1281 3619
2833 1721
2764 39
98 1379
3944 2080
2912 1701
2979 1164
2181 1736
1029 2653
2936 3089
1882 250
82 2615
734 2052
3190 1557
791 174
1111 1760
1913 1654
1142 3799
3826 1979
2151 1285
2080 1662
2972 2810
2311 1076
953 1721
824 1692
1287 1247
1187 3803
3115 3949
3680 3641
1328 2140
1079 723
3290 2924
742 1475
349 1920
2910 3910
2304 3949
2689 2347
2388 2644
3550 1185
5 1422
2110 3765
2458 2459
1995 558
1444 3542
3161 2810
3209 3375
1735 1044
756 3182
2293 2362
1424 3774
3195 3375
1337 584
2548 639
329 627
1716 3870
38 2653
1311 944
1806 979
1401 782
2017 3555
3054 1817
2066 3299
3692 2073
295 1624
1092 3449
1707 2354
2175 1837
219 778
1700 1247
3423 810
604 1724
2476 2972
2776 1379
510 2923
1647 388
66 3617
1233 1846
1046 250
3909 1979
2677 778
26 3299
322 1111
2035 2014
952 1935
2496 2839
2391 3091
1546 1449
2669 3637
3850 893
2318 1131
862 3192
3491 1001
2986 2375
1330 3765
438 312
96 1301
14 3765
2483 3606
3039 1379
1074 1060
2745 1060
2375 1185
2788 134
3464 751
330 367
134 1248
1147 3005
3810 1002
70 3044
1878 3173
2680 1475
884 2532
1861 3449
3389 3774
2466 167
3976 1397
3756 1131
3022 2750
3936 1932
2058 3178
3770 3738
1414 2847
3489 1113
486 2462
3273 1905
121 1817
2048 3178
1734 2008
199 904
3730 108
3753 2540
1815 2081
2410 1920
2899 3182
1597 1113
2198 2336
704 178
2573 1262
2356 1594
1274 2289
2652 2119
1086 971
1491 2788
3321 971
2871 2140
2190 1701
2916 2861
520 3316
1144 1076
1115 2736
1327 3112
392 2444
2454 639
1507 3013
1866 2347
1946 2611
505 3099
2798 3832
65 3362
1897 1662
1748 2948
2844 1918
725 2801
1323 413
1001 2156
408 312
3982 134
1612 1817
1276 3294
2890 3089
3814 451
1747 147
841 81
504 2438
484 2119
2533 290
3952 1076
173 2086
479 3354
235 3765
1496 2014
3568 995
3527 2470
1165 117
23 1396
1778 3832
2444 2080
1509 454
2782 3091
847 1044
3614 3434
1873 1699
3543 3595
2950 3839
3126 3254
3807 515
736 1226
363 787
271 2924
589 3109
2612 406
2565 3883
671 2167
64 353
168 1802
2484 1624
2168 406
1343 664
1625 433
2381 263
441 1400
549 1776
309 1790
255 2347
1521 108
1126 2924
1801 2119
2643 42
1758 971
1370 1131
1382 1649
1425 2611
3144 3182
227 2948
1402 778
769 195
768 708
3986 2074
1627 307
3137 1630
1827 367
3577 3637
459 2863
3264 167
1503 415
522 2449
995 250
3455 3799
576 403
1225 1937
3599 1396
251 1905
3430 1124
2396 1846
1347 647
3466 568
792 2081
3438 2452
2985 937
2867 906
1248 2863
1099 1554
2555 3910
934 2960
3714 1719
3258 1301
969 3595
2000 3614
2658 1630
877 3491
2134 4
703 937
2364 2584
3937 1920
3851 904
563 294
1687 1098
1821 117
1486 751
2451 3855
1929 3787
3509 3782
3458 2750
3108 3637
541 1724
924 1124
907 3208
3592 814
2902 3619
2664 42
1926 906
2719 3631
1872 3126
1273 1579
3468 1837
854 1692
2045 174
1525 3782
3606 1935
3081 1176
3764 1060
431 625
2449 3530
1125 1790
2611 3294
2059 42
3418 1905
3219 269
1636 2584
3120 1396
3551 1649
692 636
2408 1918
2344 2775
3146 2251
3308 3832
414 1701
3974 1594
3771 1649
143 111
250 403
3650 944
2733 2071
1298 3044
3428 2611
3477 2769
1723 3099
3257 3179
3279 787
2794 1146
1220 2839
1498 3157
3958 3426
411 2167
2914 263
585 647
1658 3542
1484 1748
419 1248
2441 3264
2498 2362
1578 2086
2105 433
1765 2241
2021 1941
1224 3846
2277 2532
1119 1630
1384 1935
1377 3787
2369 3293
2749 3832
2715 664
3178 1775
2521 2786
1139 3178
27 324
1061 2283
782 630
2824 2074
2340 1561
2752 1802
2393 2972
881 2513
951 2300
149 2656
1759 2280
1702 2190
2357 3278
3388 451
3415 1760
3285 650
3076 3697
1970 1721
3630 1594
3555 810
3800 2167
688 1131
3223 2972
2935 3243
178 3527
1586 647
2674 846
943 3299
146 1692
3520 3112
1068 1942
77 165
3999 406
3182 1393
2430 937
3335 2960
1558 2251
861 2746
975 3855
1268 3112
1776 3689
2897 2156
3266 433
1559 799
2426 297
2034 1917
1604 1422
3818 42
74 3264
1290 1696
1442 2920
3031 979
2572 2810
1176 2786
1614 134
799 294
2407 1918
1948 655
597 3044
1850 3774
2628 2958
3540 3839
3497 2611
1736 1379
3315 3595
3212 493
2701 290
1607 2840
366 2107
3998 630
3009 2910
2091 1068
213 1397
1181 2362
2274 995
1519 2659
1870 3434
2354 2769
838 3112
3957 3555
3171 2128
3726 425
3369 2746
1416 2051
111 3342
2708 849
3783 1594
2852 290
1257 42
2324 147
3101 3532
3103 2375
1681 3051
1322 3438
1969 178
694 1917
2822 270
7 3621
2053 3278
3637 1859
2411 2190
2499 3470
3334 493
1812 3490
3197 3631
3654 427
3984 2241
1671 468
2803 2404
514 1080
1699 2128
2939 1996
3888 3350
1610 3005
1904 1085
1423 1031
2006 1379
2057 3341
195 2840
1972 2734
3026 782
1652 2884
3397 995
1595 413
1501 1774
3193 2910
2821 2884
3978 1301
1012 3470
1680 1692
559 454
2128 3178
865 3265
3392 2592
203 1111
2437 324
469 1826
3191 3697
2256 3765
3573 1124
2173 3004
3476 1016
1237 1031
2629 799
3534 3354
2211 3375
1993 2300
1974 195
2984 269
3968 2045
1058 639
2007 1285
2267 782
839 3910
2698 2272
3586 3493
88 1748
3882 176
2825 3527
1431 1400
3663 647
2604 2272
1305 225
2901 111
2385 906
654 3091
1524 2550
558 1187
370 1449
1708 2300
804 2071
2631 1554
3700 202
539 2167
3687 2580
1285 1008
2237 1859
3227 3109
3988 2910
3316 2066
764 785
954 202
3348 3355
1259 3438
2014 3013
1985 783
1726 1031
3949 1174
327 3299
2507 2445
2204 219
3721 2412
3110 2948
3333 2513
1912 165
1255 493
3147 3204
620 2444
2145 2448
2738 723
3780 39
3625 1226
2406 3179
314 1247
2879 2960
1982 3595
270 1649
535 3803
895 1579
2170 1301
1014 1979
1230 1131
3080 1416
572 2660
3456 1514
1857 2336
2662 294
890 1185
709 2923
332 451
2314 1406
1892 2300
2232 1068
3396 906
3301 3354
2068 3615
968 2280
2352 3355
2508 451
238 3013
630 1146
1739 2747
3164 1085
3775 406
445 3354
3479 3126
2020 1725
2417 1826
3032 770
2607 846
3247 1262
3628 795
657 2140
3163 269
2095 3617
3633 269
678 3532
3289 1031
126 1905
2805 19
391 3803
3482 1004
2845 3091
3431 15
976 1008
155 3179
1392 1500
3233 845
225 1396
2201 2615
2784 3293
2334 893
396 2066
434 3782
2421 2414
1718 3278
84 3071
586 3637
1863 3342
3530 3173
425 3367
1835 353
3629 111
786 3532
771 893
3382 153
2937 15
3421 3748
2753 3192
3411 2746
2097 425
3200 1296
1124 111
3542 3839
3795 1837
3603 846
1895 3278
209 2580
603 1859
1082 1296
634 3438
1004 814
1782 403
236 1649
2968 552
1419 2087
3261 814
1408 787
3638 1060
2305 290
3565 3689
681 3282
1683 195
3822 755
1755 1774
894 664
818 2972
2603 655
3925 2786
1254 904
3250 367
507 3182
3683 1905
3685 2300
41 2801
3947 1393
2195 2052
2566 2863
1134 1164
1117 493
415 3787
3546 1043
153 102
2644 3846
352 1997
362 3375
611 3682
343 1539
697 353
3544 3542
2744 1539
1043 219
294 2924
879 2948
159 2272
1515 770
3242 3832
51 971
3454 270
2742 1449
1166 167
1353 3283
1506 3619
1282 1031
3015 1164
646 3408
2882 3449
1497 1080
3918 1393
3794 845
1826 3949
1589 1905
188 3335
1200 708
3099 2375
3854 1699
3539 3348
1811 3295
3513 1915
2113 3855
1171 810
3216 1044
1066 782
1057 2109
1383 2750
649 2170
2120 3449
49 324
2991 108
3716 1701
3804 1920
2955 1699
866 19
3522 1701
1405 2847
2678 454
3655 995
3445 552
3070 2747
3098 2580
1630 1846
2167 2538
3278 307
3044 2362
547 1790
3192 944
3170 1379
1810 3615
3298 367
2839 1802
2976 1404
886 2241
2347 3615
323 1549
3235 3316
564 178
712 403
1149 2924
3718 1557
423 1248
2952 2052
1318 3354
1494 2855
3154 2550
2799 979
2748 2170
2358 814
166 584
2312 979
2932 3641
2725 174
526 2404
1436 1721
964 3065
860 79
1732 2073
3883 1285
3528 3355
2132 2074
2477 2615
2472 2855
458 1579
197 1817
2140 1104
3626 3490
2321 1571
2160 2008
1407 3803
318 1016
2559 1837
3130 552
2098 1719
3328 2156
911 2656
222 39
1924 2107
3594 2584
3750 2550
3961 3999
2199 1699
1637 3173
1609 783
186 3065
2009 3542
2600 81
1528 2769
538 2653
805 1381
2649 3308
3874 3408
1151 3637
2869 2445
2958 3316
628 1247
3698 1969
2928 1774
3282 1226
2592 2107
700 1774
778 1381
516 3099
1703 3157
593 2839
577 1725
320 3126
2888 2513
3646 1028
1106 178
1350 568
3821 3025
2921 845
1239 2840
1910 3005
1976 2601
3354 1262
623 3846
2486 2462
1967 944
3406 79
1961 1397
2262 4
1745 3283
2750 2412
2588 3614
1269 845
3196 290
795 558
1478 2948
3963 1170
3263 2160
627 468
1535 39
1682 427
1720 3182
1104 1400
2286 312
2623 3832
3153 2615
2681 195
2758 219
2012 1630
1964 3855
249 403
2485 1185
2370 2470
3402 3089
3071 2920
519 454
2282 2563
1880 307
1356 1379
853 1571
2126 3191
859 3470
3246 2444
142 751
776 3070
3462 2289
2255 1404
3047 3438
3007 3527
1373 757
208 552
713 906
1738 3910
68 2140
3017 2532
511 3035
887 3799
1085 312
948 3254
2978 1594
1054 3910
614 219
1206 3367
2994 3999
1280 723
655 3341
1785 1500
2400 787
3604 3883
1886 1539
1098 3426
3082 2470
1556 1194
1395 2081
3951 102
273 3449
176 1111
729 1393
2316 1579
3038 1164
637 3173
81 425
3079 3276
304 270
3187 1748
8 1296
1331 1349
1576 1349
1352 3051
298 1422
1251 1176
3858 3005
1730 2167
201 3293
2927 1942
2157 3641
433 2653
1945 3532
2143 2855
1047 3915
150 3697
3857 1146
3748 2119
2699 1475
829 3689
949 15
3613 1941
3034 3278
2614 3765
749 2810
1210 971
3002 1146
3407 468
3781 3051
1751 3091
574 1871
337 1725
2509 2140
963 1775
2855 1872
2538 1085
464 1381
1767 1416
557 1296
2830 454
3622 2861
1108 1104
2827 1624
264 1002
297 42
3062 2073
3855 1997
515 2799
1689 3316
1009 3075
2395 2459
2046 1076
1050 2519
3661 1262
468 2923
390 849
2815 1774
1420 2190
2245 2550
2016 937
834 2601
496 2488
462 1185
2514 3013
2860 1404
1234 2074
3061 2073
3183 111
360 2081
1611 1571
1132 1174
315 3071
2553 1262
1766 3527
2619 1539
1245 2289
3124 2459
2777 2444
543 3362
3611 2592
2919 1776
3409 111
811 1942
2710 1002
413 2775
288 3883
1474 176
2859 3051
3363 3527
2478 584
2579 3641
3962 1111
182 19
125 3614
2769 263
1725 1759
426 3276
983 1113
1367 2601
1463 751
189 3099
210 904
2771 814
3412 2875
3203 1154
1190 1942
218 3408
1006 3527
1409 79
3074 3347
3116 2875
1148 1654
1114 785
1351 1969
1685 4
2308 3204
3358 3832
1668 1176
1978 1349
3582 2391
3989 3910
2530 15
3589 630
1438 3075
3727 3915
20 1044
3175 3070
3245 2190
2368 2354
2586 1301
2349 1557
2418 1004
277 1846
2759 2448
1428 1170
1 2449
1278 795
1522 3748
3757 3208
346 1920
2811 3348
2975 1499
990 3316
3996 427
600 1475
2460 1113
1791 1146
1989 2008
652 3182
3591 297
1317 937
147 427
3833 1098
3841 3682
394 2810
2188 3738
1663 1475
2946 3689
668 3308
1363 625
3019 3243
1520 1918
3006 451
569 2052
1915 893
2854 2611
2720 1499
3893 153
29 3426
2427 324
3910 388
3532 1920
2269 2538
3405 3493
2342 153
2637 2452
2990 1393
966 1113
3693 3282
140 2414
3307 3295
3436 2074
3021 708
2307 3606
531 849
2227 1381
120 1406
1987 2884
3590 1508
1175 81
2650 2769
1756 1170
1965 904
534 1649
2115 3493
2026 708
2520 3126
3329 1170
2284 1131
3292 1776
477 2861
2706 1774
3878 995
3697 3208
1013 2513
3580 3004
3732 2592
506 3915
296 1174
1122 1699
3659 2747
615 655
1868 2375
691 3782
293 2045
2350 2513
280 1187
3762 3470
1981 3355
1670 787
1582 3748
3463 1170
1297 3631
1011 2488
3970 2336
3194 782
1966 433
1717 1381
1711 2081
1750 1262
3995 1935
3460 1031
3326 2614
1712 3491
3945 2391
561 3542
3516 1240
3801 1043
518 3375
1304 3787
2645 3614
3051 3915
3903 297
1048 1915
2962 1579
946 1301
3465 3191
1492 165
2038 425
3607 2073
1235 3348
2816 2519
2261 2660
3824 3051
128 2391
2642 1942
54 3278
2214 1124
3734 403
2330 1247
485 263
2526 795
3380 3112
1172 425
3262 3075
779 3438
2100 3700
2174 1774
1294 2170
905 2404
1284 1499
1045 650
220 2734
2570 1846
1137 1008
397 3774
3846 81
1852 2412
800 2073
3122 3308
3701 2074
686 1549
2083 1872
1468 3949
2761 413
2234 3546
2294 2601
3320 1915
2585 165
1250 1514
3898 1662
3050 2156
44 39
353 2801
3631 1724
1372 2375
3517 2008
1605 2660
2713 3738
3511 2884
281 415
1241 174
2791 3555
1169 1240
2144 2736
421 1104
1364 3619
1992 2656
1672 312
560 2080
1026 3308
3204 1076
2086 2272
1451 3476
3020 19
2687 2449
3367 19
449 1937
40 2875
2525 1725
3923 2080
3803 1654
863 3729
1991 1500
3448 111
3724 2538
3643 454
2279 2156
1495 3641
2746 2795
1062 79
3325 1561
1773 1554
473 3803
1596 1760
3371 893
6 2734
3564 2659
1874 568
1162 342
1843 4
1130 795
2785 782
1449 3004
2656 324
2638 3799
525 3532
3512 1226
1824 3354
1554 2414
3319 406
2461 1475
2655 2449
3672 1969
1774 1557
3943 1285
2506 3555
730 312
2850 3615
3817 3283
2542 2128
3303 2445
3240 2540
1590 1654
666 584
13 2045
755 2283
1928 1422
131 1499
1393 2336
3523 636
2233 785
2953 241
912 1557
3619 3532
3969 3883
1621 134
2197 1724
3715 3408
2440 2563
503 3091
2740 1917
2519 1736
2125 2775
435 2336
233 42
290 3700
788 1571
1571 971
3088 2014
3214 2071
2721 1802
3342 1508
1454 1008
2504 2051
48 1725
2404 751
2056 413
1069 1044
2372 1416
2532 3614
2343 708
1197 1826
1129 1539
2040 2644
846 2839
164 3341
3885 515
2589 849
3760 174
2515 3243
3728 2769
402 2786
3381 1176
3791 1760
582 2448
741 1561
3449 2354
3782 2462
2 3787
2413 2289
647 2861
1706 1932
1056 3832
3690 751
378 3071
1542 1285
10 3347
3459 1997
2468 3641
665 1031
1696 655
775 778
1159 1696
1653 294
1784 3569
3805 3915
2192 3035
1754 785
1714 297
1841 1185
3260 2875
283 454
361 3619
78 4
3119 202
2187 1759
2918 2788
2185 2128
1105 2336
3349 1979
1365 2462
720 3999
3706 2014
1396 3025
1223 3075
2640 1630
3809 3071
3467 2786
3269 2801
3612 3532
2633 1942
1131 2109
1667 1449
2781 468
1660 2861
3928 2656
1931 893
1587 1790
34 3005
2244 1941
2814 1176
2108 2660
918 3099
3251 202
2473 2300
1152 627
334 2747
1267 1349
1842 1347
3113 664
3447 3689
1514 1347
3972 3621
398 195
3713 2788
1238 406
618 3035
2106 3682
1963 2769
2587 3276
719 2354
1935 2444
3234 108
174 2459
3836 3025
1168 1194
941 2540
3345 1396
154 2071
501 2972
1452 1760
2597 1154
3391 3126
2823 723
2590 415
3252 3438
3930 1937
215 2087
2931 2404
3652 3341
3317 3264
2786 2347
3490 1979
3679 1776
1094 167
2773 1969
161 3347
278 3617
3742 2550
1051 2301
2956 2014
1042 849
2563 3782
3729 3278
3118 904
3035 3347
1077 269
3025 1817
2117 2081
766 3179
1659 1692
2550 3293
1443 2601
944 3449
3708 2855
578 755
2544 846
2575 3619
169 1416
1537 2071
2209 2614
809 1347
1404 2074
2933 269
1786 1080
498 2347
3149 783
417 3631
495 2958
3914 664
331 1941
733 1871
1219 906
3567 1846
1836 153
3725 1508
607 3254
2114 37
1704 403
1052 1920
95 2540
3537 1194
1709 1008
1796 165
3028 3051
2257 1068
376 1002
1794 3621
3635 1381
1858 2128
2511 3855
2503 3265
1950 108
1120 1416
524 2746
3291 1937
723 2614
2797 1004
2122 2736
695 770
286 3748
3096 2251
2047 3283
3623 1076
3595 2045
2917 2336
1783 799
2191 2875
3869 2160
1918 1696
1315 1406
1113 2746
3427 1859
2959 1979
590 1699
3870 1996
2679 1563
3450 2438
3370 3490
2793 1554
3280 3091
3682 451
1819 1111
898 3217
3208 1500
1549 3157
2954 307
2355 3276
1768 3099
1937 3295
897 1817
1097 241
3256 2920
906 2601
685 3173
1321 2283
3398 1721
2109 3264
2930 1969
2757 757
2004 1028
2531 2045
3318 2601
2582 893
1100 2160
3627 324
2537 3348
107 3839
3670 1549
3641 195
2924 2170
2760 2644
2755 627
3802 3299
770 2584
2229 15
2556 3434
416 755
448 3682
3441 3191
3954 225
1301 1475
455 2448
2620 2488
3931 2659
2280 1774
913 3355
1655 625
759 285
3866 1301
1679 1662
2904 799
1283 2924
1040 1085
3884 2863
2189 1044
1211 3799
1272 3099
9 1871
1678 2354
305 2786
259 1775
2150 1997
1263 2087
2883 2283
2789 3530
257 751
1761 102
3856 1760
783 1554
1864 1044
2018 2644
1312 1736
616 3700
1083 1174
1464 3408
2348 117
3745 2051
94 297
1154 3192
3346 1028
2076 403
3808 2160
2995 2280
1458 1164
636 3265
2894 2799
2089 1174
3429 1296
3048 2251
1218 3803
2462 1918
3461 3350
2714 639
2906 427
1457 2280
2291 1630
2864 1164
3473 1872
1845 263
2333 3035
1508 723
2736 176
937 1004
3648 1347
3744 81
3095 757
1633 425
3139 1969
2898 3530
2290 3362
1573 3282
1413 3243
2137 165
2682 650
1851 1554
2082 2066
3915 552
152 2459
2313 2519
3001 1499
3160 1979
2202 3774
252 2736
1643 3342
165 3595
2101 2462
3707 1724
844 3569
1566 2592
3525 814
3296 2087
553 2051
1010 1124
789 3689
386 2272
388 3217
3374 1416
1028 270
717 1654
1019 3532
3593 1979
1803 757
3533 1085
2215 1098
1862 3546
1631 3915
1999 2347
25 2656
63 3299
3829 3204
379 1775
625 849
2289 2241
1121 3282
2051 2086
845 1594
3302 1662
2022 1397
797 2513
471 1579
3796 3491
2835 3621
2766 3832
2165 153
2903 2280
715 1826
3926 427
3980 307
3877 1060
822 3375
3964 4
2602 117
279 1080
3621 3774
2562 3729
2353 415
737 2336
1264 3070
1752 1043
885 2659
1531 2958
3880 1563
3891 2960
1562 906
2729 2875
3451 241
1336 1170
2127 1174
2073 3855
3719 3803
3865 2375
1170 493
3667 1285
698 3729
3299 515
1934 3493
2695 1817
1387 2241
1135 2347
1654 3631
2735 3689
2112 1111
1293 2051
1065 202
3111 2167
3656 2810
3825 3025
409 3700
2329 3527
781 1624
2667 1170
3598 1285
3102 3530
542 3774
1231 3316
1998 102
3733 3362
3624 178
2734 1028
658 176
214 2452
3772 117
1103 3748
1510 3765
1018 2140
3722 785
3508 3542
2675 944
1236 3532
1252 3208
1744 1146
833 225
3875 3254
79 1164
2993 81
978 2488
533 1561
3210 1226
2224 2128
3286 1008
1262 1296
1138 799
1635 2563
2259 1176
1800 2362
609 3787
1053 454
480 147
204 1262
1399 1826
1721 1915
706 2786
123 3491
2838 2801
444 1802
2580 1871
970 2301
387 3109
2666 1579
1039 1043
442 2107
1376 849
3030 250
2399 102
2909 3013
3569 3182
3058 1630
1015 3883
73 3075
3908 3265
2148 3179
3987 1393
2055 2734
684 1124
2945 3748
1817 785
342 1416
1462 1397
355 3192
475 1630
2281 2948
3338 2488
728 3191
2731 558
3475 3347
1793 3208
2419 263
3545 1563
443 2788
864 1872
3776 3293
3758 2283
3474 15
3608 1416
1517 650
3787 3282
3847 2540
1616 3672
1426 3408
2967 2958
2378 1170
2123 1154
3131 3765
632 3065
711 2109
104 1104
1485 2412
1552 1662
2943 3004
3896 1776
3027 1001
2131 1393
2434 3682
3615 1630
3699 102
1406 367
55 3782
2041 3362
2153 3089
1512 1996
3792 3619
1579 2855
3778 1085
1547 3569
3404 1826
2236 1098
801 3799
639 1932
3300 1111
99 995
3899 1932
3498 2470
754 415
1107 3004
2561 3065
3378 294
961 285
1314 3264
1316 515
1955 814
1690 1076
993 102
746 3294
931 3179
1440 3191
2119 1941
1907 342
2554 219
2317 1028
3341 1080
325 2861
914 1001
3493 3476
3243 3883
1003 904
2535 1008
2162 117
345 1774
1962 2066
427 3672
1818 1124
1038 19
3213 493
3114 3294
2061 3555
2634 627
2107 650
1116 111
3324 1557
971 2734
1634 3438
1482 778
2220 3787
2351 937
1583 167
463 1043
2601 415
1502 906
3125 3178
258 1969
3433 3299
2303 3729
302 2614
2481 2839
1390 778
2479 1226
3955 2128
2253 2615
389 2156
1957 225
381 3765
1475 1422
172 1349
2252 2448
1020 37
3037 493
470 425
1540 2801
1059 1826
3862 2412
2834 2375
500 1098
2024 1594
3548 2412
1078 1076
3008 3799
60 2747
2812 1514
216 3999
1196 1969
3221 1240
344 2746
2922 493
2564 558
3033 1016
2420 3254
1466 2960
1569 3335
780 3109
3889 1347
2795 2449
2615 799
1598 3265
1381 1404
347 3192
3873 845
967 1508
1770 3109
3916 639
529 3682
1620 2653
3043 3641
1342 3803
3948 2449
1247 3641
3510 3839
1719 285
2517 3173
2423 1724
1601 153
2180 655
1008 3569
1174 4
2184 3178
3425 294
619 708
3867 2251
3104 3013
1430 3375
39 3070
3356 1194
1585 2750
1567 219
1193 367
1021 406
815 1935
2546 1514
2183 3615
872 3426
869 2488
303 3490
2015 3490
2870 2775
798 3476
1797 3004
2338 3342
3553 1917
2182 1724
743 413
2249 2051
358 3426
2876 2972
1188 3617
1731 1759
2717 2795
773 3595
3413 2045
996 1068
3143 770
368 1571
2941 3546
175 165
1662 755
106 3282
1648 202
3352 3173
487 2140
1879 639
3206 1080
1488 3126
3871 1400
2263 134
2264 2251
2412 2052
1568 3350
774 2884
3502 250
1834 2404
3077 1932
97 1068
3917 3294
1813 297
3249 1240
129 3426
1695 1554
3201 937
3180 468
2339 655
928 297
488 1514
3709 1775
3501 655
3399 3204
1518 1475
2163 1837
1435 708
1439 1579
748 451
45 2071
3767 625
2965 2052
3083 3490
437 2750
1191 552
2593 3329
2271 1724
828 3243
3012 2412
3417 1164
1335 979
747 3217
3226 3089
2295 174
1329 3316
102 2972
3849 2391
266 1154
1140 2513
3313 413
3905 1748
2728 2584
2711 225
2219 1124
690 664
2820 324
3901 1285
909 2052
2001 2660
1296 108
2455 1549
3946 2795
2248 2066
1698 995
3150 3329
2078 2107
3041 1449
1260 2580
2079 783
3132 3109
3786 353
1669 783
2647 3283
267 1917
1024 3276
