4000 3999
1182 3869
3623 3572
3777 3660
1713 42
1065 1947
3184 210
811 1198
3484 2218
3519 1366
2145 1885
3244 1645
126 1297
111 3342
2911 2222
1880 2512
3697 660
2670 968
2929 2528
828 1744
828 3340
828 417
2518 1319
187 1610
1147 834
1525 1882
828 1780
25 3677
3332 576
828 1262
2770 634
3907 539
3425 2132
2657 611
828 44
828 2714
2395 373
1715 1178
392 1528
1826 445
2942 3800
595 1845
332 1179
828 2508
328 2801
2264 3410
3195 2695
754 1135
993 3359
2672 1351
1469 2323
2795 2869
3007 2231
1635 657
2093 728
3334 3814
2678 2685
814 3107
828 2057
886 1388
2162 3106
3486 2353
828 3159
2690 2196
828 2419
3219 3662
2821 1043
1524 1909
3812 3542
828 3310
1908 3488
2617 2458
2485 2697
2895 610
649 394
54 3963
3433 3645
2638 16
4000 1478
828 2332
828 2091
1597 2775
75 3966
1811 1677
2610 2609
2154 2019
2944 3819
828 2494
284 2474
828 1298
3454 1649
1574 1929
279 719
1977 2420
216 3986
3684 2297
828 3483
828 3632
1473 401
828 1792
560 3583
2995 821
1801 2439
1280 746
1721 2096
1405 3016
2236 517
3329 3949
982 141
208 2456
3779 1039
3587 2060
3202 3796
727 91
1695 777
2272 3464
20 1595
2030 448
1768 1254
1192 3230
828 2576
2242 996
1459 3270
3703 3491
828 1509
828 1860
1983 3385
1093 3103
2625 1082
3160 317
1215 1868
559 3907
3760 901
338 3578
828 2248
3960 2133
2751 3419
3574 2264
448 1729
537 1522
1886 3855
2763 2687
967 2554
1558 661
1138 2311
1701 1282
2525 3165
2602 2410
3762 2160
249 2702
828 3954
828 3369
817 1474
828 3326
2729 1618
1611 913
828 203
2314 2632
831 1426
828 312
1878 3739
2827 2384
740 3417
828 1054
1877 972
828 3023
1028 3938
828 1735
828 1890
914 3431
1437 3172
828 1395
828 2762
2300 3053
2282 2585
828 2650
2940 127
1484 3993
2682 1875
487 1050
1086 211
429 2319
828 3134
1748 3284
1960 732
3910 180
569 2950
2182 860
3209 1721
828 1772
3058 1113
2360 620
2798 2177
298 275
3432 3111
1882 2723
266 3659
828 2744
828 1122
1986 2432
3757 1535
1350 577
3747 1815
2109 219
3545 1200
226 1021
828 2404
1756 2351
3761 2192
348 2020
2869 357
2144 3251
687 582
828 3531
828 2958
2641 2473
2477 1268
3970 993
3968 1541
2784 687
828 1693
1898 196
2097 1159
2428 497
3374 3502
2290 2207
3225 720
256 2793
828 1903
840 1207
828 3915
828 1552
1128 677
1043 399
828 1573
2368 1921
3847 3499
2365 2984
874 1949
3737 850
3702 411
252 3506
828 2161
2008 2135
3561 2333
1634 65
3776 1015
3384 816
1527 806
828 1623
2391 1289
2172 3404
3743 1433
828 896
828 3770
2301 3764
1872 185
374 2625
828 1121
2503 1943
1518 3243
828 538
1165 3440
828 2674
894 27
471 156
828 3040
3199 1144
2946 2968
828 1813
750 2840
2018 3643
784 2713
3034 1964
612 1227
3243 1591
828 3625
828 2137
1790 1543
828 2682
2780 3947
828 3198
2207 2976
1717 3498
148 2286
3866 2607
828 2807
2730 1998
1631 948
3967 1986
29 2520
2068 1705
1844 3293
828 3331
3006 1764
3831 241
1019 2027
2209 3688
828 2788
3471 122
2627 1111
1619 1334
643 773
828 3132
808 782
69 3136
3767 2826
2857 1129
828 134
636 1026
1057 1864
3500 917
1470 778
3969 234
3246 2535
1191 90
2923 1902
3099 921
1718 1476
828 3759
1323 2284
1627 2406
3653 3513
812 2318
2400 421
3289 3905
3594 1295
1671 3422
3180 2671
828 3457
139 2501
828 469
1246 3735
3459 1739
828 1278
3516 2256
2407 2648
828 2909
334 2560
2181 638
1185 3715
555 2822
1547 3046
828 3571
1346 3639
857 2718
2437 1853
3085 3696
828 3799
783 3769
3748 2970
441 3303
3740 3240
2497 3185
1764 2162
1259 3360
3631 3562
73 2465
1966 3740
1370 93
3874 2043
116 3174
2167 419
654 2418
3698 382
1805 1637
899 8
828 257
828 1781
2639 53
1534 82
1775 1861
912 788
878 1843
862 2649
382 3278
2667 2000
354 1408
1245 2334
1330 2889
2890 3194
828 2149
394 2463
3753 2090
1448 854
3141 1412
2373 656
2875 3348
736 1255
1278 1058
1593 1884
3465 1466
3911 3512
828 1440
3868 700
733 1726
828 2179
828 1162
1105 1504
3401 1386
3993 632
2702 2032
828 704
3204 2469
363 320
1177 57
191 1863
3112 205
63 176
828 2066
2921 1566
3290 3868
2336 1131
828 356
2830 504
1936 1234
1122 3225
1851 1548
3524 2198
745 3158
1921 1901
3886 3289
3092 201
2914 3163
828 1529
1942 2870
2913 2919
828 781
2015 2858
2416 2112
828 3761
3541 3068
828 1537
828 891
828 475
2074 556
1331 563
238 2850
828 3356
828 3803
3109 761
3415 1068
828 2348
828 3728
453 2994
1092 1431
971 1686
3656 2366
922 2601
828 1355
1708 1292
869 1151
828 1997
1415 425
2404 287
3991 1365
3523 1723
2658 1634
828 1311
828 1294
2542 2905
828 927
1570 1045
1658 2705
3345 2503
828 2240
1387 798
2583 748
3858 3823
2248 1593
2412 3025
828 3874
3534 3610
613 1530
409 3569
393 1941
2020 2045
958 1236
1589 1852
948 265
3966 2628
828 1969
1213 3745
2041 3329
3951 50
3461 3200
597 851
479 3850
361 3085
467 3946
828 54
2881 1981
244 870
3068 979
828 467
3190 2799
2876 3231
828 767
3971 717
1513 801
2705 1307
18 1030
3687 1956
2856 2987
155 3371
630 431
3496 131
3953 3853
546 2214
3264 3453
34 1360
2924 1456
1226 726
1497 1521
828 2257
1779 1285
1318 45
2116 20
2341 3725
121 2276
701 2269
1361 3705
172 3833
1338 2400
1521 2241
2534 2305
275 2613
3285 1572
828 199
925 2962
2492 3160
2094 2882
51 3402
2345 2128
1891 1157
3799 4000
303 1555
2258 685
828 1867
564 3650
168 1434
1781 931
143 3056
245 1798
1517 3182
828 2842
2873 2061
40 543
2388 1066
1061 189
2455 1975
2593 925
3293 3896
753 2285
3932 1670
828 2170
2245 2588
19 3540
828 3448
2783 2605
828 706
648 2860
828 1825
828 607
1780 2403
1277 3940
3752 2942
3211 170
542 3727
2796 2797
828 18
771 2706
662 1922
2193 3648
3509 2215
2576 2478
2342 1181
2925 3151
349 2168
3901 1419
2148 3452
1082 3167
1097 1926
317 3785
1656 1048
1836 3173
3326 1243
828 1172
776 1700
2422 762
426 3620
882 1335
501 1399
607 3437
828 3188
828 3635
941 833
635 863
2649 3509
1397 794
828 2148
828 55
1662 1946
828 1016
828 3153
1584 1173
2021 3560
3689 1768
313 818
2255 1531
3920 2320
2969 152
828 2349
2614 390
1541 319
938 711
1040 3425
991 3321
3104 2506
543 1362
1261 915
2163 2377
828 2368
2501 1505
2592 3349
2899 2486
3173 2197
1285 249
828 1734
1130 840
854 1281
828 2888
1967 3413
388 1953
828 34
3188 1477
1126 1907
188 1383
169 2848
422 458
406 1817
2954 3055
828 450
1526 2641
1477 2573
1571 2570
596 2472
1996 779
2943 2253
1110 3161
1867 79
3768 333
1693 471
1256 2005
1091 878
3055 280
1698 1312
828 3783
932 663
408 3634
173 3124
3466 623
3590 713
3262 772
828 883
531 2392
1292 1759
996 3259
828 2166
936 3479
2160 3679
2086 3446
828 1873
2633 2728
3154 1428
3933 2383
828 2599
203 304
828 3196
684 1706
828 3260
300 650
3973 1322
2792 3222
43 277
828 2592
2263 757
1047 916
3722 3433
2548 3653
3683 1778
2026 3680
561 1992
1308 66
1875 1086
3894 2661
2350 377
472 1354
1427 2063
1686 813
2511 3036
3321 2957
828 1397
2099 1341
3463 1667
1823 1277
157 2566
1840 2423
1766 534
2247 1171
828 404
1476 1250
2387 117
828 2608
201 768
2697 215
1221 3574
1910 120
828 1067
3378 3217
2335 545
1642 1091
3207 2513
3815 227
3642 3747
833 63
3407 3228
1403 121
3531 3333
1949 3263
120 23
149 1989
828 3317
3739 2659
2811 595
828 2080
1906 2518
267 3373
2634 3671
3870 3753
828 3339
3928 2611
1035 2823
1347 400
1770 1832
1401 3477
629 3797
258 2693
299 716
570 2658
1287 2306
2584 3215
2567 1220
2934 530
2845 659
828 3020
1590 2784
2037 744
828 2117
1637 1848
1988 2050
1149 606
1897 327
828 2312
639 2294
3733 2062
988 3026
3170 3556
1948 321
3164 1189
1491 3837
106 1147
828 2182
744 1663
828 516
1127 3914
872 239
2568 593
1349 436
2213 3964
3774 1718
3301 48
828 2250
1660 3976
3252 3426
2185 2200
3129 383
801 2735
2531 1489
601 396
2302 1786
828 3974
1772 1032
943 2776
729 966
2016 2544
3226 754
828 2183
828 2314
758 1782
520 386
961 248
1015 1988
828 1093
2605 3669
828 2634
3629 1248
3930 2265
3215 32
76 2022
2451 1624
514 3064
828 2338
590 1621
828 1009
828 1453
1652 22
3052 1757
1626 999
2596 3932
1454 95
376 1448
3414 1490
2868 753
782 1807
3081 3104
563 1501
2538 3626
3205 3114
828 3291
828 2302
678 2147
879 2902
3485 2358
767 1446
3361 2076
3872 3239
2693 1038
828 2849
828 902
2071 68
1302 2138
3568 188
1373 1117
1327 228
828 3048
314 1464
2932 2485
1860 1874
1991 714
3501 3682
3917 3957
828 3980
177 897
3453 144
611 3570
2860 3589
3177 2350
1973 1574
826 3557
1037 613
2803 2759
2656 505
3096 1108
1106 299
2652 1346
217 3944
828 1866
1000 1688
1390 2287
1441 3505
1202 861
2140 2120
3701 3666
1771 1153
3977 3041
2603 3741
1273 3871
3250 742
3417 3766
2851 3357
828 3105
828 3058
207 1517
828 1648
2232 1007
828 2988
828 1589
591 980
558 485
828 1619
185 3903
478 583
437 3129
2271 1803
737 646
3159 1834
694 546
2299 3553
828 601
2673 3983
2158 3809
828 1215
3817 3495
705 3894
2169 128
849 579
3086 3520
1838 3786
1339 1152
828 1684
848 204
3049 1823
2650 2692
1959 1936
3424 856
547 1072
2439 2394
3119 1222
2815 1783
3659 2657
130 182
2409 792
859 142
3412 3791
1232 2635
972 2235
1980 1073
828 2928
1186 1513
1376 2121
3809 1416
573 1161
2579 1342
1461 1470
828 1203
2900 2663
828 2633
114 2347
1730 707
2494 3579
845 959
828 2190
956 3382
672 3376
3869 2025
1587 2771
2465 276
3130 5
3806 1402
2359 2298
641 2960
3769 3890
3581 3261
828 1182
1559 914
3782 1313
2717 2021
2084 3066
828 2427
828 2538
1432 2639
828 2721
1314 1712
2424 3005
2643 2680
3371 3916
1443 3698
2415 1245
828 3847
856 3621
828 3774
828 3301
65 2443
2665 272
2132 6
828 3432
1207 2684
3716 167
2219 1441
828 1771
288 2101
828 1582
2216 1654
2220 1728
778 3406
777 3636
828 1485
584 2679
3328 3998
828 570
2949 3568
828 1040
930 39
686 2829
2814 2689
2883 245
1754 1961
2448 3867
495 2614
828 1897
2910 3802
1646 1678
828 2003
137 2454
828 3279
3591 820
1394 1695
1354 501
2206 2929
2528 2756
828 1690
828 2852
1992 1427
1054 3006
3941 3939
2137 2731
828 3120
3457 2923
3912 124
828 278
2253 3613
2022 1904
2855 765
1495 133
797 1872
1705 2742
6 3277
850 2666
1267 1612
828 3810
2233 893
828 3931
2237 3074
3116 2913
681 3060
2782 2619
1561 1256
828 2436
3948 1656
828 2484
828 1185
1827 1876
1281 1567
698 340
828 3368
3489 2042
1989 743
3434 1022
3172 3845
828 208
1979 2963
828 846
2072 3772
3514 435
828 2110
2361 686
978 812
494 3268
828 2990
828 3043
2339 2205
281 328
455 960
3881 2434
931 2623
1172 487
3546 2537
322 1520
500 561
2166 1167
1300 3654
3021 2998
976 699
1002 1457
1500 3143
828 2008
1263 3994
2701 3517
3134 2707
3699 279
103 2002
1282 1770
3185 3227
1556 3054
3438 837
828 3701
828 1353
2274 3144
3017 480
1233 264
3479 391
1716 1109
368 889
657 2414
2221 3295
828 3637
1815 2740
181 3374
2646 3247
828 2386
2394 3245
21 1996
828 1963
828 945
287 2526
1084 3702
253 1274
828 2656
828 2949
1103 1534
828 3288
789 2405
3562 3436
2484 2967
1778 2539
828 567
2686 1849
1676 1886
828 1928
1447 1331
64 2255
2170 1824
3218 1527
3323 72
787 2142
3452 518
1450 3788
532 3400
3643 1962
3680 3050
3443 2316
911 1914
2508 3071
828 912
3833 197
1079 3655
578 3919
828 1940
1249 3305
1964 3296
3331 1337
828 2874
828 332
1164 116
3157 3942
3635 3899
3151 2766
3442 3447
196 3192
828 1184
2635 2054
828 800
2251 2847
1492 163
2902 831
2586 3312
980 2900
2418 1120
3023 2596
1610 3290
828 2480
1234 3597
161 827
1542 3302
828 1221
1825 2440
99 2630
574 51
828 3873
994 3651
942 87
1238 1214
828 1674
1095 415
3899 443
309 1223
386 300
2134 1701
1758 2956
2043 3378
579 3718
1555 3875
3088 1745
2 1183
828 2071
2941 1854
828 3224
628 2781
3575 3854
828 3258
1598 2800
1680 629
828 1821
828 3514
3379 786
2818 1905
2444 3253
3637 2568
15 1249
828 894
3418 3482
659 756
1150 1579
305 1554
1617 3596
1250 2612
1655 2169
3906 153
3865 2152
1423 1378
3012 3535
2964 2202
983 1324
2663 85
3921 1763
3711 1931
278 1344
329 1176
3224 2557
3736 2227
2878 2335
828 949
3980 841
1566 1805
1412 3615
2150 1211
3248 1942
828 2015
828 1959
1667 3533
3467 2415
3835 3695
2349 1616
1083 702
2966 950
828 750
1283 1662
2529 3872
2396 1192
3878 3044
1799 339
3312 246
828 2761
3620 3793
1729 49
3359 2483
3483 1831
46 3876
3214 544
2152 1967
828 3700
2765 2259
828 52
3216 2992
3228 935
2267 1099
3075 2629
1089 3345
2800 2073
828 2497
1783 114
828 224
828 2812
154 1498
336 3816
3988 3298
1021 1267
108 1881
3399 682
828 1047
2788 9
119 2017
2677 2453
828 2939
2475 1620
2777 664
1733 2749
794 2993
2419 1081
3560 2844
3987 132
2735 315
828 1776
550 876
1324 439
1755 3539
464 725
682 1523
828 3883
3089 3131
3036 1134
3455 649
3688 548
609 177
1927 1107
3959 3775
1833 3567
3349 1742
3140 2382
3542 291
802 3282
1008 1422
3790 1105
828 2777
877 961
748 1948
3238 780
828 29
828 3967
847 3415
828 499
2210 1125
3420 3115
828 2339
3439 1691
3078 3605
2904 2409
1903 2525
780 77
2852 2429
3593 690
671 2123
828 3956
2083 2247
1777 1347
357 3346
2564 1597
2808 2376
1727 1156
828 2412
2432 1682
2256 3624
1377 454
2589 770
112 2212
1171 236
1409 1325
1968 1580
1340 3996
499 2865
205 2460
1685 2760
1156 1413
647 963
3388 2514
1622 3908
828 2978
377 2638
1204 3704
325 3089
828 2510
828 1551
1018 1439
835 2336
2287 2964
30 412
3255 3126
270 708
828 2172
828 1308
828 3870
1139 973
828 1242
828 600
688 2452
828 907
271 3714
2849 830
828 461
828 2107
838 3391
2764 416
3667 573
260 73
858 2226
949 528
2226 1036
178 3528
3708 1642
2700 1767
39 929
828 1908
3567 2075
2243 3281
828 3328
1388 3900
871 3229
2212 2411
3916 2754
1179 337
2963 2627
828 494
828 698
311 1846
3093 2828
828 3566
868 735
1467 710
1831 3515
3821 838
2413 1673
235 592
1895 2743
828 3205
2291 2372
3840 1070
828 3861
549 3121
2024 3991
2807 2029
828 1539
946 1679
2308 1193
828 2407
828 3661
251 3548
906 2580
2728 3748
3313 2446
828 1971
80 1275
1333 1020
1722 2907
1140 2326
1535 2293
1360 146
770 3822
896 3309
1151 3118
3822 444
1514 1270
508 1549
828 2814
1853 3586
3048 2778
828 2450
3260 2425
828 3846
1509 2340
1236 102
2953 1722
816 3958
2402 2971
1146 137
433 397
617 109
90 2213
2229 1640
1154 1515
828 1575
1582 970
3132 1089
378 1826
2192 2477
828 1340
828 3204
935 2884
1560 3848
3342 1376
2189 1063
2025 169
1364 535
2157 1232
3538 1369
3127 1169
1052 2636
3296 3462
2151 3895
1670 1468
828 1240
3995 3186
2968 3614
2931 3022
2061 2
26 784
1419 2129
1242 3926
3513 2547
1732 3550
2973 2059
438 2906
1068 1644
1265 747
1038 1788
1131 2442
828 1259
1834 1094
2864 2675
828 872
1326 2274
589 83
297 2583
326 3181
1650 3551
1465 2696
2397 900
3610 2927
3000 2694
828 290
828 3841
1952 617
2714 1685
289 2677
1073 3787
3820 2719
865 2745
2147 2983
527 3989
540 479
333 254
163 2327
828 2363
359 2330
310 2228
1289 1092
2426 3630
3193 3633
1621 721
3318 2995
3456 1643
2572 3157
828 3686
521 2158
96 1960
1345 2542
828 3763
1930 331
828 542
828 1305
3139 2310
828 2912
539 2283
1102 875
799 3608
828 434
2325 1598
703 2399
1379 2433
3700 1130
939 2201
488 37
2841 3142
1924 1550
3962 1260
3569 2378
2379 1143
3678 1639
2632 1822
88 1014
828 3252
2120 1789
864 2258
3385 507
3552 2083
2871 2945
461 3273
522 3817
497 3076
360 2955
1167 3757
2785 3235
863 1437
3008 2089
3671 1655
2344 2457
3731 2973
828 1758
404 936
1688 2078
1668 1471
828 1454
2127 335
828 1630
3661 3522
44 1321
2758 1339
987 3912
1208 2236
828 449
2351 2233
1017 2495
828 352
828 1724
519 1696
640 388
2595 2859
828 3617
3945 3197
2052 3641
2510 3098
828 3366
1033 3237
1585 937
3832 2640
3729 2773
1190 1052
828 1127
667 2106
3022 3191
2205 956
828 2216
1118 506
2523 1917
489 482
1137 1855
1399 3037
136 3424
828 1991
3210 703
3617 2969
2850 2367
2411 3138
3654 3827
3280 2615
1214 654
1746 823
1407 2651
3679 2941
1315 498
828 2309
1274 2546
2581 3232
828 3073
440 1993
170 2151
728 2562
536 1952
2616 3127
2502 1006
2135 1012
1520 547
4 3141
1309 3521
2321 839
1255 200
828 3300
2888 1526
548 1927
3931 206
3572 2977
3044 3959
481 694
485 3234
475 3267
3547 628
2101 3323
828 1480
3692 1506
1224 1375
828 269
3449 406
756 1945
2262 3647
12 2430
1030 2951
828 3
3182 2455
2918 1384
2124 1065
738 3922
2066 1338
3883 1077
1573 1896
1981 1671
3802 1754
3333 174
593 1755
2234 1916
385 3858
2423 3644
1063 19
3949 1911
544 2004
3286 1004
3732 3429
3947 3434
3305 2070
147 1938
2561 510
419 1302
2842 1584
1822 3618
222 2113
1950 3948
828 2730
1001 625
1158 575
1808 3969
2507 3674
1496 1373
3622 3474
1762 1664
425 1451
507 3051
3011 2897
272 1123
3310 3439
3353 3555
661 2296
828 1458
3657 3195
2887 1976
965 1918
3416 653
828 924
586 1974
3984 1796
2699 3057
372 3007
1675 1303
3596 3602
62 2758
828 1459
828 2268
2355 1657
3580 457
2331 3449
1045 1001
2577 3465
828 3773
3758 2014
1719 2103
923 572
2092 1450
828 2808
292 1417
1264 3086
828 1261
823 286
696 2854
3090 2915
397 2390
384 2548
1216 150
828 31
828 322
828 3003
3051 524
828 225
828 2796
2179 1205
828 3062
828 3190
828 3891
301 3992
828 1538
915 3609
3849 2438
3537 3271
3410 3595
2386 2466
2215 3852
1310 1374
3101 1237
174 2816
828 881
2126 341
28 271
3811 1150
3440 3347
61 1869
2224 1115
3206 3156
2570 2747
1759 1577
1144 2785
2009 438
2992 2935
828 3762
1564 456
3565 852
3573 667
2067 2997
1672 11
17 492
1563 689
1504 3719
3764 3752
2555 465
1344 3335
828 988
1645 691
2819 3223
1301 3975
853 2067
828 1166
707 3213
3272 3320
3355 3365
2847 1761
828 1155
1032 3598
3376 2295
828 1318
1804 2304
533 101
828 218
828 2488
828 3930
1987 2100
3882 957
828 2953
828 2461
3625 3988
828 1502
828 2134
3227 3145
529 2105
2980 2164
1311 1844
735 1507
828 3152
2985 981
1058 1603
3239 787
3451 2600
3395 2790
167 1180
828 2598
3890 3600
296 3687
828 2140
828 730
1683 2489
828 758
585 1145
3504 3722
2557 3008
828 1979
763 953
828 1078
998 2896
3273 1862
828 2620
2106 785
828 2857
828 220
1734 3649
2726 3927
3825 3585
3397 2732
1923 2574
2562 2467
3298 882
910 343
2123 3206
828 3478
3915 1104
1022 1687
2113 468
828 1005
493 651
449 1811
3314 1920
1565 3249
295 347
1575 3768
3137 46
2377 2930
3191 2624
2121 810
1050 1750
1776 385
2257 2806
2826 1611
828 3399
828 2561
1742 2074
828 462
2065 3411
2343 2669
904 1436
356 2243
2449 162
828 930
1725 2188
209 3390
1900 1829
410 551
2141 1463
3336 938
768 3601
828 105
1358 2831
1750 424
2001 98
764 1333
828 3183
2545 2081
3398 1481
263 3970
828 3297
2816 2203
2802 740
1993 1600
221 1680
199 2470
2029 350
2608 1218
2033 1668
2806 345
3020 1492
718 2810
828 2163
828 3257
1830 1235
828 609
1421 3180
828 1638
3474 1564
3056 899
2500 1124
3952 859
3842 815
884 1438
2647 194
828 207
828 1828
432 1083
828 103
1958 2337
3497 440
3521 2039
828 3760
3014 541
1184 3052
828 149
2319 387
828 1085
766 2124
828 376
3935 3808
2457 1241
889 2173
828 2491
828 3080
828 3004
2079 795
115 2642
3145 2575
1446 727
673 886
828 676
828 553
626 3207
2117 3395
1235 1257
3807 731
1199 1704
828 2711
1225 389
828 301
1816 1269
828 2579
1220 3836
3919 2862
3588 2736
1006 1246
2591 584
3718 1239
3603 1519
1946 3500
828 1097
855 1804
828 2921
828 1613
1866 71
3360 1140
3364 2903
3194 3035
3358 2118
614 994
828 3780
3515 1818
2054 123
828 1570
828 1359
3179 3388
418 751
206 808
3645 138
3339 2131
828 2536
861 2972
1159 2184
229 3179
2961 3315
3786 803
3885 2023
2199 1224
1320 2499
1876 311
1336 1356
1270 232
2711 2263
828 3825
1735 2341
3909 259
92 3226
828 24
1608 233
828 3493
1155 2492
828 1208
491 1197
2490 2770
828 2155
828 3012
828 729
732 2767
2509 3612
2514 2275
1355 2099
828 2515
828 2868
828 2676
373 933
828 3782
828 3353
2786 1090
71 2594
3 1432
1723 3189
3841 139
1291 407
2745 2009
254 599
2002 157
1588 2462
576 1196
2989 879
460 3242
1458 47
2318 67
2378 1753
2861 489
1539 2571
692 2068
969 282
3965 724
828 2727
2425 195
2648 3941
1963 3140
3528 268
828 588
1812 342
3080 1391
2948 1565
3778 1569
1902 3459
3030 986
2367 1364
828 2979
1391 408
730 1607
2865 2664
2707 490
466 525
2091 3758
699 2125
828 847
1792 3336
153 604
3480 1736
828 2016
502 3088
237 1101
2817 1512
3270 3675
3472 1955
828 2947
3178 3712
3836 395
828 260
1005 422
2039 2772
2710 1194
262 2417
2048 3732
3498 293
828 106
828 1387
828 759
117 466
1175 1229
396 648
2175 3416
3405 3460
828 3466
828 92
1069 1711
603 202
1596 1299
828 476
828 3842
383 1666
887 3592
1080 2111
3851 2825
3633 722
2922 2910
3828 1689
822 1514
2281 3955
2719 2516
1938 1835
999 375
828 1204
3266 771
3888 868
1864 3221
2683 2181
3082 2262
828 598
828 3398
828 585
1904 3097
2636 3750
2096 1079
828 3420
512 288
2347 2217
828 665
1113 1475
2333 2395
2159 2013
828 3629
3990 1893
2385 2281
2110 1741
3626 1923
992 1990
337 3697
3923 718
2885 59
828 1024
970 2654
2014 3379
828 15
1712 2763
1240 3469
327 135
581 84
3221 1293
2716 460
828 2238
828 3588
2238 3776
828 1392
1649 1396
1046 2299
717 1288
3392 905
2131 3683
828 2010
3566 2980
3963 3341
2893 1053
454 869
2328 432
2901 1808
2003 2097
133 3801
2675 2026
828 964
1579 3386
2441 1062
2898 3627
2190 2734
1726 209
752 503
3322 1970
828 2563
417 1160
2031 2211
3477 2444
1720 94
3936 594
55 849
1209 2476
828 3139
2993 3898
3989 61
3673 108
828 2058
1624 3330
3926 1496
828 1266
1951 2688
1538 3888
2464 2841
2427 3294
1873 1252
828 21
3891 1518
828 1968
2692 2908
1198 3707
828 500
162 3392
828 1074
3927 2187
2774 3880
621 998
2674 2879
828 2981
828 2864
825 1841
2496 1732
3337 764
828 1283
3608 1617
2580 555
2265 1559
1210 14
3057 1837
828 559
176 283
2034 962
2762 426
2797 2597
1586 2278
2324 2999
1915 3835
125 2821
1359 2565
3054 2720
3464 212
1751 1037
3382 990
2111 3667
2874 975
2689 2591
3506 2916
2340 1576
197 3676
3564 2119
2408 1187
1922 3286
3316 2672
3856 1060
3163 2375
1613 3047
3174 2891
399 1647
828 3327
3107 3711
828 1658
828 3110
828 398
1098 3343
1077 294
2174 2459
828 1126
1868 670
2466 2746
343 1629
2556 2171
428 2047
828 3216
3375 1601
1928 3407
1847 181
414 2239
1679 3059
1223 1142
3636 420
2362 3377
2994 2768
1926 2451
828 1421
3192 2918
828 1604
2587 3950
615 28
1297 2752
2270 596
828 1165
828 281
3775 3826
2804 1486
2955 1251
981 3990
1408 614
828 1898
1857 540
677 2468
3482 2145
3996 1839
828 2863
2720 2362
1696 1069
509 3953
2978 3248
1899 1483
1252 508
1932 1284
2089 381
1471 3734
390 3470
828 978
2246 2365
2768 1532
3171 1146
828 2564
3670 3689
828 2085
1803 75
1969 143
828 3917
3929 1158
2620 252
828 1401
709 310
828 799
2971 3885
257 2277
3898 1820
828 309
49 2834
828 3285
828 2867
2180 2114
1039 330
828 187
1197 3849
2505 2938
3579 3072
1663 1332
828 89
828 509
3220 3928
3003 3171
828 946
2038 1933
952 969
3458 3403
1752 1064
2480 2208
828 769
828 76
828 2791
828 3078
3123 2974
3315 2837
3578 829
828 802
473 2104
828 161
366 2052
3386 2077
224 3000
2789 3451
2188 947
1797 3255
2075 119
538 3084
140 2273
828 865
828 987
669 639
828 166
3939 1581
3803 669
828 1802
3115 2397
2161 1497
89 2037
158 1
828 2270
3709 1891
2829 569
828 1708
2854 1773
2916 2447
135 550
1440 2308
3824 2820
2434 3925
273 3767
2519 1389
1012 2885
2912 679
632 473
3855 2996
3196 3952
3712 1139
2967 3665
3887 1888
567 1345
1503 3541
828 1950
2611 760
1917 2645
1761 2764
828 3811
195 712
828 783
2070 1912
1462 3444
2520 658
52 2141
9 1675
828 3380
1392 644
860 3694
240 3352
2491 33
3686 857
1081 1895
828 1608
2472 3678
2489 3077
67 1625
3727 2803
1060 2853
828 2291
3721 766
1855 549
3002 413
3436 1627
827 1702
583 3731
3175 2855
755 1230
1616 158
979 2975
3672 3010
81 414
828 3743
2571 3997
924 855
828 1784
350 826
405 1323
513 1799
898 1352
2759 302
3751 3756
3120 298
828 1385
1829 2001
415 474
1013 3087
1380 1217
398 2431
1076 3109
1478 2505
2307 608
828 918
1669 2364
828 941
1168 1491
3783 4
1994 2095
2812 1018
2775 1842
828 3737
2458 365
2183 3418
618 1467
3059 1851
2283 2317
1295 3033
828 2154
890 3250
828 3246
1654 2643
1298 3918
900 2877
3389 3935
150 3170
1099 1228
2909 2156
828 3839
3158 2087
807 1320
828 904
828 1503
1665 69
3839 1442
1433 3812
1618 3652
3066 2722
2470 151
2268 2322
1430 3879
828 393
1858 1368
634 3421
828 2989
1824 1253
828 911
304 253
2276 1494
828 807
1796 3581
3084 2617
828 160
3738 470
828 3430
624 2354
1422 1382
2835 3623
828 709
2241 3015
380 832
828 1710
3304 1801
2833 1707
588 70
2435 3079
3380 1511
3325 627
2515 3364
1606 1944
828 405
3091 3863
2187 819
3682 2044
2332 701
2269 3937
2459 3019
2619 366
3765 1870
962 1510
828 221
828 1031
1674 1965
2559 618
2486 2587
828 192
828 3538
830 1290
828 2445
1294 3534
3161 423
1222 1343
3072 939
3450 1932
1104 2883
2399 1025
2889 2798
1842 554
306 2210
828 1760
1071 3738
1 316
2322 992
3660 738
747 336
2056 1210
2651 1349
3627 3130
1682 3287
1702 2817
1846 2866
638 3606
3784 2753
883 3049
3813 995
3536 3729
2886 2917
1042 217
3522 429
1211 1011
2380 1371
3387 1429
3400 887
2970 2471
24 2861
1907 2577
851 697
828 3490
828 512
276 451
828 263
33 2150
828 982
3079 3101
1121 2223
2996 655
828 3543
828 362
241 3355
3043 2683
828 2922
1109 2748
3369 3316
2896 1850
1499 3979
3488 2710
3028 1737
1009 2802
2405 552
3306 3892
3861 1425
1623 622
828 2271
2323 2519
2468 1029
658 1409
828 2703
2722 1056
42 1865
3396 2230
2504 1816
2499 3456
800 1164
828 1430
2156 2875
828 1819
2363 380
3902 2665
2537 3031
1203 3125
1313 626
1837 1357
3674 2178
347 3792
3097 2130
3904 2509
790 247
828 99
1749 78
2358 1810
828 3929
1763 3137
3381 2498
1451 1406
3837 922
3503 361
828 3193
3556 1615
2558 920
551 3029
3406 3383
2958 2593
828 3856
828 2157
676 1900
1383 1271
828 3338
3771 842
3597 587
1839 3656
1453 532
1365 183
2984 675
318 3001
642 2824
227 688
2947 2789
828 3673
3288 1880
918 3670
219 853
1774 3481
828 3804
3444 640
1782 976
3863 1919
2370 789
3187 2007
3428 3332
1633 867
3681 2553
945 763
1862 2804
3026 3401
2090 3742
1999 958
307 568
828 3210
3794 148
2936 190
3559 2072
3063 3461
2621 3155
2481 3325
1784 2402
1417 2266
2286 186
600 590
2933 3149
3348 2036
2761 2086
3236 88
1874 147
246 243
1982 3241
118 1631
828 1857
277 3244
57 2342
1231 1652
828 1132
2543 3547
2718 3580
828 229
2712 2698
104 668
3426 1913
3307 3755
665 895
2736 3063
828 3744
903 3690
3074 3119
828 2428
828 3878
2354 251
3810 522
2790 3920
881 1877
828 1838
828 3973
1661 529
1690 2881
2266 3311
828 2046
2573 1003
344 2805
3254 745
828 2602
1765 370
2629 2809
828 615
828 624
3599 3075
2012 884
828 3438
828 1057
828 1536
2122 295
2721 155
2598 346
439 3201
828 2189
3649 1836
7 360
77 1995
3638 3911
2986 2176
3512 1544
443 2618
3165 1034
2058 3472
828 2260
2853 2606
828 2836
828 1190
105 403
828 1833
828 1563
2452 3563
828 213
2666 1423
954 1665
3040 906
3744 3264
2907 2551
1244 3117
1372 1219
1601 3564
3032 2041
1971 231
828 1465
3992 2225
3437 514
2793 1910
828 3561
1296 1010
1402 3709
2709 680
828 2361
1193 2936
1414 3897
637 560
323 1659
2337 1740
1569 3458
2959 2328
837 2388
3956 1790
1997 822
712 3877
1464 1775
1738 520
1290 926
430 3559
1319 3027
2990 3211
436 3818
610 1336
1889 673
1599 3100
2164 191
358 1858
290 3507
653 1379
828 3527
1984 230
781 2555
828 1186
828 3713
773 3795
929 3496
2450 527
834 848
2260 2567
3279 1309
2047 3045
1200 2569
828 2018
725 1924
785 3061
3532 1449
3555 3266
1420 1633
3549 3280
953 463
3772 2872
1094 2357
2859 811
1498 566
562 1672
3871 2691
828 118
828 1983
828 3090
828 2289
2521 809
3582 378
3763 3099
828 1651
1162 3375
828 2550
2389 2324
100 989
3829 344
523 2944
1312 244
1884 1287
1334 3829
2040 3308
3292 954
828 1906
346 296
2744 363
2623 329
828 3806
2327 1793
828 3933
927 1191
1819 558
828 1827
3499 1660
679 1683
828 472
3571 2559
3982 1116
843 2552
828 2481
1101 1814
3685 3501
2799 1713
2202 619
2756 3884
1363 1614
1133 3484
828 261
828 1000
828 793
445 484
1728 452
2823 2890
534 2523
2824 3148
79 2511
2550 3838
2414 2345
828 1112
3340 3784
1603 1586
3937 35
2446 3441
13 2373
233 1435
3435 3467
3038 1247
3997 752
3217 3487
3694 3011
407 1398
3819 3508
362 303
828 1110
2198 313
3162 410
1511 3313
1800 2948
828 314
180 2249
746 571
1595 581
828 1980
828 3995
828 681
401 446
721 693
3650 3476
459 1381
3618 1170
828 3532
1640 237
2631 3009
3873 1999
1153 100
3875 2880
517 3381
3843 368
2469 3546
2235 60
3317 3960
1724 453
1537 2961
2703 3034
3754 845
2517 940
828 1635
724 971
2801 967
1894 2422
3644 984
3585 1626
2463 749
2870 3018
3954 2757
3047 1059
1218 367
3062 515
828 3123
2035 2616
3046 858
3247 3710
2769 3146
1135 652
828 2985
1914 2652
828 737
960 2038
828 3573
3268 877
1428 3002
828 3236
828 384
3675 589
3100 633
3027 3065
2654 1118
3183 3736
1896 2678
2753 3807
2979 2435
1321 3779
2118 2180
828 1403
3341 2558
828 776
1809 2102
3715 2716
828 1602
3212 1847
421 1516
3527 2699
1789 2307
828 2595
2249 1358
828 3361
828 2895
828 353
1747 1380
828 1717
828 3971
828 430
202 2379
3004 3545
828 2893
828 3450
2250 3337
828 222
2259 1301
1736 1310
620 1149
2384 1632
1353 1590
828 1748
828 2729
1025 1545
3605 1727
2155 3622
828 3607
666 885
1901 2786
2533 3334
3526 531
1794 3664
2461 3749
2733 1455
3208 3039
689 2040
2974 1473
3535 3887
1400 951
1549 1444
828 2094
2403 81
828 3510
1529 586
1506 3362
2364 1114
828 3530
476 1751
631 817
1568 636
1740 3021
214 2441
1217 3593
3071 372
220 3497
3249 1087
3676 511
828 3754
3770 3428
828 2586
1067 25
828 1238
434 797
3176 379
3704 3703
411 1892
1059 3717
2309 1265
3234 3604
1111 1557
146 2712
1731 250
1219 3789
828 3866
3278 1141
1543 3730
828 325
3478 1137
828 1889
974 562
1580 2876
907 1883
708 267
828 2769
3144 3113
1974 223
1258 3354
3750 3525
1540 3116
2599 2391
2590 2413
340 1558
1386 2313
3327 519
2051 126
2085 3537
515 2878
821 3427
2935 3184
175 1606
218 774
828 1779
828 355
2133 1154
3544 2159
553 3178
1700 1106
1706 1233
625 3147
113 2726
3745 2792
828 3473
1881 630
2930 3324
828 1443
3792 2704
828 270
3914 1966
2927 580
3658 2088
3710 3489
828 80
2372 2532
1160 3628
3717 1937
828 2424
3042 1400
1027 216
2046 1424
828 2646
2487 1641
3291 1785
1351 3554
606 1694
3094 3306
70 171
1972 3219
3897 2329
2225 2126
345 1951
3013 1725
2607 2396
1078 909
828 1461
1322 2507
2223 2381
1578 3982
3347 3658
2462 1935
1293 2549
66 1372
2727 2733
1883 1361
1269 262
3128 3977
1528 3069
828 154
1445 3485
1745 2524
2588 1596
1577 2540
3665 3176
3823 741
828 1212
828 30
828 3435
184 3389
2837 1482
1493 3516
2184 892
1272 943
2738 491
2843 1669
3372 2545
3447 1769
3666 214
1341 2933
1962 173
2767 56
828 354
828 2584
828 910
919 683
2440 1103
1990 255
2879 1973
1678 1367
916 1291
828 1404
510 1692
3083 1994
1684 3083
2080 3154
151 493
828 2931
2668 1894
1551 1420
795 3454
3366 3924
3714 2115
828 2034
828 3681
664 64
3019 1096
3168 165
828 578
3475 2165
2903 1703
656 1957
867 3370
3411 2049
1016 1650
1411 3640
2838 184
482 2750
3294 3344
2310 1231
3152 2245
2544 1272
91 2926
142 645
469 3091
828 297
844 2031
828 3494
2495 825
891 3603
1806 1553
2381 3492
530 637
2862 3475
940 666
828 455
2624 274
3551 3985
2284 1930
2732 2925
828 3319
1329 1709
1605 1013
828 2965
132 1327
3796 3706
124 307
1890 2033
3423 12
1879 324
714 1599
3117 903
3009 1163
2312 2490
742 1795
3233 3030
200 41
828 2056
1744 1330
828 1407
2662 464
2680 734
2311 3276
352 164
803 1411
897 2700
171 359
3862 3529
828 2843
1442 2946
2060 428
27 486
2376 1100
1248 1046
243 2832
367 1226
3624 2991
828 2064
423 334
1072 3166
179 944
2939 3013
704 2833
3309 1899
3155 308
2724 3886
32 1812
1553 3102
2928 2794
2746 533
824 1500
3577 2144
2983 2830
828 3968
1741 26
685 3443
964 2167
1434 3945
828 3981
2208 2911
2532 1720
552 351
1955 3028
2076 2783
2107 890
828 2504
3548 1787
2956 2385
828 1493
3448 2709
1594 86
2049 2622
3742 3693
95 3692
320 3387
1629 641
3343 1472
1786 3565
319 1019
828 1738
2398 1028
215 145
828 1168
598 1326
926 2186
1704 2359
183 3999
3257 112
3543 3254
2445 3363
828 565
2078 3616
2694 1982
1614 2374
2098 1177
3517 2371
1194 3468
1070 1978
815 1830
828 862
134 3067
828 3611
895 2401
1253 2224
1965 1133
3505 1681
832 3412
566 2321
3354 955
1362 2673
2791 2219
828 2344
1710 3778
14 880
828 175
3540 1195
1523 1731
2019 1202
2479 3724
722 775
828 2780
1053 2952
1275 1915
1489 1939
2642 705
828 1447
1241 2604
711 2244
3344 3414
828 2206
3064 1317
828 2774
2526 1524
902 2835
1494 2303
828 62
2000 3893
828 733
1145 2954
2456 3272
3530 2899
2553 3526
828 2932
1852 2398
2338 3987
765 1088
2195 2153
2917 1452
2295 2143
144 1628
1821 3902
875 1977
1673 537
1356 2261
2294 977
2228 1752
1449 1743
828 1035
828 2738
793 3642
1307 3093
805 3220
1501 3781
3150 2011
3122 1578
48 1954
828 3262
2731 3923
312 1148
486 2408
2734 597
828 1540
3105 631
2563 2475
828 3177
3490 3423
828 635
909 1209
828 843
828 3587
828 1871
3510 2795
3867 1276
1920 647
668 1061
828 2668
2252 3081
828 3042
828 3832
2431 1716
1480 3014
3493 3794
828 1300
3460 2637
828 796
3373 2787
828 3777
1591 2082
2430 3203
269 3318
759 496
3169 2426
3491 2053
3300 3984
1692 674
353 168
828 1377
1941 3906
828 2959
828 74
3853 2851
828 1547
828 136
2957 1636
921 2479
2100 402
225 3038
3730 2715
1100 739
505 193
1583 3685
828 2527
934 3405
109 3445
3492 58
213 2904
828 2937
1463 1405
828 111
3827 2871
2981 13
3846 1698
828 1676
828 2631
2919 3830
779 3733
1630 934
1893 442
480 2603
1925 3393
788 3202
796 409
873 1699
3713 1415
829 2232
775 1328
828 1583
164 3372
2421 3901
2410 1809
2676 1314
3720 2279
828 113
1152 2541
828 1525
1112 3524
3628 2894
2574 1410
828 3397
3231 1041
1366 285
3749 1972
2644 2765
828 1084
2289 671
959 1733
828 3708
465 3951
1474 3668
462 1469
3854 3943
1510 3396
828 662
2401 3096
3922 1306
2622 1201
798 323
622 2827
828 3721
828 1571
828 2251
3324 2741
680 1370
2108 1588
1368 2136
2844 3265
2516 2234
670 1879
2671 3720
828 1394
828 273
3780 2739
577 898
828 3032
141 1777
3275 1264
1638 2387
828 1136
3253 1859
2530 557
371 2093
2600 2146
828 2966
975 2448
2747 1542
1691 130
2640 1042
1536 3558
2196 2048
211 866
1481 392
828 338
412 2737
53 3394
828 3820
828 3815
2840 3218
828 1390
2476 1479
2176 2522
616 3746
828 1794
470 369
841 2940
3110 358
2565 2220
3652 2191
463 908
951 1715
723 2986
1436 1797
3976 2292
3664 1098
1205 3082
3511 871
2604 2254
2346 2920
166 3238
828 2024
828 1008
828 2051
575 2487
1659 36
1375 2856
3473 3936
984 38
828 2079
828 3552
2200 3813
259 3274
2390 1562
828 256
828 3304
2013 3857
828 2229
2357 1592
239 2267
3859 2667
2522 3619
2609 2647
2512 477
3446 1762
950 3094
1475 459
2057 3480
1648 2845
1455 2282
1552 7
2211 427
828 3577
2551 3972
2478 178
516 3275
3974 1199
594 3024
828 723
2905 3269
3319 814
1125 3771
2139 240
828 3921
293 3851
3103 2701
1173 1560
391 1697
1369 952
3494 3790
739 1206
1439 318
3979 2028
1905 3913
828 172
261 983
828 2301
828 3122
3889 2290
1034 2482
828 2717
45 2012
1483 3860
2473 198
2348 3358
1303 2069
2863 1878
663 1622
3282 3128
695 3831
2737 3828
565 2352
355 974
828 40
828 2670
3258 684
2382 305
31 2589
1954 2127
2566 526
427 3283
828 43
762 997
192 3590
1132 104
447 2421
3507 3112
498 3471
1841 3576
1653 612
2149 736
3558 824
828 521
1861 1286
1247 919
846 3092
3787 1587
1142 965
828 3523
828 3367
2739 1533
518 3882
1342 3978
828 2533
3896 1508
2488 2331
2723 3684
2064 2610
3073 1128
2227 790
1129 2811
3131 1594
828 433
1416 2626
1116 483
828 1766
2304 2892
968 3909
828 2839
2326 2755
435 2914
1124 1296
3076 418
1014 3862
720 1749
1602 1315
2962 2725
828 371
1166 3314
3108 258
828 306
706 2035
2882 1646
828 2644
2597 2887
1609 3168
828 864
3186 3821
1163 3187
2569 3723
1892 1487
3146 107
2436 3889
3759 2185
1644 2681
828 1484
2606 129
828 3582
2630 3463
3600 3934
2594 3824
627 942
1305 2449
3705 3834
828 1747
2285 2346
828 3518
828 873
674 3351
2778 3751
1651 3017
1337 1856
1024 643
828 3292
1576 2530
3773 1445
1385 2084
1802 3544
3189 284
2618 1075
1919 3663
193 755
3390 2982
828 1080
3404 3657
127 3726
1003 3299
2988 3865
1404 502
3879 3575
985 2898
2535 2886
828 125
3814 2195
2952 349
3621 2369
828 2360
3616 2653
3284 2621
2858 605
3153 2873
294 488
403 2464
2757 3169
3271 2343
3335 1765
852 1051
1699 1363
3850 1985
265 3584
828 2237
1677 2221
605 2581
3632 1071
989 836
3795 3408
828 1840
496 1609
828 2065
3469 564
828 2209
828 2356
1998 1730
828 115
828 2109
1505 2493
10 2300
1148 1263
450 2500
966 3233
828 1585
156 1033
828 2175
828 3455
107 242
828 3631
1136 3199
2356 2724
1785 1568
828 3965
828 678
2102 1460
1944 2751
1562 2578
3804 2325
541 3208
792 3135
3797 888
828 96
2277 1987
3297 3503
2685 1348
3924 3840
1435 1002
1871 1304
1382 2355
772 2943
646 3904
3755 923
828 478
2429 1027
1243 642
1268 3864
828 1216
828 805
528 2531
828 238
3998 874
1085 603
828 844
828 2815
3598 2686
3634 1887
2867 2252
828 2199
828 2116
828 2055
937 3519
769 3638
3409 437
3793 97
2965 3307
1757 235
3251 1774
644 1661
1703 2655
828 985
1395 621
2552 289
1533 17
1212 2502
828 2098
490 2380
1304 696
1456 3511
3957 1806
828 1462
828 1556
3607 3175
2696 1076
477 2006
3880 3594
774 2818
3994 1279
3025 2572
1707 2556
828 2370
828 1800
3609 616
623 574
828 591
1284 3672
1743 1175
828 2934
3838 1258
458 3765
757 1225
828 1958
828 2838
3281 179
1888 2813
2393 2534
928 3536
2204 3881
1031 481
3363 1746
3728 692
2004 110
2194 1546
3005 1605
828 1244
3098 1653
828 2782
1049 348
3133 1119
2191 1023
828 3108
2836 3798
3756 2779
2743 3961
152 1925
2613 1791
1425 3549
1004 1044
1288 2194
3111 10
2352 2272
2536 3214
2839 2174
2915 3322
1485 374
231 1280
828 536
1856 2193
1119 2496
1572 1495
3368 932
1604 1102
828 3133
2010 3859
2222 1934
3222 1488
3308 1316
1813 2543
47 1561
1760 2204
828 3209
715 495
1262 2437
713 3591
2353 140
2908 2416
1913 2521
1933 3256
3981 835
1074 1756
3067 3716
3646 2708
828 266
880 3350
3495 1418
74 928
828 1017
3198 3486
242 2846
3798 2393
1114 602
3060 3442
2103 1188
3586 3070
2760 3164
2937 292
3918 3699
828 2690
3985 3844
1607 513
2527 523
3946 1095
1818 1393
468 2582
2659 2288
2095 159
1519 326
828 3504
828 3910
1620 441
2582 3805
223 2315
828 2122
1266 2901
3024 1714
1048 2660
2894 1174
3114 1273
3518 991
828 695
2280 3095
828 2529
3320 791
3338 3843
1066 3691
1828 3162
3125 1414
3978 3646
828 3409
3267 2092
1970 364
3367 2517
743 1984
3677 3962
3430 1350
2951 2819
2794 2242
3356 2108
1940 226
828 3384
828 2662
3725 3150
2055 1049
828 3212
3958 2280
828 2924
3611 3599
828 2030
160 2389
68 1138
1424 2139
901 1719
2664 1329
2383 1499
828 2590
1502 2246
2240 672
2999 804
828 447
2752 1055
828 1213
828 715
876 1854
497 1260
2086 2653
2040 3640
1757 2781
1489 3277
3094 1418
2990 2926
2225 2906
410 182
761 2273
1457 1557
725 492
389 101
2014 375
2395 691
44 2998
2251 3061
3252 1869
1991 3595
962 3263
794 2104
3152 3138
660 3746
1731 2725
618 228
1167 1064
2837 3445
109 1075
126 1348
3130 760
2127 3200
2539 1531
3766 1849
2300 330
2043 870
28 3583
581 1343
1377 655
3897 2513
3135 3613
3027 888
3146 1522
716 1230
757 101
2596 3037
3100 3595
2208 3330
927 1488
1314 839
3900 3035
2242 1466
3944 212
3985 1544
2570 3370
2781 3476
3782 3393
1454 3818
382 2831
2897 1396
3984 2306
2853 204
911 1328
2706 697
3654 3142
2824 917
1809 3766
597 3241
2582 503
1994 2239
970 190
1084 2231
1230 1814
1145 3295
481 3468
1987 3893
3257 250
2421 85
3461 556
3746 3181
2543 3476
1620 3232
3877 1978
3374 1666
795 2297
3419 402
3607 2828
706 3602
3106 1431
123 3648
3602 1787
1862 3095
3322 2203
3965 3070
2280 1271
3175 2828
2997 572
1956 876
1566 1123
1428 165
624 102
2817 726
1146 2017
1287 675
489 905
619 3001
2217 2975
2796 1374
2321 1117
655 1115
1677 1174
2516 2960
1632 1088
1601 3031
2935 1945
649 3845
3391 2493
3614 3860
252 2748
3623 431
1374 2601
1062 810
3211 2926
1914 1328
406 365
3594 3789
3887 3925
3282 2143
1846 2977
1434 1832
3422 1299
3119 1961
80 2130
3457 38
3436 571
587 3283
2462 2950
2327 1612
2918 995
1981 1299
430 3235
2712 72
3214 1817
3798 3118
2527 1143
7 1276
3510 3592
2599 2715
1028 129
3739 819
3309 1010
3245 2447
3013 535
1518 1413
2154 2773
3384 1271
2110 1279
446 3641
1649 2297
866 3148
3297 2506
3928 420
601 660
3052 2781
2378 3230
2326 3892
400 1641
64 791
1067 3895
3216 1945
651 3834
2519 1239
1000 3201
2103 3539
1155 3741
1784 50
2415 963
1762 2653
622 1088
1689 1550
3991 286
2685 1995
2675 1189
2182 1396
3521 3050
2246 446
488 2884
2984 446
1648 599
53 2755
2229 2920
975 2125
704 3502
46 2168
423 1600
1545 1378
292 247
682 2725
1456 2810
519 2165
2579 2392
2825 370
2840 1087
1364 1820
3159 751
2431 813
1037 1487
3131 331
3430 568
3446 2653
631 274
728 3986
110 1817
1747 3943
1090 264
2257 3166
3776 3651
2802 1849
3839 3860
2740 2892
1436 3719
100 1937
2707 1935
776 1230
3183 2660
1376 3197
1597 3801
3197 1832
81 1023
3720 3734
2235 236
3719 1798
2325 1206
3120 2186
1136 2695
1990 210
1685 920
1391 2278
1708 2742
1797 3719
2905 525
3715 3240
2975 339
2069 1697
2357 751
3295 1174
1324 283
39 1316
3888 1011
838 2493
1767 2771
1667 2146
422 2787
460 3240
1053 2628
692 3630
1818 1020
2895 2655
690 3943
2779 1176
1016 1544
1215 1681
1549 3615
3634 2278
913 86
3947 1615
2097 1956
2432 2028
1381 3905
3456 3800
3126 3719
1499 1508
14 3938
117 3346
1781 3102
3659 2809
3591 1352
1687 1615
437 2460
785 3113
2915 2203
3184 1945
3187 2303
1096 1625
2749 3723
2908 947
1460 3766
3018 3563
2996 1115
1163 2303
3518 3619
2129 85
667 3113
1461 608
3403 1107
1008 2032
335 3200
2988 2880
2083 1943
1852 129
891 1687
699 3614
3899 545
1094 751
3682 2371
3316 3065
1872 1916
1411 3589
1519 1687
2087 87
255 210
1529 2217
2925 3245
3519 511
1106 1230
11 1460
3851 370
2694 2991
1034 2315
1104 2369
636 3303
3514 341
3829 633
1734 1753
316 3808
1690 1299
3599 619
684 2045
415 2087
998 342
712 1978
2754 35
584 2197
2422 2136
3545 1371
719 1335
1159 1956
2904 3613
2589 3788
1657 2032
2338 3908
778 608
3949 1178
1795 2201
3342 3197
2165 2474
673 3035
1235 1389
2284 3018
131 1316
1310 2601
1118 190
875 1545
2696 2273
2348 1325
3651 3529
2464 710
705 3604
2600 1554
1582 190
922 3934
3075 619
973 3781
542 456
1409 3394
1783 2975
189 2275
1918 1096
806 1087
2532 1479
3024 316
390 3256
1206 3691
418 1260
630 3553
564 2554
3267 400
3404 3427
949 3277
1841 749
1148 1632
2490 255
1998 1845
745 87
831 78
3606 302
3502 1666
1416 1393
93 2704
92 3706
3031 2298
3340 1709
3941 2681
1890 2082
1626 3077
3736 2660
40 11
1717 370
2963 1947
3691 683
2751 402
1040 22
3997 2088
1212 1628
1289 2715
3371 35
576 8
3354 1490
605 3724
1154 2053
816 1271
3476 2554
1342 2392
2674 2749
588 2374
2335 1286
1538 1011
2440 3357
2748 813
87 84
2844 3429
3025 3149
2240 3352
1607 282
2139 2420
2886 602
666 1548
862 2119
3164 920
2813 3925
1290 719
3748 1515
549 2153
3080 2278
2252 1664
1128 3877
3709 3857
1526 2741
1301 1426
2485 1807
3905 1472
2554 2375
1720 1479
1341 2244
3860 1010
2136 2073
1575 1332
1567 2813
676 3391
3235 2695
2032 3669
869 655
3946 2087
3532 1512
2836 3118
2654 190
428 3735
2207 990
1353 3830
688 2691
3386 93
1621 2877
2823 1180
2230 3263
946 1639
31 3788
1517 2661
1243 917
3096 3695
3107 651
136 268
3068 339
999 3077
3837 3934
3352 2420
1879 1681
463 506
2687 839
144 3557
3060 2750
3467 963
367 2011
1867 3639
2593 3940
567 525
863 3413
1056 444
896 1010
1905 1161
1951 3166
1826 131
3141 524
972 236
923 442
177 2771
2218 3913
2518 888
1653 1737
2461 3726
758 3614
3045 3735
3834 2027
2506 1664
1909 2006
2971 50
3190 973
1223 1096
3320 2128
2163 2059
207 2661
750 1087
2880 424
101 416
2359 41
3678 128
2546 2891
95 3818
3562 571
1322 1985
3971 3016
2333 691
2553 1044
1968 716
2405 2467
3685 2371
2776 3826
3020 1612
657 3106
2237 1961
2315 2217
560 1931
1791 2186
49 1939
263 369
1419 85
3626 2077
2119 3031
2700 2771
1789 1444
2681 232
3389 1581
3227 3362
38 2687
2471 1515
3153 1410
3658 123
3191 3229
898 568
593 2062
2349 3808
2602 3766
2565 2317
469 1429
3578 3422
3611 619
924 3525
3950 145
2076 2848
1059 1714
580 1957
2346 2292
3387 1835
1236 3302
2815 2975
3139 3900
3684 842
3789 2645
3831 986
318 2822
3388 3662
242 1522
3442 2750
3180 3734
3010 3647
2312 255
3600 580
1585 511
3728 3630
320 1835
1684 2239
3362 3818
2818 1161
1305 2560
1469 1239
2835 431
522 1090
2497 3362
3074 1961
3755 442
1103 3357
2266 247
3166 3287
1007 3422
2292 3805
2730 1845
2418 3942
1365 286
579 3010
3378 870
500 3350
2200 1051
2372 1479
2186 719
3791 2036
1036 2218
2826 86
2810 3655
3098 1737
3503 2506
873 2872
2084 444
2339 1398
3929 3481
2233 2524
3044 1929
2569 1371
2337 1850
1691 761
364 2203
24 905
735 1011
3225 1438
1729 1939
1263 1632
1226 2011
1766 3269
2414 3106
297 56
1286 2261
3808 1581
2226 2218
1652 3900
261 283
2050 3651
1153 1937
2635 3648
3738 3261
687 3830
2911 3330
1800 457
3669 2848
3125 2513
337 3746
3967 2028
3240 2698
1231 3900
2755 3892
2612 3707
2828 1306
3787 2688
175 402
2384 1088
298 2186
1681 1848
3779 2998
2591 2197
2683 302
1240 2554
3609 3181
260 1912
1354 1251
963 186
212 1791
713 1352
2068 3630
1739 38
2268 210
3769 580
3695 2130
416 3061
1435 1557
1294 1957
2638 3274
2354 102
2241 3508
1859 2547
350 1007
1361 2027
3035 1180
640 1317
2989 78
2479 1157
931 3102
3067 3383
3828 1550
3764 3975
1345 525
1165 123
3429 335
283 1843
2509 1773
3350 3938
1004 3944
2474 2982
1378 5
2566 321
2727 2171
2561 1062
2884 2442
904 3719
3323 3462
3392 2560
1019 381
1259 3892
840 2330
2667 94
3675 1911
272 604
1441 1848
822 786
1194 59
2653 3201
3874 870
1151 655
3729 2316
3737 5
2260 818
2791 1848
1211 2679
3972 2005
2433 955
2931 3229
1260 3895
2176 97
1776 2615
1340 557
993 369
3471 3693
571 1120
602 2766
3701 810
66 2645
2642 3604
3773 1909
3479 315
108 3553
936 315
2878 1286
960 1056
1843 582
3280 690
1880 1567
1694 37
1300 3142
2977 431
3974 41
2640 212
2362 2754
1408 3529
517 1769
1170 2453
1111 1947
3867 2125
825 749
3361 2848
727 2173
1868 1681
1485 1108
271 3583
2695 3427
732 451
1395 342
3605 3121
1312 1228
3663 1429
2082 1413
726 2011
2523 3269
3856 204
1024 2313
2848 652
74 2316
3383 608
462 1239
1423 5
3192 995
2025 652
980 3069
730 282
2617 1694
550 1854
1124 3983
2424 3696
1794 1689
1586 3848
2856 3570
2072 3235
2849 719
2572 3149
1275 2130
1046 587
2288 819
1578 526
2914 341
254 1332
1458 2575
3136 3576
1001 122
2558 3961
1988 3651
1557 1947
3054 2754
2753 1709
2659 819
3520 2972
2480 3330
1540 1516
1490 324
1121 2539
1483 1010
748 56
3968 381
361 2506
990 1398
1187 3311
1589 129
3363 700
3222 2178
3989 2433
3843 3431
3344 324
3785 3741
51 806
3517 693
461 3095
3627 760
3761 1530
3750 893
3504 3791
3915 2369
865 2177
1486 3095
3151 3245
2614 3256
2443 98
3862 3421
582 3830
328 2375
887 3876
3292 3576
1120 3942
3884 1367
1699 2872
938 804
412 1550
512 3462
1882 842
3341 3961
1605 3696
305 1870
3251 2820
3796 3213
1750 944
3247 2846
2912 554
2799 973
2968 3860
3058 3905
2752 1348
1074 2524
1401 2547
1839 557
1049 1711
2160 2115
765 2828
3268 2540
762 2136
600 2877
3586 3237
15 702
2058 3136
1593 675
246 1452
69 3576
1031 3468
2334 963
1195 809
3221 1183
1639 128
2459 1625
1886 1115
3890 580
814 651
3650 2554
3859 94
2766 3245
1388 3035
3275 2972
3400 3876
3270 1911
286 700
3085 2506
982 1641
3412 2036
2544 3826
2809 619
1400 1643
2054 3648
603 3419
3830 1516
2548 731
3193 308
2762 198
35 1169
1280 1120
1107 3053
332 3746
3486 1865
3824 1227
1132 2275
2946 3860
1678 3276
645 2669
1780 1023
3741 1507
1679 1639
527 2433
3278 2831
2893 2628
789 2467
417 1739
3725 2105
1045 122
3886 1472
360 1276
3556 3487
1670 3037
1833 504
3441 3903
2298 41
1241 3124
2919 1516
2137 3655
894 3311
113 1457
2945 3142
3879 2296
3109 2273
3898 2104
2626 1393
2717 3429
3647 892
3339 1531
1234 3283
17 3259
1487 2231
1736 2601
1268 1530
1999 3302
3951 2305
1512 726
1185 3240
239 734
3544 2483
1714 316
2470 3834
392 645
3465 2945
916 3402
3999 286
553 3781
1733 3723
2328 3972
1050 944
3794 1237
191 3039
798 3126
1541 381
10 330
910 828
3059 1639
2105 2366
2027 381
2156 3045
266 2809
1570 122
1081 3663
3705 2027
300 2142
142 2669
2491 2679
3908 3441
2842 3950
1659 3126
3570 2809
2747 3370
2264 2214
3866 3029
3500 2976
3652 60
3783 524
1840 2687
2619 1859
2657 2809
1129 933
2262 892
2979 1767
3233 3203
3825 3077
2307 1444
513 282
3241 2991
537 2498
1316 3640
3145 3362
2953 2005
2352 1791
1942 3563
3560 3429
214 810
1015 3651
1817 365
533 416
3458 1107
2219 1848
1577 2742
3487 870
2448 2125
470 3261
1907 2945
2926 2173
2015 3724
3296 1381
2492 3741
3564 3031
1923 2077
1410 2077
3330 3299
445 131
3405 2334
3553 587
331 3018
2962 3940
3744 3557
6 22
1359 2317
1258 1490
3852 2119
225 3167
267 3612
2368 264
146 72
2811 933
26 1279
3524 2549
2351 2524
2768 908
73 1912
3076 1260
2702 3669
3952 2669
1912 702
2665 604
1825 3357
2780 1615
3660 3520
3558 1918
2486 145
1772 3852
3992 2906
1724 908
959 3723
3793 198
2611 420
3892 1418
1787 102
543 11
234 1486
2064 395
269 1170
3566 3039
3484 3913
2901 1486
2203 2050
820 1352
2609 395
717 3016
3881 2417
1695 1181
2195 2254
2982 2129
152 1793
1447 3223
98 3391
3455 3845
1935 2950
1478 2230
1375 3570
749 3845
3475 2474
3156 280
2789 1554
521 1393
1938 1795
1592 751
3472 3136
1624 3299
2452 2691
1147 3844
981 3408
604 2805
2231 2138
3092 2023
2244 804
84 1343
2386 416
3437 1810
3262 1592
2889 3041
105 710
2369 268
351 2467
3727 456
2121 3197
1824 194
2169 3351
1989 2279
3173 1753
366 1859
507 1187
3810 1090
829 3422
3210 1378
771 697
1368 2073
3409 2460
1209 3377
210 1945
3023 3037
1654 957
2371 693
694 3468
1205 892
1986 2028
3693 1257
2867 1664
2804 3095
1716 813
3194 1180
2067 572
3113 1976
3539 2062
3550 2776
3883 2884
2890 1180
1405 16
1799 282
2487 3481
3281 2044
8 483
2869 3592
3644 2687
2627 1947
63 1843
2236 1769
1393 1020
1448 2813
3849 3135
3026 1026
3287 2028
2500 3983
1804 3525
1573 1995
2413 2498
885 1548
3818 230
2450 2433
1884 675
969 2866
1646 3276
2820 1227
3230 3029
1018 2822
3579 1468
1123 604
3022 3229
326 1687
1302 2454
1043 2320
3393 1793
611 2809
1943 1788
3590 1352
1347 1641
3158 87
3916 35
3449 365
2879 2749
1220 818
1306 3520
2481 84
1931 651
2858 3724
3155 351
3321 3619
1564 2740
628 3476
3057 977
817 274
2018 1041
1870 2787
180 3147
3359 369
620 37
2089 3365
1171 1943
3418 285
2628 2825
2383 1508
2222 3330
935 2442
2713 1279
590 2877
447 85
474 2087
2948 457
638 302
1297 1348
1473 3641
1599 3595
1054 1431
1982 2991
1663 1482
3902 604
1189 920
3460 2334
1764 1431
1357 977
1092 2715
2101 3462
29 3394
1248 587
2220 2317
3232 3724
3958 1271
1521 3508
2947 1554
2991 138
107 1522
2438 3135
3236 3421
2024 286
1881 3553
1506 3818
2468 3877
199 3834
577 568
1629 828
637 1931
2742 3630
3302 3370
797 1916
3938 129
1051 3143
158 3808
864 2482
3040 1196
3401 1026
2399 1378
3377 2754
452 2317
3629 587
384 731
496 2471
3253 2547
3346 3592
2078 3201
3099 1157
3990 3408
2581 3724
1600 2063
2970 1515
2493 82
1543 2288
3337 2438
3885 50
3358 1325
3813 1051
2201 1468
3114 2708
3390 2129
1217 3943
1072 3287
1777 1641
1219 2645
2993 2104
3624 138
1412 524
1317 1810
245 2369
1164 2293
179 2044
2750 905
884 2042
2757 3864
1130 2330
285 511
3189 2982
1142 1096
2590 2498
397 3606
3121 2153
3318 1170
1745 2626
1139 3781
3957 1029
3733 866
3234 3584
2894 1739
1210 3938
1673 2498
3 2755
54 3961
2999 1357
1806 1029
2624 3229
2496 2776
1200 1371
1044 3944
3585 3077
3630 3864
1662 2976
1476 3707
3276 1636
3370 1036
3664 1689
50 2305
1572 3470
3613 1592
718 3655
753 2292
2888 2741
2046 2420
2393 3118
2278 3848
1161 23
3286 3944
3657 3427
2412 3149
94 1479
2743 3663
2909 3045
3452 1254
1807 2069
2273 1865
213 3613
984 2687
1651 1507
856 268
2843 2766
3382 1398
280 3295
714 3595
782 2069
358 2073
289 189
230 2279
2690 335
1712 839
1006 1628
3718 3010
3431 836
2670 3033
613 1487
2666 5
2877 3087
2365 446
2678 1995
115 3604
3632 3261
1711 2165
1442 3860
3299 452
284 2982
2585 2171
1168 3934
374 1108
594 316
3229 2810
2729 60
2656 1814
2967 1055
2478 3601
2616 3602
479 1934
3425 22
917 2976
3922 3520
2423 2687
3722 3791
1888 3925
1482 3445
1426 78
2693 2541
878 582
835 2114
342 2987
632 2832
572 442
3706 3213
2146 1554
3673 3553
1470 608
2190 3241
2744 1835
3334 2254
1792 804
3000 2991
3037 1251
3373 3612
1425 690
810 3197
2983 2112
70 2374
738 3520
1790 2288
1856 1953
1705 3630
257 3893
224 2991
3962 3895
3680 1189
1047 3402
1479 3377
1238 3942
293 370
2463 3845
756 599
1728 2317
3105 274
1493 138
1814 2920
3575 2296
2398 129
2397 3087
1595 1343
1497 3508
112 250
2994 908
3882 1254
2594 1227
2725 3940
2090 1257
2467 3986
889 3431
3954 3864
355 1460
1152 379
407 3402
2782 1859
2473 2741
1115 194
944 2044
2679 2197
1338 1384
1737 3136
857 2772
2575 3362
111 3197
2296 234
834 3844
1218 2011
3338 3431
2537 2298
1701 2684
819 1457
562 1460
2763 839
641 828
2563 3232
3071 2138
1026 3303
2573 452
2151 2926
2800 1206
523 1143
1534 3357
3160 3741
1112 2549
275 2186
1140 3892
2708 2392
1959 3283
2363 2036
3343 1689
2343 83
3453 3557
1523 2725
2188 535
1579 93
3416 955
3807 1709
118 2938
1169 3602
253 2891
2691 2708
3534 1957
1253 194
3049 413
227 2691
1788 2541
3445 1075
2838 1581
3034 1381
1547 2218
2375 341
2588 3138
3612 1773
654 3942
2380 1935
2060 3735
1782 3614
3822 3788
3432 330
2547 731
388 1317
2787 3612
3440 123
2174 1625
2928 1466
2472 128
3561 691
1100 3691
1553 1029
2310 3900
1836 1753
1644 232
3499 3805
1068 232
520 2142
1239 3010
3956 2288
2916 2748
3945 1832
708 3612
3628 1739
3880 3789
2476 3377
2178 1985
3778 1107
3749 3726
2711 101
548 3053
2701 693
492 3259
2125 3614
2549 1183
3172 3413
2317 3403
844 2637
3349 2081
3491 387
2404 2006
1811 1174
71 1227
2784 3830
282 2866
3731 1406
3042 1643
1910 484
3056 483
3259 1466
3319 651
1348 1995
2603 1507
22 3900
457 2772
1396 2297
925 3940
3910 3147
3687 876
3927 1457
3639 1328
3424 268
1271 913
1455 2171
398 813
1871 2329
812 1887
2445 700
3351 1062
1925 1793
2243 2044
3207 3393
2347 2975
3047 1714
3802 592
696 2329
1467 228
2436 990
1636 3619
3861 690
1005 2787
1360 72
1827 2977
3336 804
2039 3050
2122 3015
3266 697
1319 888
243 1452
104 2275
2555 2305
2306 675
741 2615
1509 2585
2096 3816
1101 2920
646 1773
3788 400
1184 2781
1492 1612
1628 3557
3563 2691
1190 893
1385 444
182 761
1778 1531
2446 3903
1838 3589
3559 3235
3196 2669
510 1062
2538 2077
141 1641
90 1488
2961 3445
442 3408
1581 2681
3641 1859
2224 194
2370 2467
3285 3470
516 2972
3209 3816
2644 1426
3101 1767
1027 3999
2728 1515
3478 2153
399 2320
907 2027
1191 1488
258 2541
2396 3029
1266 1486
502 2626
336 291
2805 633
880 3938
742 2201
1264 2972
3993 2832
128 3351
88 3421
3095 1271
2287 3001
1501 3223
3277 22
977 1201
2583 56
526 321
329 3102
3889 990
2578 3606
1418 1090
3238 1546
2517 1548
2525 2315
2191 60
2293 1064
1157 3857
294 2884
2927 1957
209 2129
2610 395
3597 3283
2120 1444
1563 3640
1150 93
134 3383
1222 1961
3743 474
3569 3230
2854 2329
3509 2119
1244 2578
181 1666
933 691
2494 1468
2981 1975
3255 3719
3838 1490
3408 2313
1584 3950
1887 2278
2167 2454
1076 2273
2533 2254
2722 444
1278 3848
791 2128
3724 1157
3117 2578
1012 1229
464 492
784 1279
279 1335
1591 1413
341 2906
1961 592
3901 85
65 98
1976 1374
3012 3925
2633 1515
3485 1909
2044 2371
2587 145
3531 2050
2081 2007
83 1911
3864 1530
1740 1850
1119 2776
3516 138
2966 1418
1962 1041
3104 1664
715 3256
1865 973
950 1418
1855 2153
3177 3274
2636 893
3356 2950
2939 535
3513 731
309 1096
1203 2513
3697 3746
3063 556
440 2063
130 761
1906 888
3163 341
372 2138
3894 3604
1960 451
1774 2820
2488 365
652 3706
1594 331
3201 283
1011 2679
281 2375
3004 1371
2385 2997
3242 3240
240 2420
2528 1367
1588 2950
314 2261
4 524
1732 2776
1917 3269
3091 1429
3914 2698
2358 1909
1437 3413
929 1316
1655 3351
2868 2292
3365 986
3463 2146
2830 2112
3803 1201
2019 2773
2444 2547
554 3801
287 2006
698 234
1571 3370
1919 1429
2197 1753
3565 3143
3526 1044
2896 342
3046 2218
1965 3913
1156 3121
1082 1108
187 36
3842 1389
1432 2755
1095 2087
2668 2136
2227 2660
1768 1885
2987 3570
2173 3431
3580 2772
849 3010
1623 1088
153 2805
3421 255
3161 1600
2887 1374
3003 2017
623 806
3407 2442
1262 3237
3921 2168
450 3983
1336 2655
1723 2982
3171 2017
3911 3242
1462 1317
2489 554
1816 3533
132 3908
672 3352
18 885
3604 3584
531 1044
2106 3113
2892 3525
1704 41
317 3741
3850 1934
2062 866
1845 933
2866 2977
686 2706
3459 38
2391 2715
2052 1859
921 1157
2646 2846
3335 1657
2606 204
530 1931
2769 1522
3030 3203
3909 3033
2827 1088
295 3015
1390 3001
1613 1714
3279 3050
1069 2165
2029 1007
544 1817
695 986
1055 1348
1944 402
2759 456
503 2088
832 2036
3812 474
25 3895
3129 2460
1415 3668
475 400
1433 474
33 2679
3488 59
3677 3895
2192 1530
3767 86
3893 94
1085 3419
3005 3696
2664 997
3863 1429
1756 2524
656 1975
3981 2114
491 3135
116 2293
135 1854
932 3441
2026 1189
1857 1934
3522 1863
2162 1431
1707 3502
775 308
1420 1036
541 3884
3616 3201
2907 2005
3168 2471
3774 3707
2223 2539
3960 2053
1138 1636
2270 128
609 2771
952 2866
1225 101
2009 2177
1424 2420
402 3893
847 232
409 3230
734 957
2924 2810
1569 1107
208 2128
3631 571
3765 2787
2410 3766
1761 3061
773 2313
3976 3805
3666 810
3932 3037
3857 2483
837 683
2138 2454
1668 2082
2332 1169
3757 1064
3357 1647
444 3788
3301 3200
3538 2866
338 3422
3213 1845
3439 761
3552 1943
1933 1056
356 2044
133 3470
879 78
2806 3166
1387 3126
3963 3961
779 866
2411 250
1808 1486
689 3640
2002 321
1389 1239
1803 2825
1477 452
1404 2626
32 2987
3541 339
1889 3035
2831 3147
3261 2306
2660 3785
2855 2828
1971 1120
2116 1343
1542 3370
1897 1854
1344 1657
2135 1229
2522 97
570 98
2417 3533
763 506
2055 1711
895 3695
2872 3235
149 2279
915 3181
1500 1918
1332 1482
634 255
3816 291
2342 58
2756 1367
1525 842
3327 2165
994 3529
3038 3167
1537 3445
1672 1460
2109 572
1709 997
788 3213
3260 1978
764 2438
2643 957
2255 791
1331 3223
434 1916
1197 3135
1141 2831
413 165
1949 2612
2922 592
987 389
1379 955
2366 557
3540 809
1208 1769
3293 2406
3896 2406
565 1791
2723 842
1686 3070
340 234
1610 36
2859 159
1650 1544
3904 1773
2279 3734
872 734
197 3554
2465 1912
3551 1544
642 917
986 3203
1851 1639
1835 1795
569 2706
3093 1306
3686 2772
1179 3746
1513 741
2873 1410
2902 78
2504 3533
2308 650
997 2136
818 2549
934 2334
3157 3149
3426 1869
2498 1769
2071 1636
2429 3999
3205 2708
347 3015
2075 504
1245 963
3869 652
2808 3691
566 1117
675 446
2007 2303
76 3265
709 110
3702 2231
3853 1647
2065 1195
2367 1820
3978 2392
466 3346
2131 1531
1009 1849
487 944
1940 1532
3713 3668
1077 2884
194 395
435 341
2841 710
2950 2706
1427 3350
815 1389
3249 457
1602 3693
3926 2713
3668 274
1480 3884
1296 3983
1823 413
167 3383
2331 365
2564 3801
1904 3265
1583 2371
3115 3087
2124 2897
575 3481
3745 2178
3198 1865
974 1460
2179 892
2876 716
2758 379
2964 3001
3083 2239
1786 3143
3178 3781
3394 2755
1834 751
3108 2541
2215 2119
2301 3975
1742 2081
3633 308
2294 1201
3417 1849
2141 16
1954 3200
3406 608
1715 1643
659 599
607 1810
1274 2891
3434 1615
3122 526
2409 3613
2502 1628
2597 1374
349 2628
1060 204
3246 602
3780 3259
3870 1257
1802 2483
352 2007
9 1697
1532 908
3610 1957
3300 2306
3698 2831
3433 3791
3959 1929
524 1187
3450 3647
506 190
3777 3520
2133 2053
262 3533
3496 1316
3495 1090
2216 957
2731 3655
2426 3864
3508 1143
3008 3365
781 2305
2542 525
1 3808
1503 339
3546 2298
1176 3102
3062 1286
1065 2897
2673 11
996 1466
1398 3402
408 2278
1216 3487
3942 3149
312 1632
1902 38
3970 369
901 3539
1893 3408
139 82
1367 3276
3061 3113
2761 2653
2508 2138
2774 3789
3931 2069
1801 2447
1472 1689
3576 749
403 710
905 2560
2454 2017
324 1681
405 3018
3492 2539
3199 2695
250 2725
1565 457
157 321
203 2891
449 1174
1407 230
1559 836
2777 791
1158 3481
2634 3351
1249 702
480 1507
1848 1123
1973 2749
616 3181
2228 110
1831 1020
2686 3852
1267 1532
2865 997
1166 186
3470 3256
205 3955
315 741
2514 3662
1844 2406
2093 3986
1560 3950
3827 3142
1847 1666
767 2173
2812 2822
3477 2547
1682 2028
229 3662
1029 3877
2161 3508
2150 2679
1308 2645
2882 3276
2710 59
1832 2684
2900 3069
703 1378
546 3468
1174 1739
821 1170
2613 2186
2091 375
2663 3069
3483 1020
1618 60
3917 1029
2937 247
3554 3065
1574 2749
3396 3263
2767 451
614 3529
2435 1767
3226 3706
3368 3441
1466 2945
2045 1711
945 506
2350 3274
3140 1870
1858 2073
1765 1657
2466 416
3646 2392
3964 1488
192 1352
2531 3277
2899 145
1561 2575
3966 2825
2833 3502
1828 182
1201 1195
2795 3592
2126 2906
830 719
1738 2142
256 484
3681 1044
223 2217
3740 2698
3345 1788
920 3961
3694 1396
3955 2997
2765 1426
55 3010
2458 1694
2721 35
701 1169
665 3695
3454 2297
845 3723
3759 1051
1993 2063
3814 2254
2275 3662
78 1438
3784 1709
2297 842
2672 3065
3717 1714
378 131
2149 1134
1710 1107
2698 72
1133 3913
633 3595
2505 2230
882 1141
1770 2684
2649 2119
1464 2261
928 2316
103 321
1394 1181
3116 1516
2245 3138
1953 1317
3786 3589
1875 3148
2738 3135
1366 511
1137 2153
3376 3352
1444 3615
1071 3261
1676 1115
1837 977
851 3241
3215 2987
3065 888
2111 23
3983 11
2066 1384
1321 2998
1596 3138
3127 3602
769 3242
1002 1557
171 2374
57 58
3925 2417
2290 990
458 2787
2512 1567
443 545
508 3615
2289 280
2580 1196
82 3357
2816 2050
302 456
211 3148
451 1912
2189 809
2726 1457
1996 866
2598 876
780 1546
736 1134
1383 913
3028 3136
3051 1187
511 3554
3527 977
2238 3651
1064 110
647 186
1228 734
3110 2073
2682 3148
68 1636
3148 917
2797 1374
3007 2138
3625 1141
3413 2880
855 3525
985 760
3515 1020
2980 3039
578 2474
2249 3147
1013 3696
143 483
2299 587
839 1117
702 3972
482 905
163 1612
1126 2945
2733 2171
1254 1885
801 741
3656 557
3493 1237
3165 2315
184 1581
2507 1985
307 389
3642 2892
2035 3602
3588 556
3169 3864
2128 3106
37 2884
961 2540
1869 2433
277 3156
2057 2601
2148 1254
2259 1426
2016 3826
161 726
3081 1664
926 719
1313 3393
2147 2112
2232 3422
2786 264
2482 2315
3048 1176
2483 369
476 1487
2735 741
3410 2214
3980 820
2641 2741
2584 2987
2145 285
1810 1909
1227 1737
1173 3950
3082 892
2965 442
858 2218
2645 3269
592 2781
1484 2832
2861 905
678 2112
1087 457
1604 1545
1820 2104
2281 2997
1829 3391
276 1912
1590 3830
1326 1976
1199 41
3444 1317
3592 3876
325 331
102 3302
1957 1975
3438 683
2042 2846
1516 1384
2286 1237
1414 2513
2951 885
1413 3121
1995 1546
216 3999
1283 2976
3317 2053
669 1201
1192 3029
122 3693
1160 1739
3167 1108
3208 3884
1876 2977
414 1023
803 3589
3619 97
3331 1953
583 1406
2571 2088
552 2467
2314 2453
2814 2197
3220 420
1630 2334
1362 11
2388 683
2166 1064
2794 1466
883 413
826 1007
525 3346
1753 3230
3011 1396
1048 3785
1934 3330
1507 1011
1928 2442
1038 2541
1819 3584
2647 395
2704 3015
610 2655
2521 1869
1073 2688
247 2660
1920 186
3306 1418
2376 3691
222 503
591 3069
3149 2244
3688 3053
3977 2143
1384 995
877 2540
196 995
2406 571
3204 2298
1643 3800
3589 660
661 234
951 1643
1113 3905
313 2549
2801 2375
1014 3421
1363 2872
3804 1206
2773 2316
3273 3095
1315 3693
1813 3476
2724 1472
965 1096
2746 416
3674 1985
3572 431
1440 650
3671 3351
2001 3391
2427 324
3528 3601
3593 3943
3636 1181
2340 2585
1680 3964
617 1075
3274 3033
2562 3986
1070 2834
918 1885
106 3844
3833 3554
1093 693
1182 652
976 3614
2524 2626
3328 2612
948 2938
249 3669
2258 2482
3711 651
2536 1817
1039 2998
2680 957
650 2142
3854 2296
1779 3669
380 2036
3087 3696
1035 1180
1257 1389
3102 1029
3672 3647
3806 3857
1261 3181
1614 2872
2419 3663
992 210
2063 3350
563 3223
3284 351
1555 424
2175 955
1939 3277
1980 2688
2013 2483
3923 3655
2621 351
3217 870
2180 1325
3369 3065
2568 2062
2447 2748
1947 2897
2651 230
1785 3303
4000 2230
1700 1230
383 2460
848 3844
3250 2201
1631 2938
3228 2442
2073 1206
2954 3295
1552 1276
3841 82
228 3908
1693 3550
495 3256
3811 93
3443 2482
1726 2129
385 2615
238 1820
585 3295
2457 3124
2041 1178
215 1807
362 424
483 526
3050 1189
3587 3735
162 2560
1198 159
2134 2684
3312 1452
499 997
96 451
334 1600
3398 645
381 3365
3055 3295
3670 1885
129 204
1351 3065
2051 1348
441 3232
344 633
3648 1953
2930 2059
1127 2698
159 2239
1183 1410
796 3230
268 3601
3111 330
3308 3640
739 3691
3329 1178
2917 602
3667 23
1984 2279
770 3788
2379 3419
3703 387
1580 716
2100 3893
1625 1887
625 122
319 381
893 2524
1894 2136
1719 3539
2309 291
964 2454
937 511
3070 3237
3969 1486
2608 2011
3231 716
535 1820
2460 3955
989 1937
2184 1956
2862 2474
1964 1381
3324 2059
3795 2313
2559 228
679 554
2330 2374
3395 2779
515 1286
1402 3857
3019 1625
3878 1929
568 389
2705 1306
1066 683
3066 444
2107 2201
3435 963
2689 2197
2661 3604
629 3964
3994 1632
1311 2406
1116 526
2098 58
1023 60
12 248
1282 2684
1207 2330
615 3583
1429 1835
1656 3785
172 3554
3001 2822
1821 604
1671 1299
1669 2766
2095 2239
1188 3539
3608 1787
1536 1918
2214 3468
3995 2493
3996 557
1798 2369
2256 138
747 291
3258 2045
2381 2539
759 2471
473 2832
3182 2661
3523 2982
1608 1557
2407 2681
743 2279
868 1011
912 3213
1373 2713
1468 3037
691 3156
843 189
3188 452
2615 690
1511 3903
1505 82
1502 446
125 2320
23 484
1099 734
1932 3647
1763 2168
2408 3311
792 3613
2734 3241
2677 189
2247 1943
3790 1798
2 1410
3537 83
3895 2926
561 3350
61 2433
1899 1010
2998 1850
2719 2960
2469 2298
971 3070
3756 1176
643 2313
2639 2755
2204 2417
1692 1062
120 484
2196 335
3762 2115
3704 387
2978 3563
1088 2828
1642 582
3265 3429
291 474
438 2177
3313 3903
436 230
1491 3934
270 3612
411 2231
790 2660
3089 331
3735 1628
2017 504
1963 1870
121 1188
2261 2655
3601 2023
3961 3663
3411 1195
2952 2628
3032 1178
1021 1532
3466 806
3643 1041
176 1843
1498 1117
1524 2006
2170 194
3326 917
425 3668
2234 2960
744 1482
3420 3087
800 2293
1270 786
3930 836
653 955
1397 2104
746 1120
3918 1335
2006 1567
1967 2880
3823 2615
3747 2892
393 2805
1017 749
3473 316
1307 1306
1992 3350
2140 1444
1303 1697
1660 3805
1916 2960
1713 973
3174 2293
2277 3893
3653 731
671 280
386 2142
2550 1490
333 1332
3428 8
3536 2316
62 379
2144 2820
1292 2742
783 580
498 3693
3875 424
943 3826
2792 2178
3041 2143
1873 3615
1619 633
145 1807
1135 3706
754 3706
3936 316
2745 2177
2771 2688
3547 3476
2088 123
3573 3113
1539 2088
2267 734
471 3550
1299 3138
3271 83
2213 1488
3871 2708
2620 2748
323 3126
1896 1995
2387 3346
3924 2834
1349 230
2143 3352
3154 165
3036 3639
3913 1161
612 1737
3662 3726
1250 3707
731 1709
190 650
391 315
2545 2007
1866 1227
2374 2872
1105 1798
2567 818
3935 1581
3133 2776
2282 2171
1718 3707
1221 2214
127 820
3367 1548
204 3844
1527 1087
3481 2820
2402 50
2079 2297
2938 2230
2401 3695
3716 3383
740 1849
956 1398
30 1550
3548 102
241 986
1609 2471
2008 1229
206 2069
1860 1795
3423 248
3710 2846
1658 1306
1242 2713
3998 2612
3304 2447
1075 545
2038 1056
1172 944
2957 3619
3571 228
722 308
2920 2292
420 1181
903 2578
1453 3876
1815 2892
2834 1939
1937 1714
248 2540
1382 2032
3385 1187
3415 232
501 1251
202 3419
1812 2987
1108 3695
1086 3148
540 1934
370 1657
3498 370
2788 1697
310 110
2047 3735
1446 2173
58 2539
2671 3734
3768 1332
504 2112
556 2081
685 2482
3640 3589
1276 2125
2631 2303
3469 2554
954 3576
2323 1239
772 1592
906 1196
1406 3668
3353 697
170 2926
478 1406
1298 1335
2441 810
2974 3641
322 3287
2923 38
1830 1389
1721 3816
2364 2766
2283 3403
3555 697
1422 2032
2212 250
1927 3053
2871 3142
1339 379
1922 3944
555 1196
396 660
468 503
2453 189
454 655
2629 619
147 1795
1528 645
301 2906
1279 1632
2501 82
532 3876
2847 3061
200 1134
2557 3365
472 1251
345 3166
2860 660
3162 182
2625 1108
231 1120
1514 786
432 3972
1746 700
2171 3502
455 1056
3973 1985
3223 885
3708 582
308 351
2737 1550
2874 2125
2903 2443
3355 986
2499 3800
2736 556
1661 2366
766 2897
3451 1554
3679 2115
2034 3263
509 1647
3865 2880
3311 247
1181 58
52 16
3269 525
1535 1064
3846 1228
1078 3377
2881 1299
2511 3639
3763 1157
1895 3663
60 236
2442 2114
3039 3884
3603 1687
3557 1007
1908 59
1853 3237
467 2087
311 2977
2168 2628
2790 2779
668 2275
589 1911
505 1814
3797 3964
2164 3039
2012 2042
1193 650
3073 3877
2390 3606
1727 3121
2361 2706
2976 990
2819 885
1247 3167
357 3592
2159 2483
2400 1384
3655 3816
2934 1931
448 1939
538 1694
2142 2546
1337 1953
353 1832
824 1918
983 283
3873 3302
3291 3303
354 3529
2623 3102
2699 977
1109 813
1598 1206
2185 1051
573 23
218 1161
486 3311
3692 3818
3800 3975
529 2366
1098 1689
534 3269
3845 3413
2495 749
1010 3983
2177 3041
3734 2082
2193 1953
1883 2027
2637 2334
2592 2081
804 1357
1445 1909
968 3033
1997 786
3617 1793
427 2637
3707 159
1003 452
1110 1600
2936 650
3775 1929
1355 2244
886 3035
431 3553
2048 335
3480 2601
3112 3955
3645 3791
3427 1170
1587 2688
1465 2273
186 1237
2652 1328
1293 1183
2123 280
2449 2560
1329 997
2604 3124
1612 1532
2574 2077
2618 545
1399 1251
1196 8
2199 3570
2152 2880
3507 3955
217 212
1749 1438
1611 86
3303 3232
155 35
1675 1697
2775 3801
3726 820
528 3277
2425 1978
236 1943
2716 3240
1057 1183
3224 3365
3615 524
156 3550
1495 3470
3447 2750
1936 3283
394 3845
2515 2443
3084 1694
3079 1767
852 3143
19 809
2250 2438
264 2045
41 1134
3574 2214
3712 3781
3314 186
2112 947
89 1482
3730 2288
2130 3265
1325 3394
2003 1956
3549 690
919 3167
547 3287
1958 1850
99 2146
3137 2168
3986 3999
2037 1482
185 1916
426 198
3017 1507
226 1532
3219 3726
485 3584
160 1357
888 3964
3920 2779
777 1181
914 836
2004 1817
195 1978
3754 3723
3620 198
1864 1183
3243 1413
3501 2371
3489 2846
77 1546
1131 2114
2198 2549
2194 3016
551 182
2764 3061
1645 3156
1556 2754
2688 3166
1063 809
1901 264
1697 315
2850 1820
404 315
3723 1371
2883 2369
1421 3734
3347 123
3511 2810
2863 819
2864 1189
3016 16
3618 2453
596 128
2484 1055
3939 2681
957 1254
1346 1328
1256 2575
359 2374
303 424
2031 2637
3248 3563
3840 2834
3364 2443
150 3487
3077 554
1083 3972
3907 3403
188 913
2305 3118
2329 2513
2070 702
365 1694
2778 1176
148 1237
3366 2834
1730 1845
124 389
2632 2453
2030 1939
1304 2329
2910 592
2011 2105
3290 36
2669 83
3315 3445
2852 3999
2906 2177
2576 3601
3179 3662
2420 1545
635 3413
854 2813
1269 3533
1022 1615
1696 2165
48 3200
900 3087
2718 2772
3176 1055
2803 456
2595 159
1443 2831
995 1051
1929 2749
1926 3299
2955 1276
1232 3648
752 2088
3801 3470
700 36
3919 2474
1735 2105
599 1332
1550 492
881 236
1674 3913
1358 3147
140 1865
1180 3383
1892 2231
2940 820
1744 3041
683 3167
2319 1863
2353 1865
1863 3039
670 1681
909 3377
1849 3852
2108 2950
724 3070
1666 2460
3809 1393
2560 1600
2985 3408
967 2375
2960 828
1178 1643
1162 3031
720 1438
2929 1367
3310 761
2295 3352
165 2471
823 700
947 535
2248 675
1052 893
3582 131
3289 1472
2403 1023
2992 1945
1874 1795
1255 1134
3792 3015
2172 3427
2322 210
274 3229
3053 330
178 3601
1665 3576
3758 375
1637 1123
2622 1195
979 339
85 3069
1842 3801
346 876
3128 2143
2117 2779
3069 645
2183 285
1041 716
1548 1639
2832 1452
2389 1357
644 2366
439 283
1793 1612
1323 3018
3868 36
1177 58
2684 2330
3414 324
3186 2493
2885 1229
3689 1885
2697 1807
536 1075
2898 760
842 364
387 1863
424 944
1246 1628
16 3274
2085 83
3462 1381
3979 1508
3181 1687
2080 165
3771 364
3903 1916
2000 94
1488 2178
91 2173
2703 1381
34 72
1683 554
2526 2006
1417 247
793 2892
955 1490
288 3462
1091 582
2535 602
2382 1870
2793 484
3088 2626
2503 1788
3294 324
3379 375
674 1062
1320 3800
1475 3905
3637 2062
809 1869
3855 1115
639 1201
1544 3242
1622 3441
558 3584
2807 1007
2416 947
2822 1196
2272 1791
137 2017
3006 1431
3348 3045
221 3964
3683 1531
2157 3648
3567 504
1392 2366
1125 364
1966 2698
2077 93
1741 1279
1134 3639
2265 836
1617 1787
1186 741
1568 3303
723 97
45 2042
1758 2997
119 504
966 3203
2477 1530
2181 302
232 786
890 2201
1698 1228
56 451
2158 1393
1356 2655
648 660
574 806
2394 2447
3272 2128
3380 3903
1952 1075
1508 2406
827 726
3009 2303
259 3033
3781 3223
1627 571
3751 1176
2059 1406
3982 526
1515 2053
3332 8
2932 1807
1449 1512
1702 726
2851 1647
3847 3805
2630 2146
2692 947
2187 1457
2269 1169
833 1843
626 3393
3482 285
3015 3508
2274 1976
2709 2704
1903 2315
1885 285
1854 2115
3090 2203
2263 101
3185 3362
2944 1143
953 506
539 3403
2942 3975
836 1937
2870 3563
296 876
1546 3016
2356 1472
3402 806
183 286
586 2217
1042 212
21 866
545 1286
3397 3245
2972 2773
3203 248
201 2023
1025 1378
1080 23
3263 2612
368 3431
2648 2681
3581 2306
219 572
174 2050
2005 2575
3124 1041
2036 3045
2959 3972
3752 3975
1616 3808
43 3156
265 2938
2311 1636
786 375
1941 2805
1328 308
173 1041
1796 2306
2821 2320
3237 3550
3934 580
902 431
3533 2146
3494 1798
3134 1935
2341 2105
677 3877
3815 2691
3753 1257
2534 3118
433 3606
807 3800
3635 545
1372 2645
697 3241
1930 3018
860 1396
2324 1357
3043 302
3103 693
897 2771
871 2810
2074 2081
2320 2779
13 1975
3665 1055
3953 1647
1775 2261
621 342
3772 3235
3848 3950
1450 400
859 2669
339 282
1703 2443
3021 1850
401 3641
3360 3892
805 420
1058 3848
3264 3557
453 908
2941 2115
2530 2585
86 331
3525 893
1769 2750
2785 2695
3147 122
1554 1870
2770 255
1522 2498
2969 1793
1945 599
3506 2748
2943 1592
627 84
3832 212
1688 3201
1494 1188
2049 1195
3218 1087
459 3905
1520 3287
3002 165
3325 84
3987 3908
3298 1141
3372 2007
3254 87
164 2007
2720 2754
751 1260
1114 2766
168 1832
75 2825
2783 2848
1950 3785
2102 3766
20 1343
2254 3124
2913 1516
1946 2976
1369 2866
3858 2615
1760 2417
97 198
3835 2130
991 3619
941 1843
681 2750
2437 3237
1175 1512
958 3302
1510 3263
395 818
2741 2059
3583 1931
799 1787
490 1935
1251 1276
1850 342
787 2546
755 1814
3661 1863
1861 2261
737 1773
1285 3669
3584 2938
193 1814
477 1567
3940 413
846 2023
59 1229
2428 1260
1284 3647
3912 389
484 131
3690 2578
2022 3265
680 2704
3805 503
3333 2050
3123 3641
379 1055
2520 3394
429 1863
3937 1169
557 2585
3143 1918
1969 483
813 3070
1751 1487
1603 3848
1295 3789
3307 442
2104 2832
1370 2704
1334 633
299 1230
2958 3940
1576 2585
3064 1810
2053 387
3512 3242
2302 3143
899 483
1748 351
1214 3942
892 1956
663 3441
3375 3031
2373 1975
2113 503
321 56
1773 2329
2221 1174
290 3955
3212 1666
2739 3259
808 2069
2986 97
1020 2438
3906 2805
608 1444
908 506
3760 3539
1330 3041
3150 2105
377 3274
2607 3029
3014 3884
1921 264
1948 56
2845 599
494 2540
978 1887
1635 3106
2303 1188
2577 2945
72 3462
2658 98
2995 1170
1771 1937
3872 2546
1451 3668
493 3834
369 3261
2377 2059
3799 2230
2155 2740
3305 702
2206 1367
465 2305
3535 3925
2239 1023
514 1810
3118 655
237 2920
1562 3606
3542 474
1471 2082
2033 2082
1144 2695
3497 2063
2921 1123
3142 710
1452 602
1615 3487
2285 2292
138 3791
3505 1848
3699 1335
2099 2244
1309 3050
2114 1325
2344 3124
2132 22
1752 110
1634 98
2434 2417
988 1026
1333 2438
1252 3615
1343 1961
3256 1056
2094 3276
3283 2637
1463 16
1558 234
2475 3232
1117 2713
1530 1487
2650 947
3621 268
1438 2042
3568 913
3086 2972
1822 2453
1204 387
3072 1468
939 1468
3933 1508
2023 50
2772 3050
2205 1398
774 1161
2839 1625
2056 3938
1664 2653
3596 1787
1606 402
1722 2005
42 973
3097 3265
2028 1508
1878 819
2605 2848
3381 1769
1291 3402
375 3077
2949 913
3948 3785
3819 1143
2316 2482
1318 2042
1061 2275
2355 2032
2551 2005
3170 3487
2875 3045
802 2143
3078 3121
2676 839
2455 2661
3529 3421
664 791
306 364
2601 3934
1033 3550
2115 3583
2313 1026
2430 248
1089 1788
662 3944
1985 1934
710 228
235 2781
5 760
3820 2960
3033 3789
2061 1410
3490 248
3676 3554
3530 145
2857 933
151 3834
1759 2742
456 2740
67 1887
1122 1438
3029 182
1504 1798
1924 492
658 3394
3474 2740
2304 3525
1350 568
3721 2897
1638 3346
3821 2493
693 2877
3288 1567
2271 2825
2456 2128
2510 1737
606 37
2020 1711
598 1976
3742 1257
47 2575
166 1546
1978 2834
874 2612
1877 236
861 2773
2846 1522
363 1835
27 3311
1913 1869
1439 2822
1403 1188
1754 592
1900 3391
1474 274
768 2023
3202 3213
1975 2661
2662 492
1970 2203
348 1711
3464 1791
1972 3726
3844 1544
343 828
3770 8
942 84
1229 1512
1281 2813
1633 1036
3399 2725
1149 37
1213 2178
1911 1178
2021 3429
2655 2443
3826 1929
1352 568
1725 535
3468 59
3144 1976
3975 1426
304 2891
733 2129
2891 2293
1891 3857
2541 379
1977 1545
251 102
1202 2773
79 3639
2210 364
2202 3001
1531 791
220 2063
1273 2708
2392 1044
1551 1036
3598 3852
1979 1947
1097 3299
3195 3427
1431 2715
595 933
114 2975
2439 2447
376 2813
3132 1788
2714 920
853 572
1272 3826
3876 2168
1640 2920
1496 2713
2211 2637
2760 920
198 2741
36 3126
870 1228
3577 2820
760 420
3138 250
2318 1887
273 86
721 2877
2556 3502
1805 1123
1706 2045
2956 2997
2540 2742
1430 2296
3696 2506
3622 2740
1380 3943
729 3203
2715 2288
1265 291
154 1117
707 1845
811 159
2829 2706
1898 995
2586 1452
711 804
3817 1090
930 1316
2552 189
1079 3816
2513 3393
2092 400
3239 2546
169 652
2732 3245
2345 3106
3206 280
327 1854
2276 1188
1974 2217
2153 2254
1641 3481
3732 335
1237 1767
2973 1406
2291 1479
1288 3016
1224 3570
2118 1325
3649 1753
1030 885
3943 2296
2933 2244
3714 3583
278 1657
1327 3908
1102 1545
371 3986
1755 2062
419 2454
1032 3852
2253 1592
1915 2130
3595 2214
3638 3242
1743 1512
2010 94
3836 818
3543 87
1481 645
1143 3419
1335 1141
330 2998
3988 1141
244 1228
940 1548
2209 3053
1386 1026
1647 2320
2336 2114
2360 37
1955 3136
867 1036
518 1254
2798 3041
2451 3299
1459 1911
421 1384
233 1557
1371 1935
3891 1413
559 3403
3244 3156
1533 3259
1277 413
841 820
3448 2704
3700 2330
1983 1187
373 691
850 5
1233 2045
3200 556
2529 2546
