100 8
27 41
32 6
2 55
89 74
94 20
71 72
25 33
29 80
46 2
52 23
41 25
84 19
12 62
68 35
75 35
62 29
37 46
100 83
65 82
63 3
38 70
26 13
61 52
68 62
29 56
50 60
85 79
6 21
88 17
55 42
35 40
77 7
48 18
28 66
87 50
48 47
12 61
49 30
22 75
86 30
77 44
87 57
47 60
39 100
100 95
54 62
3 36
67 77
37 62
84 14
95 18
65 85
30 23
41 20
14 96
51 77
2 67
25 30
96 4
37 72
70 64
82 93
20 8
78 32
79 40
85 17
1 81
92 48
96 25
2 5
18 76
19 91
88 9
73 67
34 50
64 60
18 56
26 23
85 59
77 45
53 82
91 36
70 89
71 24
11 62
39 1
86 98
33 90
31 35
73 10
72 58
69 90
30 15
43 82
78 37
97 48
6 66
16 18
73 99
81 82
97 23
2 58
11 70
43 89
90 33
5 41
75 69
