100 8
21 7
66 19
82 97
61 86
94 78
62 80
29 5
82 41
25 60
97 31
54 58
26 91
41 20
18 90
98 87
22 61
71 96
55 42
87 83
12 18
68 72
25 70
44 37
86 48
14 96
4 93
64 33
49 88
68 35
24 27
27 100
1 34
94 84
97 47
16 7
40 18
61 36
99 17
26 43
94 30
65 22
46 37
55 94
9 73
12 70
87 68
64 94
15 2
89 44
79 84
3 89
96 61
32 100
40 46
34 54
67 58
62 54
26 53
97 64
88 15
25 38
81 3
29 35
45 89
87 53
60 10
31 3
34 49
24 46
18 29
58 14
27 9
31 4
52 58
17 7
72 48
17 93
87 13
50 1
77 28
63 7
68 11
28 32
89 59
58 75
44 19
85 44
76 27
17 23
88 39
72 74
95 34
56 44
6 97
57 42
69 85
8 62
92 84
51 93
77 52
51 20
61 15
57 83
91 64
54 98
49 96
25 54
