100 8
43 77
21 60
26 89
51 32
97 45
86 51
18 44
40 88
49 56
32 1
38 58
9 39
39 81
49 52
36 55
30 91
96 48
23 26
82 96
88 18
54 100
60 61
87 34
77 80
29 3
14 56
51 36
6 13
48 49
96 73
19 70
48 71
85 100
91 64
54 68
22 7
56 100
61 70
78 96
33 47
95 74
51 27
14 93
28 6
87 38
90 5
21 84
9 63
95 93
79 24
79 22
6 70
38 82
29 58
14 37
13 96
51 94
1 9
61 90
24 28
83 67
73 18
82 1
80 23
93 80
55 4
41 84
57 88
99 67
66 16
69 30
34 98
8 55
3 69
19 16
97 100
8 83
12 39
53 15
19 2
77 53
68 35
10 42
65 5
76 80
17 9
76 46
1 10
60 62
25 27
92 22
47 16
89 20
31 50
31 32
86 59
75 20
26 72
11 96
60 21
33 97
77 57
88 21
98 35
91 77
75 8
66 14
