100 8
82 62
85 86
24 30
79 85
25 13
51 12
80 10
3 27
59 65
21 64
80 64
61 37
93 10
25 72
41 2
36 51
84 54
33 89
67 76
17 80
67 4
72 50
18 58
38 37
11 96
94 90
73 70
53 39
9 42
18 79
83 79
19 78
2 92
1 53
8 74
48 75
24 99
40 84
21 84
72 27
33 88
22 76
24 17
97 81
83 72
56 38
75 62
63 99
15 73
43 18
37 44
9 21
18 62
29 56
43 31
73 41
58 69
57 7
82 22
60 40
49 29
58 26
45 6
66 28
46 70
14 59
39 59
86 95
94 66
97 35
23 35
85 66
96 7
41 18
54 72
52 20
42 74
45 12
5 16
98 75
61 33
29 73
23 53
19 15
22 32
28 65
11 32
65 55
29 77
71 35
78 20
51 40
34 20
13 87
100 35
91 11
5 12
47 12
68 62
12 91
39 72
68 27
7 18
91 57
69 86
29 24
71 78
