100 8
87 94
27 50
53 48
46 26
96 9
38 36
92 96
43 86
97 80
16 40
9 84
89 99
51 10
8 48
78 50
97 65
26 16
84 30
45 5
30 4
20 91
74 71
71 46
18 29
53 14
63 66
25 91
74 84
93 1
75 21
44 81
68 58
100 97
37 41
55 45
4 44
94 97
98 31
76 51
37 9
36 46
31 36
92 99
86 14
66 38
96 47
13 72
80 25
77 33
46 3
9 45
68 77
23 86
100 61
63 56
6 33
28 48
43 25
67 50
15 22
57 79
21 98
91 42
67 54
95 18
59 29
100 32
86 39
11 50
64 81
4 65
15 35
57 99
40 90
29 2
13 58
41 51
50 74
60 18
71 52
97 83
91 7
29 3
60 82
51 73
98 19
69 9
37 62
12 64
49 34
65 33
93 86
85 56
47 70
22 66
96 17
94 88
49 58
24 52
90 21
72 39
44 6
74 26
19 97
39 36
78 52
94 23
