100 8
6 1
95 94
52 39
99 72
64 69
74 29
77 80
16 21
86 56
95 98
64 75
48 81
41 28
49 77
82 60
90 40
47 61
89 91
25 69
11 20
70 22
92 67
10 50
31 8
89 79
32 41
73 58
73 44
6 11
46 55
12 53
71 82
84 88
91 10
45 72
76 73
23 14
60 84
78 41
39 54
4 2
73 86
62 5
14 11
70 3
92 41
77 33
52 50
82 64
100 27
96 35
15 21
75 34
96 5
70 12
55 13
11 82
38 92
59 60
90 97
93 76
17 24
73 98
75 46
83 20
86 77
44 19
7 15
49 30
66 77
28 11
95 57
2 36
2 68
92 44
78 29
39 96
91 70
17 44
100 13
83 5
46 72
80 81
23 51
16 4
9 96
85 19
65 22
47 72
63 81
2 79
27 43
42 58
60 31
38 37
64 97
26 27
87 64
31 18
84 5
80 39
77 14
52 15
46 83
23 80
10 17
21 13
