100 100
79 18
72 32
57 79
73 16
75 94
28 59
77 15
72 95
92 57
24 65
84 63
51 14
31 33
82 79
70 48
71 58
26 97
95 54
44 7
65 39
29 70
11 77
76 7
57 64
20 58
70 57
55 43
46 53
87 92
34 91
55 7
46 4
97 17
58 82
45 51
20 97
22 87
49 79
56 43
48 53
55 10
35 38
90 40
54 86
6 64
45 47
98 88
31 37
89 97
88 75
94 62
40 22
15 44
4 60
65 46
23 3
33 78
35 88
84 9
69 3
60 9
52 62
23 51
58 61
18 3
69 16
66 9
42 18
7 35
78 58
50 38
100 15
11 31
91 100
73 85
15 12
46 86
83 55
30 57
36 94
25 7
2 12
12 68
51 27
74 32
29 96
52 19
100 21
67 26
8 82
5 25
28 31
13 71
80 67
1 74
41 22
29 81
43 93
99 48
82 70
18 79
76 72
4 18
15 79
96 65
95 43
77 6
26 57
1 85
100 63
54 80
51 85
40 8
17 51
84 39
81 21
72 33
53 33
35 48
70 1
90 64
79 35
68 91
12 47
30 70
39 82
63 85
67 70
33 14
49 95
7 24
47 79
43 42
13 55
21 35
83 8
58 64
9 66
62 63
5 24
94 45
55 21
60 11
34 1
86 25
61 90
38 37
48 36
19 35
37 18
87 29
31 48
66 6
6 56
25 59
57 42
20 76
59 43
98 10
46 1
28 9
14 54
56 68
78 20
52 78
2 65
85 33
41 100
3 51
74 39
44 56
27 43
22 25
45 91
10 84
80 93
65 97
36 91
11 79
75 71
50 93
8 13
16 59
99 57
73 81
23 52
29 23
42 88
32 91
88 30
69 31
91 5
93 93
71 67
24 94
64 7
92 38
89 59
97 90
