100 98
65 3
77 93
31 22
29 71
76 14
90 53
37 74
2 70
59 72
55 30
5 69
70 5
54 52
68 86
34 4
1 9
41 55
66 83
87 65
25 36
32 2
74 41
94 28
91 67
30 10
57 6
40 73
71 81
14 61
69 42
80 46
67 51
79 1
82 11
17 29
7 56
54 35
72 57
64 26
60 15
10 90
8 88
89 64
6 84
4 16
36 96
95 49
27 78
20 47
18 31
95 45
88 34
33 99
45 38
9 85
79 54
15 80
93 82
85 95
19 76
46 27
45 23
42 18
3 60
75 12
9 13
84 20
43 32
58 40
100 97
22 8
21 98
61 62
47 75
73 48
48 59
45 77
50 92
56 58
39 89
81 7
24 63
99 94
62 37
51 87
86 21
11 100
53 17
92 91
78 68
77 24
28 43
44 25
26 19
83 44
98 79
16 66
96 39
12 50
89 78
1 44
88 77
90 12
35 70
74 51
97 28
8 93
16 85
41 67
92 10
17 47
32 52
37 87
54 42
65 37
21 96
38 43
47 29
9 83
24 5
52 2
42 49
23 94
79 25
78 64
80 76
44 79
87 74
67 55
18 13
31 11
61 3
7 57
60 61
51 41
36 21
34 45
12 53
63 32
11 22
62 65
94 97
2 35
83 1
96 86
46 19
30 92
26 46
98 36
22 82
59 40
66 9
28 38
3 62
15 14
45 4
86 39
5 100
27 26
72 58
14 60
57 56
29 20
68 89
20 71
70 24
100 69
95 16
71 84
13 31
77 34
91 30
82 8
49 18
10 50
39 68
99 23
58 59
19 80
6 7
81 6
93 88
85 66
84 81
25 98
64 27
53 75
56 72
55 91
48 73
4 95
76 15
50 90
43 63
40 48
69 54
75 17
