1000 1000 999
1 714
1 219
1 411
697 1000
1 950
1 873
601 1000
934 1000
1 498
787 1000
968 1000
710 1000
348 1000
972 1000
345 1000
912 1000
1 450
335 1000
77 1000
1 787
176 1000
397 1000
445 1000
14 1000
505 1000
1 974
622 1000
149 1000
384 1000
1 195
437 1000
1 115
991 1000
173 1000
1 905
1 338
1 597
1 336
1 460
268 1000
290 1000
1 893
1 643
1 712
1 192
673 1000
1 511
318 1000
1 708
1 729
1 756
1 291
1 288
1 30
835 1000
300 1000
1 239
1 860
1 826
715 1000
503 1000
1 939
725 1000
751 1000
1 908
220 1000
407 1000
839 1000
874 1000
1 747
1 341
1 956
988 1000
1 351
689 1000
1 438
893 1000
252 1000
1 51
1 975
1 656
1 796
365 1000
1 593
31 1000
1 842
125 1000
1 585
97 1000
390 1000
1 391
1 839
1 823
17 1000
368 1000
1 741
1 931
885 1000
714 1000
895 1000
420 1000
12 1000
1 240
763 1000
138 1000
1 785
1 918
1 591
298 1000
217 1000
1 999
1 108
823 1000
380 1000
498 1000
1 635
1 513
583 1000
1 282
527 1000
976 1000
571 1000
462 1000
1 172
1 623
1 164
490 1000
1 586
875 1000
903 1000
1 523
1 24
432 1000
1 805
1 211
621 1000
1 678
1 92
1 198
1 573
1 781
857 1000
1 384
1 814
207 1000
1 845
923 1000
1 79
1 473
563 1000
1 252
22 1000
1 983
1 445
901 1000
676 1000
1 832
522 1000
646 1000
1 31
484 1000
1 139
356 1000
6 1000
1 189
1 346
1 892
255 1000
666 1000
1 911
128 1000
1 676
1 760
1 663
316 1000
1 307
1 111
720 1000
1 958
1 328
1 146
477 1000
1 954
1 881
339 1000
521 1000
1 877
140 1000
1 490
301 1000
880 1000
681 1000
103 1000
709 1000
1 277
206 1000
117 1000
1 232
929 1000
193 1000
1 47
996 1000
684 1000
1 906
1 935
215 1000
1 342
1 554
1 606
549 1000
718 1000
230 1000
315 1000
1 901
1 770
1 647
1 435
1 208
334 1000
1 414
222 1000
1 582
1 758
183 1000
1 247
1 973
1 361
127 1000
1 385
930 1000
1 797
1 149
872 1000
1 880
1 742
359 1000
1 383
82 1000
509 1000
170 1000
491 1000
727 1000
1 353
159 1000
596 1000
808 1000
994 1000
1 694
41 1000
121 1000
71 1000
1 416
101 1000
1 684
853 1000
1 559
1 471
1 231
691 1000
391 1000
703 1000
1 78
436 1000
653 1000
1 724
1 703
642 1000
1 206
1 679
1 964
1 80
561 1000
1 400
951 1000
915 1000
852 1000
303 1000
251 1000
1 224
1 534
94 1000
1 618
388 1000
1 561
155 1000
558 1000
70 1000
446 1000
1 43
1 945
544 1000
1 921
1 301
755 1000
1 907
1 217
812 1000
273 1000
1 711
91 1000
33 1000
1 148
1 4
1 626
586 1000
1 41
1 229
458 1000
890 1000
1 333
1 174
171 1000
1 859
1 258
68 1000
163 1000
1 768
946 1000
910 1000
1 34
1 657
1 808
259 1000
605 1000
1 420
1 10
1 535
643 1000
74 1000
1 37
838 1000
668 1000
1 675
323 1000
793 1000
1 962
767 1000
970 1000
202 1000
1 461
1 752
1 863
1 360
1 799
788 1000
771 1000
705 1000
145 1000
182 1000
1 36
822 1000
1 215
419 1000
1 244
1 642
780 1000
1 736
1 798
845 1000
1 984
326 1000
1 382
1 8
1 638
1 265
623 1000
636 1000
827 1000
1 628
1 985
1 207
1 322
264 1000
789 1000
489 1000
471 1000
307 1000
1 690
1 525
564 1000
686 1000
224 1000
448 1000
311 1000
1 811
1 105
657 1000
197 1000
724 1000
594 1000
737 1000
1 89
1 270
469 1000
233 1000
1 273
1 121
1 629
331 1000
496 1000
1 436
932 1000
862 1000
426 1000
1 437
189 1000
1 134
738 1000
574 1000
1 58
1 627
949 1000
1 85
1 825
1 594
282 1000
1 465
1 965
553 1000
376 1000
453 1000
167 1000
784 1000
632 1000
1 178
1 222
422 1000
1 776
81 1000
153 1000
137 1000
275 1000
310 1000
1 588
523 1000
1 727
204 1000
1 568
1 143
1 528
1 500
1 331
1 444
113 1000
15 1000
978 1000
1 138
1 104
401 1000
1 167
1 515
254 1000
1 900
1 46
1 834
575 1000
1 161
957 1000
1 96
425 1000
1 928
1 153
719 1000
1 319
679 1000
328 1000
1 612
235 1000
195 1000
1 988
1 213
990 1000
1 530
1 52
1 177
227 1000
849 1000
916 1000
34 1000
741 1000
1 804
1 896
344 1000
1 404
1 125
1 194
304 1000
565 1000
28 1000
854 1000
716 1000
1 661
1 348
1 922
305 1000
139 1000
1 283
989 1000
370 1000
37 1000
1 281
603 1000
287 1000
858 1000
1 968
809 1000
1 126
1 305
1 482
548 1000
478 1000
1 77
136 1000
1 98
367 1000
1 181
1 93
791 1000
132 1000
415 1000
800 1000
1 65
343 1000
1 145
1 914
889 1000
1 67
1 750
919 1000
528 1000
1 878
1 494
830 1000
1 541
999 1000
1 264
1 936
1 946
1 552
519 1000
1 913
274 1000
72 1000
1 183
1 464
797 1000
372 1000
1 706
952 1000
320 1000
1 555
1 308
584 1000
369 1000
1 600
1 947
169 1000
1 761
1 949
430 1000
1 95
267 1000
1 359
1 632
411 1000
1 159
1 39
814 1000
150 1000
1 689
330 1000
667 1000
1 551
1 963
1 330
80 1000
1 50
354 1000
965 1000
573 1000
1 157
615 1000
979 1000
203 1000
1 778
1 103
1 883
984 1000
11 1000
878 1000
192 1000
663 1000
1 19
541 1000
690 1000
782 1000
1 249
85 1000
1 236
1 318
652 1000
181 1000
1 407
1 100
1 120
1 809
1 505
1 68
107 1000
1 503
1 607
869 1000
1 97
1 280
294 1000
161 1000
1 726
766 1000
441 1000
116 1000
49 1000
1 978
728 1000
283 1000
682 1000
886 1000
1 253
764 1000
1 903
905 1000
38 1000
696 1000
1 713
1 982
13 1000
867 1000
238 1000
1 671
578 1000
1 601
1 91
1 775
313 1000
199 1000
692 1000
860 1000
148 1000
443 1000
463 1000
779 1000
1 709
1 140
922 1000
769 1000
1 497
687 1000
79 1000
1 522
1 477
606 1000
1 478
1 578
962 1000
1 869
795 1000
43 1000
950 1000
1 868
1 848
611 1000
378 1000
1 489
736 1000
1 234
1 540
276 1000
1 669
289 1000
362 1000
1 86
1 557
400 1000
198 1000
1 793
803 1000
1 45
1 595
1 895
870 1000
1 260
599 1000
856 1000
540 1000
1 837
770 1000
386 1000
1 828
1 457
746 1000
1 762
1 553
1 532
635 1000
1 590
1 202
1 495
616 1000
1 923
1 734
135 1000
695 1000
1 938
265 1000
576 1000
1 506
732 1000
54 1000
1 408
698 1000
1 707
1 780
1 55
99 1000
1 225
438 1000
1 401
777 1000
1 57
333 1000
225 1000
1 639
421 1000
1 379
1 925
246 1000
188 1000
1 562
90 1000
674 1000
1 696
1 389
327 1000
48 1000
1 967
604 1000
1 806
190 1000
1 266
938 1000
1 398
1 723
1 370
1 784
1 135
1 314
1 783
1 287
1 745
1 396
1 682
1 788
1 849
1 651
757 1000
1 831
1 818
1 929
466 1000
18 1000
158 1000
53 1000
1 9
572 1000
1 517
306 1000
208 1000
761 1000
1 865
940 1000
507 1000
1 446
1 304
1 932
1 32
1 242
467 1000
834 1000
665 1000
1 587
1 570
917 1000
963 1000
218 1000
361 1000
1 560
486 1000
707 1000
1 434
1 162
357 1000
1 372
1 685
1 755
1 214
535 1000
1 216
393 1000
1 792
1 948
1 611
570 1000
417 1000
1 829
1 133
783 1000
1 759
1 443
93 1000
514 1000
556 1000
1 423
868 1000
172 1000
1 509
373 1000
1 250
1 358
118 1000
1 486
821 1000
281 1000
733 1000
598 1000
859 1000
983 1000
1 259
579 1000
1 378
1 539
1 889
1 40
1 179
111 1000
1 516
414 1000
1 879
794 1000
472 1000
1 673
982 1000
379 1000
1 909
672 1000
100 1000
1 245
1 11
1 687
824 1000
1 261
749 1000
187 1000
1 897
1 128
533 1000
1 313
1 467
619 1000
1 924
352 1000
1 730
1 980
981 1000
1 290
538 1000
1 256
1 107
1 209
87 1000
1 410
497 1000
671 1000
248 1000
1 992
1 700
1 695
470 1000
347 1000
291 1000
409 1000
1 462
1 335
1 959
1 772
1 483
1 812
985 1000
864 1000
1 442
240 1000
704 1000
628 1000
1 619
1 453
833 1000
1 728
1 569
1 488
435 1000
861 1000
398 1000
1 930
456 1000
1 7
1 130
27 1000
973 1000
262 1000
1 117
60 1000
1 182
474 1000
937 1000
86 1000
1 371
1 649
1 838
1 75
896 1000
816 1000
786 1000
1 919
512 1000
1 380
1 409
662 1000
452 1000
842 1000
461 1000
1 116
641 1000
1 248
83 1000
1 876
106 1000
1 326
337 1000
1 292
1 70
1000 1000
506 1000
383 1000
796 1000
1 527
1 910
76 1000
1 233
1 163
658 1000
500 1000
713 1000
1 846
677 1000
174 1000
1 84
1 184
1 269
403 1000
1 631
84 1000
1 899
1 481
19 1000
1 748
634 1000
360 1000
977 1000
1 813
1 621
1 943
651 1000
191 1000
924 1000
476 1000
644 1000
1 916
1 803
811 1000
1 226
1 851
1 774
967 1000
234 1000
524 1000
216 1000
243 1000
1 332
239 1000
261 1000
1 487
