1000 1000 1998
77 1
1000 675
1000 427
1000 280
868 1
835 1
1000 868
1000 423
1000 57
1000 482
1000 182
770 1
1000 436
1000 803
802 1
1000 362
486 1
68 1
1000 198
1000 715
819 1
267 1
1000 979
1000 561
1000 345
1000 252
454 1
1000 933
34 1
1000 755
595 1
246 1
1000 645
1000 322
1000 113
1000 154
1000 173
1000 943
1000 986
514 1
1000 599
1000 926
1000 71
1000 541
1000 61
1000 456
999 1
1000 276
352 1
1000 214
1000 395
705 1
1000 764
1000 277
906 1
1000 954
1000 145
1000 630
282 1
1000 517
1000 191
1 1
1000 569
853 1
1000 894
673 1
1000 673
1000 733
413 1
494 1
1000 142
620 1
478 1
764 1
134 1
1000 601
330 1
1000 412
1000 470
1000 132
878 1
1000 314
116 1
831 1
373 1
1000 915
251 1
1000 190
379 1
647 1
820 1
1000 632
64 1
207 1
1000 963
35 1
1000 959
211 1
638 1
1000 394
1000 34
1000 672
444 1
1000 18
976 1
324 1
616 1
1000 742
442 1
1000 724
740 1
1000 595
916 1
983 1
1000 640
383 1
376 1
663 1
1000 802
1000 924
1000 7
1000 263
433 1
333 1
932 1
533 1
1000 520
1000 307
1000 149
1000 726
972 1
1000 922
75 1
389 1
600 1
144 1
1000 684
959 1
530 1
1000 46
1000 268
1000 629
1000 148
1000 816
597 1
1000 785
742 1
1000 723
1000 72
6 1
1000 333
706 1
1000 511
1000 159
892 1
1000 340
1000 289
814 1
712 1
161 1
259 1
1000 780
649 1
1000 728
1000 907
309 1
481 1
664 1
110 1
669 1
2 1
1000 141
1000 397
1000 466
1000 737
459 1
569 1
666 1
1000 271
1000 813
1000 327
719 1
1000 883
92 1
1000 720
624 1
1000 24
636 1
1000 506
1000 575
1000 309
500 1
1000 949
1000 555
680 1
3 1
1000 730
1000 793
555 1
1000 429
1000 178
438 1
911 1
200 1
466 1
1000 712
698 1
335 1
961 1
1000 444
1000 350
1000 28
199 1
1000 940
1000 635
702 1
1000 518
125 1
1000 503
659 1
1000 961
929 1
563 1
1000 484
375 1
1000 121
635 1
758 1
331 1
41 1
121 1
1000 609
396 1
1000 346
111 1
564 1
1000 304
1000 415
1000 302
1000 49
492 1
1000 840
917 1
231 1
23 1
107 1
483 1
1000 125
1000 966
97 1
1000 692
893 1
1000 694
751 1
1000 863
1000 882
1000 187
568 1
903 1
1000 33
252 1
1000 738
1000 888
152 1
1000 311
964 1
628 1
554 1
962 1
93 1
1000 359
1000 622
1000 131
205 1
946 1
12 1
1000 371
767 1
457 1
617 1
158 1
215 1
612 1
1000 446
718 1
1000 147
1000 540
1000 745
1000 201
1000 335
926 1
613 1
1000 969
1000 550
1000 273
1000 382
847 1
1000 455
22 1
1000 405
506 1
489 1
1000 209
277 1
313 1
848 1
1000 217
1000 936
395 1
37 1
1000 414
523 1
1000 143
1000 787
1000 45
288 1
601 1
1000 179
536 1
725 1
1000 995
1000 70
474 1
1000 136
849 1
387 1
1000 62
1000 225
1000 797
907 1
455 1
674 1
224 1
1000 25
209 1
214 1
1000 841
1000 739
8 1
1000 386
1000 717
1000 808
445 1
671 1
198 1
1000 659
1000 407
63 1
590 1
1000 402
1000 377
672 1
593 1
1000 17
1000 767
1000 396
1000 457
540 1
817 1
837 1
901 1
31 1
1000 229
799 1
85 1
560 1
25 1
1000 997
1000 430
1000 385
1000 544
1000 637
154 1
700 1
1000 784
381 1
1000 543
227 1
1000 744
1000 618
113 1
127 1
585 1
1000 530
1000 110
650 1
1000 651
1000 489
1000 59
1000 711
337 1
1000 299
1000 516
1000 465
1000 76
1000 266
353 1
1000 282
930 1
862 1
401 1
899 1
326 1
222 1
697 1
407 1
1000 604
76 1
303 1
1000 576
955 1
1000 163
1000 824
1000 897
1000 403
1000 624
1000 709
727 1
1000 175
1000 899
801 1
1000 634
521 1
1000 400
1000 799
1000 519
1000 822
1000 467
1000 819
621 1
102 1
1000 241
1000 240
543 1
824 1
312 1
882 1
1000 310
311 1
987 1
1000 223
1000 23
71 1
1000 823
244 1
325 1
1000 122
1000 765
1000 118
1000 927
1000 219
473 1
1000 621
1000 578
1000 992
44 1
1000 884
798 1
1000 929
1000 870
1000 703
1000 850
1000 586
556 1
721 1
1000 417
52 1
1000 507
789 1
399 1
228 1
728 1
1000 564
1000 721
1000 22
1000 700
890 1
1000 682
646 1
875 1
374 1
931 1
1000 731
190 1
1000 230
642 1
1000 32
1000 473
1000 976
920 1
1000 814
1000 440
1000 704
1000 962
308 1
583 1
346 1
1000 116
1000 649
1000 58
1000 294
451 1
1000 501
594 1
1000 597
1000 36
1000 450
1000 600
571 1
1000 498
1000 364
1000 21
1000 133
688 1
1000 494
351 1
1000 558
1000 51
321 1
1000 871
749 1
1000 233
348 1
517 1
1000 83
274 1
1000 904
1000 358
998 1
1000 284
1000 690
1000 441
61 1
557 1
302 1
988 1
480 1
1000 763
1000 75
38 1
565 1
1000 869
1000 156
748 1
1000 806
1000 756
677 1
944 1
1000 44
1000 254
678 1
1000 92
1000 941
230 1
1000 725
1000 636
1000 510
1000 775
84 1
1000 176
178 1
1000 571
329 1
1000 262
1000 14
1000 138
1000 102
668 1
262 1
611 1
338 1
171 1
884 1
968 1
140 1
587 1
1000 965
1000 839
1000 676
945 1
1000 930
249 1
479 1
1000 29
1000 890
923 1
363 1
204 1
196 1
897 1
1000 662
1000 770
1000 749
1000 542
1000 318
307 1
1000 847
1000 835
1000 334
1000 199
1000 820
1000 674
679 1
1000 298
162 1
265 1
53 1
524 1
765 1
39 1
855 1
1000 916
192 1
1000 727
771 1
1000 851
1000 753
596 1
95 1
623 1
344 1
967 1
1000 285
447 1
1000 479
186 1
810 1
1000 582
699 1
232 1
828 1
1000 852
476 1
96 1
881 1
1000 568
1000 94
174 1
1000 288
1000 388
1000 211
1000 246
1000 185
1000 392
979 1
644 1
317 1
851 1
928 1
345 1
651 1
921 1
1000 972
388 1
377 1
1000 887
1000 474
1000 957
461 1
1000 80
223 1
1000 625
918 1
562 1
606 1
1000 435
1000 828
163 1
1000 104
1000 251
769 1
1000 592
371 1
369 1
130 1
1000 548
1000 270
886 1
315 1
236 1
756 1
619 1
1000 706
1000 810
1000 800
1000 481
1000 521
119 1
1000 161
1000 761
1000 226
1000 300
431 1
1000 654
956 1
840 1
950 1
730 1
1000 213
1000 691
1000 567
394 1
1000 497
1000 912
1000 338
1000 442
588 1
1000 734
1000 170
873 1
159 1
1000 977
1000 526
1000 204
1000 275
122 1
1000 387
900 1
117 1
1000 103
1000 146
997 1
995 1
822 1
1000 291
65 1
1000 216
1000 20
1000 245
1000 313
82 1
436 1
1000 958
366 1
1000 42
89 1
482 1
1000 232
1000 68
273 1
874 1
109 1
450 1
775 1
283 1
546 1
458 1
289 1
470 1
981 1
422 1
776 1
1000 771
323 1
477 1
1000 788
33 1
949 1
1000 73
409 1
1000 13
1000 549
1000 898
1000 329
1000 906
1000 774
1000 111
1000 438
1000 411
1000 953
1000 832
1000 265
411 1
218 1
1000 647
471 1
685 1
1000 66
1000 12
1000 981
280 1
1000 432
1000 196
689 1
603 1
1000 980
1000 55
1000 491
1000 747
834 1
871 1
1000 606
1000 500
1000 295
576 1
188 1
1000 918
1000 224
1000 401
1000 796
1000 326
1000 701
1000 843
947 1
567 1
684 1
1000 772
285 1
1000 652
1000 408
598 1
1000 353
380 1
148 1
1000 485
938 1
614 1
535 1
550 1
537 1
15 1
1000 778
1000 626
891 1
1000 331
1000 437
1000 815
1000 496
658 1
94 1
1000 480
1000 762
141 1
1000 759
639 1
1000 535
213 1
306 1
1000 139
1000 920
760 1
1000 303
572 1
933 1
904 1
1000 337
1000 925
1000 168
278 1
1000 96
1000 873
883 1
1000 244
1000 357
402 1
1000 928
1000 433
1000 26
1000 106
790 1
994 1
390 1
1000 663
1000 876
1000 323
1000 91
1000 657
779 1
1000 872
126 1
169 1
1000 710
839 1
1000 861
108 1
1000 315
429 1
943 1
260 1
202 1
984 1
1000 655
1000 166
1000 356
416 1
1000 679
966 1
1000 369
762 1
735 1
599 1
513 1
589 1
193 1
1000 612
1000 593
1000 688
145 1
1000 989
1000 545
744 1
1000 804
1000 218
1000 669
1000 677
830 1
1000 160
1000 207
1000 378
350 1
582 1
686 1
1000 472
545 1
1000 859
785 1
1000 27
1000 865
812 1
1000 50
90 1
1000 165
32 1
807 1
1000 947
217 1
1000 984
221 1
1000 905
1000 220
1000 39
1000 743
298 1
896 1
863 1
520 1
1000 740
991 1
1000 893
854 1
233 1
1000 680
1000 653
1000 355
253 1
858 1
1000 281
1000 426
501 1
103 1
256 1
704 1
1000 499
1000 372
1000 532
472 1
1000 531
1000 180
343 1
242 1
299 1
1000 666
657 1
1000 137
446 1
46 1
579 1
74 1
1000 698
1000 234
1000 892
1000 445
1000 117
1000 987
604 1
1000 384
1000 985
632 1
924 1
60 1
1000 950
1000 608
655 1
1000 619
58 1
91 1
1000 468
763 1
548 1
1000 878
1000 552
168 1
292 1
462 1
403 1
768 1
1000 833
384 1
1000 999
1000 283
843 1
766 1
1000 193
498 1
1000 253
1000 53
98 1
1000 668
1000 120
54 1
295 1
1000 108
187 1
1000 718
919 1
607 1
1000 939
467 1
1000 424
1000 428
1000 200
432 1
101 1
1000 134
1000 855
1000 591
360 1
424 1
16 1
948 1
1000 328
1000 174
792 1
1000 8
1000 751
509 1
1000 43
1000 964
1000 351
1000 90
1000 195
133 1
1000 9
512 1
1000 344
1000 834
112 1
80 1
1000 368
180 1
1000 420
342 1
1000 877
1000 5
297 1
951 1
264 1
1000 184
1000 607
777 1
142 1
1000 658
781 1
386 1
939 1
49 1
1000 2
487 1
1000 82
996 1
160 1
879 1
56 1
1000 255
1000 801
738 1
28 1
1000 686
27 1
1000 451
978 1
340 1
392 1
1000 3
895 1
1000 931
731 1
1000 389
737 1
687 1
220 1
1000 671
1000 247
701 1
1000 534
1000 194
631 1
135 1
1000 533
1000 572
630 1
40 1
272 1
485 1
913 1
1000 162
575 1
1000 290
1000 831
1000 183
216 1
1000 827
1000 579
1000 537
1000 509
682 1
1000 38
1000 879
1000 732
1000 319
577 1
1000 210
1000 279
475 1
1000 935
1000 896
1000 461
1000 495
1000 750
290 1
104 1
156 1
1000 205
301 1
1000 114
393 1
573 1
986 1
1000 181
502 1
1000 151
434 1
1000 577
177 1
194 1
1000 140
1000 856
1000 153
1000 817
1000 16
1000 471
100 1
1000 172
1000 789
864 1
443 1
370 1
1000 975
1000 316
558 1
1000 585
1000 126
320 1
1000 459
29 1
1000 693
1000 19
1000 973
164 1
1000 849
954 1
1000 11
782 1
1000 773
1000 434
1000 982
1000 524
703 1
691 1
286 1
1000 776
876 1
150 1
936 1
1000 768
151 1
167 1
1000 620
210 1
1000 486
1000 239
1000 393
772 1
1000 523
212 1
1000 157
1000 425
123 1
18 1
1000 945
43 1
1000 413
808 1
1000 952
468 1
1000 605
544 1
1000 243
656 1
676 1
507 1
1000 410
695 1
1000 611
185 1
1000 390
488 1
59 1
1000 380
247 1
208 1
1000 287
176 1
1000 306
1000 152
566 1
336 1
30 1
736 1
1000 846
460 1
877 1
1000 158
872 1
522 1
1000 65
1000 923
1000 581
1000 292
844 1
1000 902
1000 616
263 1
105 1
887 1
580 1
1000 227
910 1
937 1
542 1
42 1
428 1
1000 631
958 1
633 1
1000 189
1000 188
48 1
1000 135
1000 6
1000 667
62 1
1000 478
1000 783
1000 944
1000 257
1000 613
1000 643
266 1
1000 124
1000 811
1000 463
1000 937
975 1
1000 367
1000 212
1000 60
1000 363
927 1
1000 766
1000 81
969 1
79 1
181 1
1000 443
1000 791
591 1
504 1
1000 938
410 1
1000 697
425 1
1000 809
1000 565
541 1
796 1
1000 844
271 1
722 1
1000 261
1000 708
940 1
980 1
279 1
989 1
170 1
81 1
1000 551
1000 566
1000 86
1000 911
634 1
1000 332
201 1
70 1
1000 557
788 1
114 1
778 1
17 1
1000 946
7 1
1000 63
354 1
1000 971
1000 829
1000 777
1000 661
1000 336
149 1
1000 641
774 1
418 1
888 1
842 1
1000 228
1000 556
1000 469
610 1
430 1
1000 891
1000 845
245 1
953 1
846 1
1000 885
1000 242
339 1
1000 836
469 1
1000 505
1000 492
578 1
1000 602
183 1
1000 794
1000 476
898 1
821 1
909 1
739 1
1000 360
175 1
310 1
1000 838
1000 508
694 1
889 1
1000 41
452 1
4 1
1000 996
1000 222
1000 993
449 1
885 1
293 1
1000 458
1000 493
1000 758
1000 409
14 1
20 1
1000 186
138 1
1000 115
880 1
463 1
1000 547
1000 588
716 1
261 1
645 1
490 1
615 1
1000 781
836 1
1000 562
155 1
1000 449
365 1
1000 994
106 1
827 1
708 1
1000 439
203 1
1000 642
1000 681
1000 627
729 1
838 1
531 1
510 1
1000 460
1000 825
1000 842
990 1
1000 623
1000 192
860 1
1000 453
780 1
1000 454
440 1
1000 807
1000 741
173 1
570 1
552 1
1000 512
503 1
1000 719
652 1
1000 123
1000 848
1000 854
1000 502
1000 660
1000 330
795 1
287 1
243 1
654 1
1000 689
850 1
1000 866
925 1
941 1
412 1
1000 910
484 1
1000 56
710 1
1000 862
1000 913
406 1
867 1
1000 633
1000 197
626 1
234 1
1000 258
825 1
866 1
189 1
1000 10
992 1
1000 422
1000 97
786 1
1000 431
894 1
1000 462
1000 942
421 1
1000 325
1000 909
1000 628
1000 685
1000 87
942 1
815 1
832 1
1000 573
1000 553
341 1
1000 260
219 1
1000 614
284 1
741 1
1000 539
464 1
773 1
197 1
1000 570
26 1
696 1
527 1
356 1
270 1
1000 48
120 1
1000 164
1000 895
653 1
826 1
269 1
1000 646
515 1
441 1
861 1
1000 487
1000 398
318 1
1000 416
435 1
811 1
534 1
83 1
1000 792
627 1
803 1
1000 615
1000 830
1000 37
797 1
1000 590
448 1
1000 525
1000 583
783 1
608 1
1000 339
952 1
1000 559
1000 31
1000 536
1000 584
1000 648
67 1
1000 418
1000 513
640 1
423 1
1000 144
581 1
813 1
1000 713
322 1
717 1
294 1
1000 812
1000 538
1000 596
1000 15
755 1
367 1
592 1
382 1
841 1
305 1
1000 886
316 1
139 1
239 1
622 1
69 1
1000 875
1000 419
857 1
681 1
661 1
804 1
662 1
268 1
1000 696
526 1
922 1
963 1
675 1
275 1
129 1
1000 650
1000 914
726 1
1000 74
226 1
935 1
153 1
1000 546
258 1
784 1
732 1
1000 798
1000 231
1000 716
1000 757
191 1
1000 177
86 1
982 1
314 1
319 1
1000 404
1000 857
124 1
1000 795
1000 554
1000 301
5 1
1000 818
670 1
1000 293
291 1
1000 399
914 1
618 1
528 1
1000 705
1000 88
974 1
99 1
1000 128
1000 352
132 1
1000 752
166 1
746 1
823 1
1000 603
497 1
1000 867
752 1
609 1
1000 598
915 1
137 1
902 1
985 1
1000 919
349 1
574 1
397 1
9 1
1000 874
1000 748
1000 858
1000 988
1000 983
993 1
361 1
495 1
833 1
240 1
1000 991
19 1
1000 84
791 1
118 1
1000 978
1000 381
1000 490
1000 769
1000 98
493 1
1000 373
787 1
398 1
1000 237
254 1
1000 79
147 1
1000 580
1000 264
1000 40
21 1
24 1
1000 206
1000 956
1000 678
357 1
1000 617
793 1
229 1
1000 379
1000 903
745 1
1000 101
586 1
11 1
1000 464
1000 881
1000 109
1000 308
1000 375
750 1
1000 169
805 1
1000 687
934 1
206 1
327 1
1000 349
1000 860
1000 880
499 1
1000 366
1000 250
1000 376
516 1
1000 644
818 1
1000 320
1000 221
437 1
747 1
1000 248
584 1
724 1
1000 365
1000 990
1000 391
1000 30
912 1
1000 447
602 1
743 1
707 1
179 1
1000 150
1000 78
800 1
1000 343
1000 312
404 1
1000 370
559 1
131 1
1000 670
629 1
1000 105
1000 951
1000 267
1000 514
1000 342
561 1
1000 722
1000 960
496 1
1000 35
391 1
1000 127
1000 683
1000 317
1000 790
1000 699
553 1
519 1
970 1
852 1
692 1
182 1
88 1
165 1
1000 527
426 1
711 1
551 1
1000 236
1000 348
1000 406
753 1
237 1
1000 85
1000 968
400 1
1000 695
1000 574
1000 171
358 1
714 1
1000 589
257 1
1000 167
72 1
754 1
195 1
355 1
250 1
1000 955
529 1
845 1
605 1
660 1
525 1
809 1
143 1
547 1
47 1
1000 560
465 1
715 1
1000 130
1000 736
973 1
1000 901
759 1
1000 528
1000 452
1000 374
1000 735
720 1
276 1
364 1
1000 746
281 1
1000 202
761 1
1000 475
1000 638
1000 107
1000 967
372 1
1000 100
905 1
419 1
51 1
1000 664
1000 587
1000 305
794 1
1000 504
1000 99
511 1
709 1
1000 155
829 1
1000 296
45 1
806 1
241 1
641 1
66 1
1000 805
184 1
532 1
977 1
1000 714
385 1
549 1
1000 93
1000 1
420 1
1000 786
865 1
1000 563
1000 821
1000 238
334 1
1000 702
971 1
1000 970
225 1
1000 488
417 1
1000 900
36 1
405 1
1000 256
359 1
1000 998
10 1
1000 639
665 1
508 1
1000 4
1000 932
505 1
816 1
1000 837
115 1
734 1
1000 729
869 1
1000 477
1000 779
1000 921
1000 89
146 1
723 1
453 1
1000 826
965 1
713 1
1000 259
683 1
1000 67
1000 754
57 1
136 1
255 1
50 1
1000 515
1000 522
637 1
643 1
408 1
128 1
1000 272
1000 889
1000 47
1000 235
859 1
1000 665
1000 324
1000 203
1000 610
1000 782
328 1
1000 297
304 1
1000 864
957 1
238 1
667 1
1000 934
235 1
1000 529
1000 64
296 1
856 1
1000 347
1000 69
648 1
1000 119
415 1
1000 286
456 1
908 1
157 1
1000 707
439 1
1000 215
13 1
347 1
1000 341
1000 917
1000 112
300 1
1000 383
172 1
368 1
538 1
1000 52
1000 948
1000 853
870 1
1000 421
1000 95
332 1
1000 208
960 1
690 1
1000 77
1000 594
733 1
73 1
1000 274
625 1
1000 54
378 1
1000 129
757 1
518 1
539 1
362 1
1000 321
1000 361
1000 974
78 1
1000 448
1000 483
1000 249
87 1
1000 354
414 1
55 1
1000 269
1000 760
693 1
1000 656
427 1
248 1
491 1
1000 908
1000 278
