1000 1000 3996
722 1
747 1
655 1
1000 71
112 1000
1 142
1000 295
1 751
641 1000
1000 236
1 908
1 553
1000 857
1000 809
913 1000
307 1
164 1000
468 1000
484 1000
1 389
767 1000
1 256
1 761
1000 41
640 1
509 1000
45 1000
1000 310
423 1
879 1
53 1000
1 923
697 1000
1000 601
437 1000
952 1000
1 52
765 1000
1000 156
362 1000
1 777
1000 228
568 1
661 1000
980 1000
125 1
892 1000
1 897
83 1000
1 791
744 1
1000 381
1000 189
752 1000
124 1
1 129
1 594
1000 853
651 1
511 1000
541 1
1 491
154 1
435 1000
1000 985
1 717
205 1000
648 1000
874 1000
944 1
1 838
1000 739
1000 259
1000 150
446 1
1000 86
1000 194
94 1000
657 1
1 995
1000 789
1000 386
136 1
382 1
1000 804
1000 429
986 1000
1 170
742 1
1000 230
1000 252
1 492
1000 2
869 1000
531 1
1000 49
428 1000
1000 555
215 1
1 487
1000 602
1000 646
1 393
487 1000
1 767
310 1000
1000 341
715 1
210 1
969 1
1 869
643 1
519 1
1000 402
302 1000
1000 580
140 1
1000 877
1000 712
616 1000
399 1000
314 1
1000 617
471 1
90 1
1 608
1000 861
747 1000
131 1000
992 1000
1 31
1000 620
974 1
1000 163
555 1000
639 1000
129 1000
1000 609
1 657
1 391
379 1000
438 1
1 548
273 1
270 1
199 1000
1 111
1 84
258 1000
1 654
508 1000
1 338
433 1
807 1000
606 1000
1 401
979 1
122 1
478 1
530 1000
1000 764
1000 852
970 1
1 824
1 472
802 1000
1000 268
764 1000
1000 112
1 585
1000 246
835 1000
140 1000
757 1
1000 848
1000 633
1 177
329 1
1000 361
1 770
885 1
798 1000
57 1000
1 311
598 1
93 1
1000 481
559 1
1000 174
1 432
419 1
1 759
1000 941
1 846
106 1
97 1000
1 356
919 1
1 508
375 1000
334 1000
159 1000
635 1
290 1000
733 1000
1000 750
1000 540
1 20
637 1000
94 1
163 1
656 1000
30 1
782 1
1000 508
1000 918
1 249
359 1
1 550
1000 355
613 1
245 1
1 366
1 87
1000 269
628 1
1000 996
1000 10
1000 968
957 1
1000 954
1 837
864 1
629 1
1 299
981 1
1000 520
1 71
305 1000
1 295
561 1000
725 1000
1000 290
205 1
1 750
1 559
1 975
351 1
792 1000
378 1
1000 967
1000 970
442 1
681 1
69 1000
924 1
1 51
1 888
1000 84
720 1000
1000 53
110 1
56 1000
313 1000
1000 34
1000 922
1 638
632 1000
170 1000
602 1000
540 1000
1000 698
1000 129
1 494
1000 74
775 1
1000 22
404 1000
1 530
44 1000
1 163
133 1000
1000 898
1 379
1000 664
701 1000
116 1
132 1000
1000 495
1 976
1 39
287 1
916 1
1000 828
698 1
342 1
1000 728
615 1
678 1
1000 890
867 1000
874 1
1000 425
103 1000
374 1
1 887
1000 964
997 1000
787 1
1 748
688 1000
536 1000
1 445
1 209
1000 418
751 1
127 1000
1000 42
443 1
1 266
367 1
102 1
300 1
1 669
827 1
1000 200
1000 934
608 1000
346 1
279 1000
832 1
1 452
797 1000
1000 872
1 387
1000 120
674 1
289 1
1000 51
1 931
1000 581
1 178
1000 357
1 898
1000 401
1 79
1000 722
972 1000
609 1
587 1
449 1000
101 1
750 1000
1 57
840 1
1000 447
1000 50
34 1
723 1000
1000 213
1 13
1 272
1 985
263 1000
1 756
178 1
574 1
660 1000
845 1
1000 867
390 1000
913 1
483 1000
825 1
1 374
1000 105
733 1
634 1
109 1
147 1
1 833
1 221
781 1
1 10
710 1000
1000 849
358 1
880 1
626 1000
347 1000
1 971
624 1000
477 1
1 2
499 1000
445 1
487 1
760 1000
805 1000
1000 988
1000 492
1000 636
1000 439
1000 60
1 517
768 1000
1000 312
1 83
1000 8
1 459
713 1
177 1000
959 1
1 525
1 762
1 216
1 895
1 259
664 1000
49 1
13 1
1000 234
515 1000
66 1
1000 32
1 637
1000 216
575 1000
1 65
911 1
1 156
906 1
1 956
704 1
1 206
1 214
1000 598
1 547
425 1
1 763
349 1000
572 1000
1000 653
1 710
820 1000
480 1
562 1
1 243
1 30
917 1000
1 375
1000 920
1 788
1 560
1 658
1000 733
972 1
364 1
671 1
922 1
1 456
898 1
1 501
1000 477
563 1
213 1
293 1000
1 106
1 664
46 1
593 1
1 128
907 1
937 1
323 1000
1 716
1000 850
1000 593
1000 677
1 44
11 1
659 1000
1 200
1000 960
663 1
912 1000
1 961
723 1
287 1000
54 1
1000 740
1000 895
144 1000
1 470
26 1000
1000 978
1000 186
1 95
1 4
1 473
938 1
1000 544
1000 371
367 1000
1000 454
1000 63
1000 136
234 1000
125 1000
65 1000
104 1
450 1000
905 1000
269 1000
1 27
1000 139
1000 284
708 1000
1 284
304 1000
1 865
685 1
220 1000
1000 468
1 50
1000 198
99 1
1000 153
6 1
1 97
1000 896
1000 482
141 1000
1 29
1 743
1000 204
1000 491
1 255
1 62
1000 44
4 1000
1 973
1 242
1000 108
1 483
296 1
1000 116
662 1
1 88
1 136
748 1000
1 126
758 1
1000 546
578 1
1000 916
1000 464
262 1000
706 1
496 1000
1 151
1 835
788 1000
20 1000
275 1
1000 473
1000 952
286 1000
128 1
820 1
547 1000
1 582
802 1
622 1000
1 211
703 1000
272 1000
893 1000
876 1000
834 1
510 1000
1000 781
750 1
1000 704
943 1000
92 1
1000 66
899 1
1 623
1000 412
1 636
150 1
1000 811
1 199
731 1000
15 1000
899 1000
1 989
191 1
55 1
1000 923
168 1000
312 1000
521 1000
586 1000
151 1000
493 1000
22 1000
584 1000
1000 612
1000 517
408 1
1 55
1000 336
486 1
821 1000
696 1
1000 277
631 1
1 687
1 935
41 1000
1000 497
773 1000
1000 799
1000 837
40 1
1 48
931 1
317 1000
1000 140
569 1
1000 541
1000 585
302 1
436 1000
1000 319
1000 569
1 25
737 1
1 125
1000 443
1 103
171 1000
364 1000
1 520
1000 603
1000 365
455 1000
222 1000
1 775
1000 98
1 11
1 900
1 969
202 1
1 521
1000 370
352 1
1 72
191 1000
1000 671
470 1000
1 571
1 482
1000 458
946 1000
309 1000
1 59
1000 35
1000 542
1000 176
1 679
665 1000
1 455
1000 786
3 1
1 239
1 728
829 1
1000 340
1000 516
495 1
1000 768
774 1000
1 725
1000 114
1 248
250 1
1000 744
1000 404
1000 369
883 1
24 1000
1000 251
238 1000
1000 713
1000 870
1000 626
977 1000
1 546
564 1
19 1000
1 313
939 1000
984 1
1 890
1 701
1 346
777 1000
1000 708
633 1000
1000 613
465 1
1 851
1000 919
1000 78
1 149
1000 871
1000 432
534 1
1 925
569 1000
762 1
1000 125
1 798
1000 614
73 1000
1000 335
255 1
50 1000
157 1000
1000 720
855 1000
243 1000
288 1
883 1000
1000 731
1000 202
1000 949
292 1
551 1
556 1000
1 400
1 344
1 561
1 205
755 1
1 809
1 591
1 876
360 1000
928 1000
1 302
1000 770
490 1
265 1
1000 331
1000 75
1 162
650 1000
1000 523
1000 223
917 1
1 605
1 134
413 1000
1 226
123 1
1000 217
923 1000
127 1
1000 695
876 1
1 222
1000 308
161 1000
819 1
303 1000
1000 271
371 1
666 1
871 1
409 1
1 579
862 1000
134 1000
1 772
1 859
1000 564
633 1
926 1
86 1000
1 760
343 1000
1 902
1 187
1000 291
222 1
604 1000
1 919
944 1000
900 1000
68 1
996 1
1 688
1 758
506 1
1 682
1000 440
295 1
155 1000
1 110
496 1
20 1
1 929
1000 18
938 1000
251 1
262 1
228 1000
995 1
1 621
1000 662
383 1
1 747
1 86
1 685
223 1000
1000 658
204 1
1000 840
187 1000
361 1
389 1
343 1
1 133
1000 469
804 1
33 1
1 755
120 1
1 998
172 1000
930 1000
1 543
264 1000
1000 395
1000 162
76 1
822 1000
971 1000
1 502
811 1
1000 119
1000 930
108 1
1 298
284 1000
644 1000
1000 70
921 1000
28 1000
1000 160
373 1000
1 478
808 1000
1000 250
1 231
571 1000
1000 958
1000 993
1000 946
954 1
147 1000
349 1
1 424
1 230
1 738
732 1
1 428
1000 470
1 397
388 1
454 1
806 1000
504 1
1 112
267 1000
1000 524
725 1
85 1000
1 597
1 498
1000 54
1 370
946 1
600 1
1000 267
1000 206
1 141
1 996
95 1000
1000 701
719 1
928 1
1 410
1 884
1 58
843 1000
353 1000
242 1
856 1
1 448
818 1
1 945
1 663
1000 322
554 1
452 1
288 1000
469 1
1 527
686 1000
1 398
1000 131
1000 962
241 1000
1000 410
1 572
1 744
1 275
1000 533
858 1
400 1
1 169
1000 666
1000 242
694 1000
981 1000
654 1000
1 593
1 343
233 1000
678 1000
1 729
1 264
1000 157
178 1000
1 453
862 1
1 192
1000 307
1 415
1 460
686 1
1000 97
565 1000
138 1
1000 637
1000 724
503 1000
1000 218
1 310
1 9
1000 998
338 1
729 1
699 1
109 1000
1000 67
838 1000
704 1000
1000 427
4 1
164 1
306 1
417 1
1000 675
59 1
1000 474
1000 272
745 1
1 514
1 711
1000 303
848 1000
1 201
326 1
1 632
1 90
1000 154
1000 531
1000 376
1000 311
1 519
1 886
1 306
1000 723
360 1
1 47
1000 707
1 505
1 157
251 1000
283 1
1000 563
1 852
697 1
793 1000
1 195
1 368
328 1
1000 23
814 1
219 1000
1000 346
1 75
1 155
1 816
867 1
547 1
321 1000
384 1
1 405
245 1000
1000 121
1000 829
1000 761
1 834
1 983
1000 776
838 1
636 1
188 1000
1 940
1 384
910 1000
1 589
1000 622
1 795
64 1000
1000 944
542 1
654 1
1 698
545 1000
1000 907
318 1
998 1
1 555
1 108
1000 257
1000 256
268 1
1000 686
956 1000
533 1000
414 1000
160 1000
1000 14
671 1000
722 1000
1000 95
855 1
1 331
639 1
1000 656
217 1000
138 1000
575 1
552 1
123 1000
261 1
1000 856
1 812
769 1000
1000 345
1000 911
224 1
1 676
1 425
998 1000
1 893
1000 301
1 489
621 1000
318 1000
1000 48
1000 190
1000 623
1 544
1000 599
819 1000
1000 350
1000 814
32 1000
1 276
1 860
761 1000
1000 58
1000 349
1 271
1000 938
179 1000
546 1000
43 1000
682 1000
1000 466
27 1
1 739
1000 757
305 1
499 1
1000 999
514 1000
1000 367
1000 618
594 1
1 957
256 1
567 1000
734 1000
1000 168
156 1
573 1000
460 1
232 1000
1000 815
1 807
352 1000
1 538
237 1
1000 343
1 808
1000 570
658 1000
752 1
1000 746
1 300
1000 957
1000 422
405 1
880 1000
1 14
1 672
1 223
289 1000
980 1
1 274
1000 485
1000 148
1 485
1 130
926 1000
1 64
1 202
1 958
1000 451
1 437
833 1000
9 1000
272 1
412 1000
1000 673
1000 643
982 1
778 1000
82 1000
1 990
544 1
890 1000
423 1000
250 1000
1000 810
1000 513
512 1
396 1000
1 138
1000 830
529 1000
712 1000
1000 624
534 1000
601 1
987 1000
700 1000
212 1000
1 552
965 1
434 1000
859 1
1 476
1000 766
765 1
315 1000
17 1
1000 679
726 1
1000 316
1000 415
1000 753
950 1
1000 838
1000 608
1000 12
803 1000
1000 866
683 1
1 932
1 684
683 1000
1 386
1 261
1 948
192 1000
1000 106
527 1000
1000 99
1000 101
531 1000
437 1
1000 772
1 35
417 1000
881 1000
1000 736
482 1
1000 248
1000 426
1000 394
513 1
566 1000
131 1
1 601
509 1
157 1
1 461
209 1000
1 457
1000 752
904 1
1 219
1000 610
1 304
336 1
1000 990
650 1
1 627
611 1000
383 1000
432 1000
1 655
1 877
1 742
908 1000
741 1000
884 1
151 1
398 1000
271 1000
772 1
825 1000
702 1
680 1
690 1
1000 805
466 1000
815 1
1000 283
1 80
1000 180
1 124
1 562
217 1
728 1000
804 1000
1000 461
1000 124
1 936
322 1
329 1000
799 1000
1 780
18 1000
332 1
1000 219
1000 292
66 1000
1000 571
1000 476
1000 337
1 463
902 1
550 1
52 1
1000 777
466 1
1000 195
813 1000
978 1
1 700
408 1000
1 766
1 913
1 369
1 827
1000 179
1000 953
1 604
372 1000
1 696
362 1
523 1
38 1000
345 1
1000 590
1000 767
162 1000
1 871
1000 525
1000 203
1 764
1000 860
1 82
1000 243
456 1000
1000 864
63 1000
176 1
446 1000
144 1
740 1000
976 1
32 1
204 1000
1000 515
517 1000
884 1000
1000 460
526 1
439 1
1000 210
1 488
169 1
1000 843
152 1000
983 1000
861 1
931 1000
1000 774
1 793
1 839
1 662
150 1000
393 1
1000 900
1 606
1000 457
983 1
142 1000
897 1000
1000 937
230 1000
966 1
1 950
1 40
1 378
266 1
756 1000
684 1000
1 382
1000 507
943 1
1 294
1 705
1000 224
458 1
347 1
721 1
854 1
716 1000
1 139
870 1000
860 1000
846 1
674 1000
1000 262
1000 100
1 269
513 1000
1000 714
1 43
1000 908
748 1
554 1000
210 1000
1000 868
254 1
556 1
1 993
540 1
1000 456
1 813
82 1
441 1
858 1000
1 330
1000 905
1000 578
1000 500
718 1
949 1
1000 710
1000 892
576 1000
1000 687
1000 384
1 465
1 933
1 323
1000 484
763 1
1 493
1 281
275 1000
35 1000
498 1000
1 215
1 164
1 584
103 1
165 1
875 1
46 1000
751 1000
1000 175
687 1
1000 982
1 709
635 1000
1000 352
1000 579
8 1
185 1
1 183
1 349
1 341
410 1000
525 1
1 831
560 1000
1 416
1 872
1000 886
1000 238
557 1
1000 237
35 1
597 1
1000 538
1 882
953 1000
582 1000
786 1000
28 1
613 1000
117 1
1 381
244 1
128 1000
784 1000
1 68
1000 509
692 1
588 1
1 117
596 1
601 1000
1 947
1000 586
361 1000
891 1000
1 147
168 1
1000 718
449 1
1 359
1000 212
208 1000
253 1
627 1000
528 1000
463 1000
1 894
1000 209
1 385
1 66
978 1000
1 665
183 1
1 184
646 1000
1 120
247 1
805 1
809 1
231 1
979 1000
1000 700
243 1
216 1000
424 1000
42 1000
1000 505
524 1
180 1000
1 5
1000 691
1000 584
651 1000
160 1
1 683
614 1
796 1000
1 968
568 1000
1 317
1 955
545 1
1000 716
915 1000
26 1
1000 135
369 1
1 119
249 1
1000 557
1000 79
852 1
1000 832
75 1000
714 1
739 1
1000 356
336 1000
831 1000
1 92
873 1000
1 509
1000 15
342 1000
1000 931
1 966
987 1
949 1000
1 232
652 1
863 1
153 1
1 828
239 1000
620 1
11 1000
502 1
283 1000
18 1
1 776
902 1000
1 848
106 1000
196 1000
975 1000
1 754
1 962
607 1000
12 1
794 1
1 927
661 1
1000 927
301 1
279 1
335 1
72 1
359 1000
376 1
1 624
1 540
1 436
1 229
745 1000
504 1000
1 915
729 1000
1 629
25 1
498 1
348 1
738 1
269 1
226 1
1 609
386 1
590 1
1 558
1 435
1 906
560 1
921 1
1 422
952 1
1 419
887 1
1 765
1 140
174 1
1000 663
363 1
783 1
1000 296
1000 798
1 531
1 706
1000 917
485 1
78 1
1000 846
1000 668
37 1
841 1000
1 694
1 836
122 1000
1 333
314 1000
1 512
1 358
1000 279
1000 887
1 840
672 1000
1000 650
1000 9
1000 506
999 1000
1000 566
1000 551
1 429
1 101
1 984
634 1000
801 1000
530 1
1000 644
1 53
859 1000
1 680
1 270
781 1000
860 1
1000 117
1000 396
1 301
1 549
113 1000
1 843
580 1
1000 904
1000 975
1000 992
1 799
39 1
1 191
1 801
889 1000
1000 152
1000 320
1 324
595 1
1 506
227 1
397 1000
1000 133
330 1
1 942
716 1
192 1
1000 147
1 154
67 1000
736 1000
728 1
637 1
810 1000
958 1
727 1
908 1
53 1
273 1000
1 318
811 1000
1 253
1 499
555 1
903 1
935 1000
840 1000
1 364
1000 936
313 1
1000 812
1000 796
670 1
746 1000
1000 562
1 954
1 188
1 152
412 1
1000 825
218 1
190 1
829 1000
945 1000
1000 392
1 803
1000 188
112 1
212 1
335 1000
616 1
1000 749
1000 193
221 1
618 1000
1000 529
1 864
1000 741
1000 942
114 1000
1000 715
1 145
1 146
1000 317
1 409
1000 397
701 1
1 580
1000 182
669 1000
1 732
444 1000
1000 31
1000 820
749 1
1000 273
1 104
888 1000
1 943
694 1
102 1000
1000 378
430 1
1 376
919 1000
872 1
401 1
685 1000
1 278
1 854
444 1
1000 417
1000 489
500 1
611 1
1000 387
72 1000
1 573
1000 91
488 1
1 980
1000 141
1000 795
303 1
1000 504
1000 560
1000 657
375 1
350 1000
914 1000
1 719
1000 914
602 1
965 1000
376 1000
1000 621
866 1000
194 1
1 986
418 1000
463 1
357 1
1000 465
717 1
1000 775
1000 285
221 1000
1000 576
158 1000
1 693
1 951
1 315
1000 382
405 1000
959 1000
1000 514
1000 143
785 1000
1000 132
1000 289
1 74
134 1
1 610
1 46
1 12
1 351
571 1
346 1000
1 823
727 1000
406 1000
849 1
695 1000
263 1
1 646
74 1000
749 1000
600 1000
1 244
1000 80
1 362
1 567
203 1
669 1
1 247
7 1000
1 390
1000 989
426 1
1000 699
1000 734
1 480
435 1
649 1000
60 1000
344 1000
31 1000
629 1000
1000 711
339 1
1000 113
1 644
589 1
1 320
366 1000
306 1000
1 554
1000 281
1000 171
476 1000
227 1000
88 1
566 1
1000 146
489 1000
374 1000
742 1000
107 1
447 1000
993 1000
1000 26
677 1000
61 1
1000 266
1 960
1000 647
1 160
1000 813
707 1000
198 1000
486 1000
1 566
1 625
280 1000
994 1
1000 948
771 1000
327 1
2 1000
1000 594
632 1
1 722
121 1000
1 418
334 1
235 1000
1 787
605 1000
1 991
29 1
457 1000
391 1
110 1000
1000 431
1 121
1000 438
316 1000
1000 169
206 1000
410 1
1 645
1 819
1000 748
50 1
1000 329
1000 30
96 1
1000 548
1000 639
1 314
1 674
1000 192
1000 13
230 1
419 1000
1000 333
522 1
295 1000
296 1000
1 928
988 1000
1000 247
1000 390
475 1
1000 567
1000 855
130 1
1000 462
1000 33
166 1
390 1
1 524
1 246
1000 85
1 967
1000 806
1000 437
1 639
1 6
1 885
465 1000
1 855
1000 391
340 1000
1 797
830 1000
576 1
324 1000
700 1
668 1
1 402
422 1
809 1000
826 1
1000 325
655 1000
799 1
1000 5
1000 582
1 373
277 1
1000 737
1 475
1000 76
1000 797
1 507
310 1
301 1000
403 1000
216 1
1000 510
1000 197
1000 328
1000 689
1 316
433 1000
774 1
101 1000
1000 191
724 1
1 570
1 866
479 1
9 1
1000 241
1000 313
562 1000
1 105
778 1
1000 800
1000 398
1 952
1000 659
1 203
1000 600
989 1
105 1
1000 924
817 1
724 1000
619 1000
1 734
464 1
2 1
1000 921
647 1000
1 959
776 1
292 1000
43 1
1000 293
491 1000
1 649
10 1
901 1000
1 237
1000 118
1000 235
1 174
1 515
832 1000
1 357
784 1
47 1
1 94
687 1000
511 1
1 724
1 611
309 1
922 1000
1000 424
215 1000
236 1
606 1
119 1000
1000 721
42 1
100 1000
237 1000
1000 102
1 556
705 1
1000 24
194 1000
1 545
411 1000
430 1000
1000 652
503 1
324 1
1000 446
1 427
877 1000
395 1
1 431
1 308
1000 89
843 1
1000 769
1 534
894 1
471 1000
139 1
113 1
956 1
366 1
1000 910
986 1
1000 974
967 1
1 258
1 468
373 1
1 309
436 1
1 263
68 1000
882 1
47 1000
1000 342
182 1000
1000 678
1 403
1 626
896 1000
738 1000
1000 173
532 1
19 1
3 1000
1 283
1000 955
1 37
167 1000
290 1
1 150
851 1000
38 1
851 1
1 360
1 218
1 978
331 1
136 1000
647 1
270 1000
1 981
1 614
311 1
1 159
947 1000
467 1
589 1000
961 1000
115 1000
1 850
680 1000
679 1000
1 224
1 642
1 752
1 592
1000 306
612 1000
196 1
699 1000
240 1000
1000 487
1 407
1 329
1000 226
439 1000
145 1
24 1
581 1
665 1
842 1
581 1000
780 1
414 1
1 279
962 1000
1 939
225 1000
1 185
274 1000
455 1
1 337
1000 823
676 1
831 1
1000 616
667 1000
27 1000
816 1000
83 1
400 1000
236 1000
1000 977
1 668
888 1
877 1
793 1
1000 416
193 1
1000 220
260 1000
1000 879
265 1000
1 805
1 565
1 122
1 590
791 1000
850 1000
1000 144
48 1
1 166
1 842
1000 696
586 1
889 1
845 1000
1 963
1 245
394 1
561 1
761 1
1000 966
516 1000
1 904
1000 344
391 1000
881 1
1000 692
953 1
395 1000
1000 348
98 1000
54 1000
1 578
470 1
1000 817
92 1000
1 692
1000 854
1 924
1000 419
316 1
1 342
1 612
12 1000
997 1
403 1
1 731
810 1
1000 490
847 1000
1000 137
1 774
260 1
1 914
837 1
1000 697
743 1
348 1000
1 802
969 1000
1 350
872 1000
209 1
1000 472
488 1000
1 240
1000 756
1 749
494 1000
377 1
544 1000
708 1
1000 240
495 1000
1 165
71 1
23 1000
1000 885
1000 587
1 238
257 1000
839 1000
518 1
468 1
39 1000
666 1000
1000 55
1000 950
1 497
1 354
1 265
323 1
1000 253
950 1000
985 1000
1 190
1 970
737 1000
1000 873
249 1000
604 1
990 1000
203 1000
1 768
1 307
642 1000
1 818
741 1
365 1000
21 1
1000 261
241 1
1 659
1 280
1 905
684 1
1000 845
1000 763
1000 435
603 1
828 1
16 1
1 771
1000 726
1000 183
1000 47
1 433
293 1
753 1000
1000 554
942 1
1000 298
1000 92
1000 651
1000 984
1000 264
779 1000
543 1
1 458
918 1000
454 1000
1000 818
1000 420
780 1000
1000 792
1000 676
970 1000
706 1000
337 1
298 1
1 551
1000 925
932 1
213 1000
1000 265
80 1
527 1
341 1000
478 1000
1 862
863 1000
1000 294
1000 945
1 442
1 858
441 1000
1000 263
582 1
768 1
1000 589
736 1
36 1000
1000 441
457 1
1 26
1000 994
995 1000
653 1
623 1000
317 1
679 1
1 735
350 1
1 930
572 1
1 353
510 1
603 1000
1000 351
1 542
1000 167
34 1000
695 1
535 1
1 484
1 522
344 1
411 1
691 1000
1000 300
1 595
578 1000
590 1000
1000 844
189 1
1 305
718 1000
753 1
1 789
1000 790
453 1
107 1000
920 1
1 412
940 1000
1 849
73 1
407 1
1000 912
1 28
1 708
756 1
80 1000
800 1000
1 713
165 1000
1 380
431 1000
1000 632
1000 134
878 1
526 1000
62 1
1000 808
104 1000
1000 83
1 371
386 1000
195 1000
1000 59
1000 453
836 1000
354 1
1000 254
1000 863
129 1
777 1
640 1000
930 1
717 1000
1000 46
798 1
1 327
1 297
713 1000
1 438
248 1
688 1
356 1000
36 1
770 1000
790 1000
892 1
827 1000
1000 995
173 1
464 1000
1 474
115 1
1000 493
1000 575
1 118
790 1
1000 730
1000 233
282 1
816 1
993 1
1 707
1000 19
396 1
1 449
896 1
1000 545
996 1000
912 1
1000 527
159 1
1000 61
1000 743
1000 128
1000 572
1000 645
548 1
1 643
628 1000
1 312
1000 28
208 1
1000 680
474 1
1 503
1000 717
1000 693
501 1000
890 1
1000 428
1 235
77 1
1000 1000
75 1
81 1000
1 678
1000 276
1000 502
1000 323
1 926
1000 494
563 1000
1 109
49 1000
1 785
1000 39
842 1000
162 1
1 620
1000 199
1000 109
631 1000
1000 138
1 832
1 336
1000 638
985 1
1000 302
1000 512
1000 791
1 909
1 689
1000 521
869 1
1 853
1 510
1 479
158 1
1 921
755 1000
1 965
67 1
1 115
1 96
116 1000
1 347
1000 375
297 1000
1000 364
240 1
905 1
1 91
565 1
1000 480
93 1000
988 1
1 77
1 918
443 1000
1000 221
89 1
514 1
1000 784
1000 225
1 949
542 1000
1000 172
974 1000
1 36
609 1000
1 769
1000 655
281 1
1000 771
599 1000
1000 847
70 1
1000 25
1 303
185 1000
610 1
1000 177
1000 165
925 1
1000 359
1 511
120 1000
71 1000
1000 142
1000 452
1000 788
1 607
387 1000
961 1
1 1000
1 328
772 1000
1 236
126 1000
853 1000
1000 979
574 1000
1 450
1000 719
460 1000
1 131
1 220
641 1
1000 631
461 1
1000 20
1 180
1 586
1 523
1000 81
356 1
1000 986
879 1000
453 1000
477 1000
1 903
1000 959
379 1
1 953
1000 196
407 1000
1000 463
1000 702
1000 407
200 1000
462 1000
1000 145
467 1000
228 1
1 367
79 1000
588 1000
933 1000
1000 399
25 1000
964 1
87 1000
771 1
1000 550
710 1
1 575
1000 672
1 875
1000 245
1000 270
118 1000
1 800
1000 875
813 1
63 1
1 446
1 296
399 1
1 462
1000 403
229 1
149 1
677 1
1000 68
656 1
1 681
853 1
730 1
427 1
1 746
1000 528
591 1000
1000 980
841 1
795 1000
1 992
244 1000
146 1
1 34
596 1000
875 1000
815 1000
381 1000
1000 87
1 423
285 1
143 1
1 889
947 1
388 1000
739 1000
731 1
929 1000
691 1
211 1000
1 938
173 1000
330 1000
45 1
1 173
1 439
135 1
1000 405
1 54
1000 858
849 1000
1000 882
762 1000
1000 201
1 541
806 1
1 22
1 616
1000 374
1000 38
910 1
1 234
754 1
861 1000
1000 681
808 1
1 804
1 335
766 1
319 1000
1000 408
327 1000
473 1
968 1
1 792
1 857
1 723
990 1
1 528
398 1
79 1
1000 932
402 1
508 1
351 1000
1 189
583 1000
1000 897
1000 332
1000 735
1 288
338 1000
476 1
337 1000
1 464
1000 45
625 1000
960 1
585 1000
1 15
822 1
519 1000
1 213
1000 110
1 988
266 1000
492 1000
1000 574
726 1000
462 1
84 1
493 1
1000 400
1 198
409 1000
284 1
624 1
918 1
1 352
1 964
1 345
1 348
1 880
1 196
1 516
1 377
1 736
1000 280
201 1
401 1000
991 1
1000 373
271 1
962 1
925 1000
1000 565
1 132
721 1000
1 841
682 1
1000 232
44 1
1000 997
1000 478
548 1000
1 911
835 1
1 650
1000 379
1 784
1000 377
370 1000
108 1000
989 1000
402 1000
326 1000
1000 943
365 1
1000 831
1000 556
58 1000
1000 287
97 1
148 1000
552 1000
1 714
1 937
1000 65
693 1
1 285
1000 913
622 1
732 1000
469 1000
474 1000
1000 3
964 1000
1000 611
1 941
252 1000
1 32
923 1
623 1
1 628
868 1
823 1000
821 1
770 1
1000 486
1 282
1000 17
55 1000
1000 496
1 513
1000 568
1 41
1 490
17 1000
1 810
1 699
1000 674
648 1
1000 278
448 1000
591 1
100 1
333 1
1 193
59 1000
111 1000
1000 315
294 1000
579 1
1000 826
322 1000
1000 215
1 783
438 1000
1000 588
893 1
878 1000
1 844
1 8
1 260
1 321
146 1000
715 1000
5 1000
1000 899
1 891
406 1
252 1
1000 915
87 1
663 1000
1000 762
1 826
505 1000
1 339
702 1000
757 1000
299 1000
1000 690
1000 727
1 922
1000 876
1 892
1000 239
1 388
1 651
1000 760
643 1000
368 1
1000 642
1000 627
1 495
1 228
166 1000
163 1000
253 1000
181 1
567 1
429 1
40 1000
1000 605
1000 282
1 168
570 1000
440 1000
1 536
1 581
1 901
909 1
90 1000
298 1000
1 815
1000 327
280 1
826 1000
1 630
522 1000
246 1
1 870
1000 884
369 1000
8 1000
91 1000
229 1000
558 1
1 176
1 319
1000 57
247 1000
766 1000
1 564
1 81
769 1
111 1
1 76
1 194
1 107
235 1
933 1
1000 52
824 1000
824 1
904 1000
1000 903
278 1
549 1000
358 1000
1 656
1 635
549 1
1 598
592 1
608 1
1000 549
392 1
1000 530
533 1
180 1
193 1000
1000 21
233 1
384 1000
56 1
490 1000
1 21
501 1
942 1000
1000 288
1000 783
1 471
642 1
1000 503
1 825
320 1000
119 1
521 1
286 1
720 1
1000 833
1 293
939 1
385 1
1000 347
1000 94
1 781
1000 745
1000 229
1 7
480 1000
1 363
226 1000
1 874
1000 558
711 1000
211 1
955 1000
1 673
1 867
1000 93
1000 436
1 414
1 617
553 1
242 1000
735 1000
370 1
927 1000
1 291
789 1
258 1
1000 467
999 1
1 653
434 1
698 1000
1000 604
1 365
967 1000
559 1000
1000 72
404 1
909 1000
1 241
1000 547
538 1
99 1000
1 817
1 175
1000 324
783 1000
1000 755
940 1
6 1000
1 526
1 574
1000 965
836 1
1 153
21 1000
1000 258
1000 104
77 1000
712 1
368 1000
95 1
1 67
1000 684
325 1
951 1000
812 1
481 1
854 1000
89 1000
664 1
175 1000
1 447
1000 780
1000 619
1000 158
14 1000
788 1
1000 670
1 411
1 600
963 1
512 1000
1000 90
1 821
850 1
593 1000
1000 688
105 1000
1 845
977 1
1000 211
188 1
381 1
184 1
1 994
660 1
607 1
1000 819
1 786
966 1000
1 56
689 1
1000 824
1 603
1000 539
259 1000
585 1
1 778
779 1
796 1
1000 227
257 1
1 325
570 1
617 1000
1000 445
424 1
393 1000
472 1
1000 956
1000 123
1000 553
767 1
1 212
1000 255
1000 353
382 1000
333 1000
1000 6
114 1
57 1
689 1000
1000 926
1 396
1000 682
1000 423
1 660
758 1000
315 1
894 1000
577 1000
14 1
1000 865
1 171
954 1000
432 1
936 1
206 1
190 1000
1 822
1000 388
1 467
734 1
1000 816
186 1
85 1
207 1000
1 144
1 873
1000 414
1000 742
1000 358
1000 901
782 1000
1000 694
1000 583
276 1000
199 1
1 533
1 830
354 1000
818 1000
461 1000
325 1000
929 1
1 19
839 1
1000 393
1 361
445 1000
529 1
541 1000
1000 821
714 1000
1 340
1000 363
1 286
1000 164
394 1000
553 1000
1 794
1000 654
535 1000
41 1
1 741
1 197
775 1000
1 820
791 1
1 158
532 1000
1000 334
86 1
415 1000
994 1000
60 1
16 1000
304 1
1000 640
1 972
1000 159
124 1000
96 1000
1000 11
389 1000
1000 449
219 1
1000 685
1 114
1 227
614 1000
1000 836
339 1000
834 1000
1000 660
948 1000
1 326
1 486
1000 518
605 1
7 1
33 1000
886 1
1 790
1000 793
1 675
1000 27
179 1
274 1
1000 111
1000 318
507 1000
483 1
15 1
1 290
1000 928
1000 455
1000 778
1 45
1000 185
934 1000
489 1
1 712
1 773
1 334
427 1000
1 18
518 1000
121 1
299 1
98 1
1000 36
156 1000
224 1000
448 1
1 496
1000 64
1000 181
991 1000
234 1
321 1
281 1000
1000 773
1 727
1 946
1 745
181 1000
1 426
828 1000
1 881
973 1000
1 563
1 715
963 1000
214 1
1000 991
523 1000
171 1
1000 519
1 33
507 1
183 1000
485 1000
1 829
1 167
1000 577
659 1
1000 275
592 1000
1 666
1 277
1 417
397 1
1 916
595 1000
1000 69
380 1
1000 971
941 1
833 1
1000 366
1000 535
1000 385
844 1000
1000 103
524 1000
1000 151
37 1000
617 1
951 1
421 1
61 1000
1000 406
1000 170
1 443
1 883
475 1000
1 172
308 1000
837 1000
385 1000
709 1
1 225
277 1000
1 179
823 1
557 1000
735 1
1 257
1000 149
976 1000
428 1
1000 785
1 17
620 1000
1 868
51 1
174 1000
1000 479
420 1
413 1
1000 803
598 1000
895 1
1000 161
320 1
1 622
1000 667
416 1
546 1
801 1
1 633
1000 448
65 1
1000 475
331 1000
494 1
1000 981
505 1
615 1000
1 127
117 1000
377 1000
1000 595
207 1
891 1
1 697
1000 827
1000 947
1000 765
1000 661
1 454
785 1
551 1000
1000 940
1000 893
1 413
1000 130
1000 561
1000 536
1000 751
1000 732
1 252
484 1
882 1000
895 1000
941 1000
789 1000
528 1
473 1000
636 1000
537 1000
1 652
848 1
1 879
1 394
69 1
536 1
1000 635
627 1
261 1000
693 1000
886 1000
415 1
161 1
10 1000
76 1000
630 1
1 355
328 1000
1 539
74 1
1000 634
143 1000
1 182
1 740
1000 286
1 806
1 856
539 1
1 695
916 1000
118 1
1000 184
198 1
830 1
587 1000
800 1
355 1000
1 217
387 1
520 1000
932 1000
425 1000
1 670
537 1
142 1
1 974
740 1
1000 299
256 1000
618 1
539 1000
1000 859
1 896
645 1
1000 759
5 1
1000 972
357 1000
1000 244
1000 807
291 1
1 93
897 1
1000 522
1000 16
1000 29
1 477
1000 573
1000 309
137 1
1000 326
1 704
421 1000
1000 372
1000 127
307 1000
149 1000
1000 231
846 1000
915 1
225 1
23 1
1 434
866 1
1 404
308 1
1 737
673 1000
1000 961
658 1
1000 787
1000 747
812 1000
1000 433
1000 683
764 1
885 1000
1000 543
1000 839
1 49
982 1000
1000 902
1000 82
1 730
340 1
803 1
1 267
652 1000
392 1000
1000 1
638 1000
958 1000
1 532
1 250
1000 330
1000 249
1 38
1000 869
200 1
1000 738
452 1000
1 757
1000 729
223 1
1 102
968 1000
1000 40
1 466
1000 629
1000 754
420 1000
1 577
238 1
1 392
1 481
1000 442
907 1000
1000 413
1000 725
1000 73
924 1000
341 1
1 920
746 1
1000 665
626 1
172 1
1 997
1 148
1 85
285 1000
1 634
1 999
1000 339
1000 421
1 677
1000 115
29 1000
1000 894
1 667
431 1
1 814
145 1000
676 1000
760 1
1000 649
743 1000
1000 802
597 1000
1000 56
184 1000
1 1
630 1000
482 1000
1000 37
1 63
155 1
794 1000
1000 526
175 1
170 1
1000 511
1000 703
1 863
1 613
675 1000
807 1
1000 878
255 1000
1000 552
1000 178
945 1
1 979
797 1
1000 222
214 1000
1000 498
920 1000
1000 963
1 23
960 1000
673 1
1000 591
1000 274
232 1
1 641
267 1
294 1
1 576
278 1000
276 1
1000 935
1 661
218 1000
625 1
1000 983
1 588
579 1000
300 1000
1000 641
787 1000
1000 430
711 1
1 69
773 1
649 1
1 878
670 1000
696 1000
81 1
900 1
1000 360
1000 822
1 210
51 1000
1000 883
1 113
681 1000
887 1000
707 1
1000 782
936 1000
898 1000
371 1000
558 1000
201 1000
246 1000
911 1000
1000 874
1 233
619 1
675 1
865 1000
864 1000
1 910
139 1000
1 721
1000 929
1 469
814 1000
22 1
599 1
564 1000
844 1
1 733
70 1000
1000 834
1000 501
1 618
667 1
1 135
914 1
584 1
1 42
847 1
792 1
856 1000
182 1
1 615
1 631
817 1000
130 1000
1000 939
481 1000
195 1
1 440
1 420
1 383
1000 411
1 204
1000 607
763 1000
1 987
1000 532
871 1000
297 1
975 1
167 1
1 861
259 1
48 1000
1 181
153 1000
1 161
442 1000
984 1000
311 1000
955 1
1 648
186 1000
868 1000
1000 321
1 137
1000 758
319 1
1 78
202 1000
1000 801
1 690
1 518
1000 709
497 1
1000 471
1 254
1 289
1 99
1 500
440 1
248 1000
13 1000
380 1000
1 796
1000 304
1000 7
447 1
1000 669
662 1000
231 1000
1000 297
506 1000
152 1
1000 835
1000 499
786 1
378 1000
189 1000
345 1000
653 1000
1 977
88 1000
64 1
730 1000
1 917
1 640
450 1
1 782
1000 976
197 1000
1 143
1 647
610 1000
1 847
857 1
1 691
1 602
516 1
1 421
220 1
657 1000
1000 338
1000 96
1000 951
1 529
1 322
1000 214
363 1000
1000 596
1000 841
1 811
353 1
1000 383
1 251
703 1
1 504
1 268
429 1000
577 1
1 116
1000 973
1 779
1 430
1 444
187 1
1000 107
538 1000
1 60
1000 450
1000 705
1000 969
78 1000
1 702
937 1000
30 1000
497 1000
1000 368
148 1
1000 260
646 1
668 1000
1 89
973 1
1000 625
1 671
1 16
1 273
1000 166
1 753
62 1000
372 1
776 1000
1 451
1 262
1000 444
1 61
312 1
1 123
583 1
1 912
852 1000
492 1
1000 409
137 1000
865 1
709 1000
692 1000
1000 592
903 1000
672 1
1000 205
291 1000
1000 362
873 1
1 399
1000 534
948 1
1 944
594 1000
992 1
268 1000
1 899
1 73
759 1
479 1000
644 1
744 1000
264 1
1 372
1 599
1 703
1 718
1000 488
690 1000
515 1
1 207
1000 208
705 1000
1 619
934 1
1000 842
1 686
169 1000
1000 933
971 1
426 1000
1 332
517 1
1 287
154 1000
957 1000
1 208
759 1000
1 934
906 1000
197 1
573 1
1 98
525 1000
1000 597
459 1
91 1
1000 987
126 1
459 1000
580 1000
1000 187
58 1
520 1
543 1000
1 24
1000 889
1000 354
1000 862
416 1000
133 1
1 406
451 1
282 1000
239 1
1000 380
1 100
1000 794
1 186
621 1
795 1
1000 43
1 568
1000 615
1000 779
719 1000
1000 389
1000 126
1000 537
422 1000
1 726
456 1
177 1
176 1000
870 1
355 1
857 1000
1000 155
451 1000
1000 881
1000 77
1 292
1000 906
84 1000
1000 630
141 1
31 1
1000 706
612 1
458 1000
1000 648
1000 888
1 907
1 569
754 1000
1000 207
1000 122
1000 305
332 1000
638 1
1000 606
52 1000
901 1
1000 909
1000 314
1 70
1 3
927 1
1 982
1 441
254 1000
1 720
1 596
1000 88
1000 4
1 557
1000 880
1000 628
1 535
935 1
132 1
418 1
1 587
1000 851
550 1000
472 1000
645 1000
1000 434
502 1000
491 1
1000 483
135 1000
1 395
1000 891
1 583
1000 459
1 408
1000 559
1000 62
500 1000
1 537
