1000 789 3945
700 192
200 724
100 299
800 411
700 52
1000 571
200 695
1000 611
500 160
200 728
100 271
700 219
600 505
800 404
800 603
100 16
500 366
400 598
400 403
700 60
700 23
1000 495
800 665
600 656
100 170
1000 582
400 586
900 32
900 320
500 134
600 456
500 382
200 683
700 254
800 618
1000 596
700 84
300 188
900 322
600 726
1000 534
900 102
900 376
800 626
600 506
800 628
1000 477
200 718
700 4
1000 698
300 114
500 29
700 372
300 6
700 371
700 309
100 182
400 553
100 52
300 328
200 779
100 296
600 620
600 634
500 48
700 373
600 405
300 51
300 137
900 315
600 599
200 540
1000 599
500 383
900 43
1000 732
700 42
100 2
400 582
500 39
300 152
200 530
1000 500
600 432
1000 550
900 253
500 223
900 282
300 220
900 10
700 11
700 116
200 681
600 701
700 378
1000 735
200 668
400 723
900 117
600 744
500 129
200 455
600 580
500 70
400 575
600 467
200 514
400 715
800 541
500 31
500 25
500 299
800 616
900 46
600 411
500 260
1000 435
800 652
900 174
100 95
500 112
800 725
800 684
900 127
800 451
600 630
200 526
1000 657
1000 445
500 312
500 371
500 143
200 705
600 487
1000 507
200 492
200 478
700 356
200 495
800 591
700 379
100 301
600 474
200 427
800 650
400 578
300 376
300 38
700 328
600 396
100 276
200 474
100 199
800 709
700 273
500 106
400 541
500 356
400 624
200 574
300 26
200 739
300 298
700 241
500 67
600 673
400 709
600 438
100 232
900 257
800 502
500 244
100 10
400 748
500 18
900 334
100 302
200 627
800 754
500 68
700 115
800 526
1000 533
800 643
700 324
700 243
200 617
200 438
800 622
800 445
400 437
800 565
900 45
200 419
200 541
700 277
700 75
1000 432
900 365
300 109
700 380
300 7
700 112
800 452
1000 512
900 360
100 184
900 244
200 639
400 398
500 16
200 586
100 186
400 610
600 637
100 175
100 349
200 706
300 329
100 17
600 531
100 331
100 66
200 613
700 117
900 6
1000 396
100 314
400 752
700 351
200 663
200 460
200 770
700 318
300 55
1000 508
500 253
400 750
300 127
600 603
600 522
200 470
100 227
700 325
700 355
1000 564
400 507
600 566
400 572
900 381
1000 747
1000 570
300 281
400 678
500 355
800 435
600 490
500 5
800 537
300 312
400 546
600 502
100 236
600 496
400 640
500 19
800 597
1000 618
200 480
500 176
600 668
300 359
800 753
900 68
900 232
900 1
700 210
300 140
600 624
500 152
900 173
900 276
400 470
300 69
300 273
200 464
1000 590
700 101
900 80
600 725
500 220
400 690
900 199
500 204
300 3
1000 520
300 22
300 235
400 431
900 74
500 149
300 215
800 466
900 368
800 659
500 357
300 62
900 374
700 62
200 605
800 571
500 45
1000 687
200 709
1000 449
600 450
200 659
500 273
800 763
200 754
300 366
800 556
400 731
600 752
900 375
700 134
600 739
800 547
700 93
800 477
1000 452
600 751
300 219
800 742
1000 589
100 206
800 720
900 239
400 671
200 563
100 192
700 329
800 482
900 383
300 393
300 44
1000 654
200 502
300 254
600 721
300 383
100 30
900 234
400 765
300 331
900 385
400 479
700 53
300 74
300 253
1000 668
700 377
1000 789
900 178
500 304
400 588
100 254
700 25
600 661
900 42
1000 551
500 226
800 607
700 26
300 196
200 737
300 160
500 333
700 161
600 777
700 16
400 524
100 229
300 213
500 79
1000 603
1000 577
800 735
700 360
500 334
900 33
400 592
200 642
400 691
900 229
600 698
300 275
600 731
100 176
200 750
100 56
500 329
800 737
400 406
400 770
200 633
100 252
900 51
400 757
1000 772
300 269
500 350
200 612
900 5
500 375
700 267
900 329
200 566
100 279
600 426
200 672
800 516
500 245
700 9
1000 494
200 694
1000 422
300 246
100 113
500 119
800 478
700 276
300 107
400 637
300 2
400 707
500 270
600 584
100 356
100 147
700 154
1000 612
600 567
900 240
1000 473
100 261
200 543
400 532
100 307
800 581
400 753
200 488
400 482
100 258
200 527
300 12
300 171
800 610
1000 459
1000 690
600 578
700 259
200 622
800 693
500 394
600 515
400 526
1000 710
100 197
500 83
100 160
600 593
900 192
500 144
100 238
300 191
900 70
400 434
500 388
700 105
600 465
800 768
700 1
900 217
500 211
300 373
900 346
200 462
300 23
1000 411
800 471
700 336
200 412
100 41
900 136
100 124
900 353
200 475
700 196
700 14
300 270
500 136
300 242
200 437
900 122
900 380
100 217
600 727
1000 501
100 389
800 461
500 365
100 220
800 520
600 560
800 431
200 691
400 505
600 427
200 454
200 618
600 409
600 534
600 554
400 422
200 704
300 301
1000 758
500 198
800 730
700 80
800 542
600 774
800 423
300 128
700 312
800 530
300 96
300 258
600 543
200 774
200 473
700 55
200 444
1000 466
100 345
600 645
400 594
500 178
300 212
300 177
500 170
300 104
600 457
600 546
200 678
600 677
400 554
300 214
200 660
600 737
200 764
100 290
600 492
100 228
800 420
400 648
400 412
800 438
300 229
700 21
400 416
700 162
100 277
1000 763
800 449
500 381
100 212
900 341
100 59
600 444
200 592
500 53
300 319
400 608
300 294
800 690
500 203
1000 518
300 222
1000 774
100 369
700 32
1000 600
800 683
600 470
400 646
800 512
300 33
300 292
400 758
300 247
1000 740
500 287
1000 433
600 596
200 590
800 408
200 696
800 439
800 757
400 627
200 404
300 63
500 2
800 593
900 211
500 290
100 241
900 13
300 125
800 414
800 651
1000 658
500 271
600 471
900 189
800 661
300 41
800 459
900 104
600 700
700 81
500 233
200 528
1000 631
900 138
900 213
500 179
600 688
400 444
200 550
100 101
400 587
600 606
100 53
400 675
500 36
600 489
300 133
300 25
300 377
700 253
100 359
800 428
1000 756
1000 764
500 352
700 343
900 186
800 507
600 598
600 480
200 403
300 341
400 711
400 763
600 640
600 575
500 285
600 579
1000 548
400 717
300 157
600 736
700 29
100 372
500 163
900 90
900 170
700 72
400 397
900 112
300 305
300 353
900 252
1000 554
200 521
800 554
700 207
200 516
1000 643
700 330
100 136
100 213
300 354
600 660
900 259
500 332
100 390
700 392
400 698
600 776
700 141
1000 417
800 489
500 353
100 287
100 392
300 280
600 675
700 175
400 544
700 237
400 525
1000 752
900 156
900 135
1000 556
200 466
800 416
1000 425
200 570
500 183
1000 480
700 40
900 145
200 520
200 430
700 24
100 289
300 252
900 216
1000 785
800 468
400 643
600 555
100 67
600 652
500 237
900 119
700 103
200 773
200 535
100 91
200 637
800 598
1000 545
600 491
200 636
900 14
700 133
600 431
300 85
700 110
400 410
700 230
800 669
700 245
600 577
500 259
800 656
800 775
200 588
200 490
1000 399
600 703
1000 726
300 321
400 714
100 251
700 258
500 141
300 11
100 163
200 651
800 634
800 470
300 350
500 44
700 368
200 598
400 625
900 175
500 307
500 155
1000 731
600 682
400 462
600 610
400 396
400 699
700 274
700 278
1000 755
700 73
600 516
500 171
700 202
700 69
1000 640
400 776
800 745
800 533
300 174
1000 672
100 300
200 524
1000 713
400 550
700 168
600 551
800 629
800 474
800 744
700 255
800 664
700 268
900 22
200 685
700 333
100 144
300 335
600 508
100 28
900 76
800 705
100 55
900 335
700 228
600 414
800 769
400 741
400 591
700 104
400 737
100 128
600 408
1000 692
400 787
500 151
900 4
300 313
100 127
700 147
500 71
400 781
700 250
1000 626
600 685
300 28
500 390
600 642
1000 525
300 81
900 254
500 88
700 269
500 374
1000 440
300 303
400 483
300 371
500 191
800 674
300 130
400 521
400 580
200 620
900 316
300 293
100 292
300 149
700 85
300 29
1000 414
600 750
700 159
700 327
500 189
100 23
700 100
900 313
300 295
800 714
700 129
100 63
100 341
500 392
500 116
1000 438
100 316
900 140
200 581
100 110
600 504
600 669
1000 521
600 778
400 704
800 699
700 12
300 240
500 174
400 767
100 158
300 309
500 214
500 148
500 105
600 459
500 8
200 407
700 216
200 484
600 565
1000 574
500 298
100 235
600 787
400 408
200 477
300 83
200 453
900 142
700 376
600 481
100 13
1000 562
900 98
500 87
100 168
400 761
700 280
800 743
100 174
900 109
400 602
600 476
100 19
200 778
300 274
400 420
400 539
900 116
600 401
400 509
400 459
100 151
100 246
1000 707
100 72
600 672
1000 696
500 362
900 262
300 75
600 455
700 78
800 667
100 257
600 571
600 712
300 199
600 423
600 556
600 697
500 378
800 553
800 785
1000 641
500 126
100 267
700 193
900 261
200 763
400 626
800 524
1000 743
100 118
400 600
300 95
700 331
600 488
500 300
100 256
700 260
800 758
700 149
1000 620
800 712
200 689
100 383
300 386
200 731
1000 594
500 325
1000 539
300 261
100 362
100 204
300 76
800 637
900 81
700 59
700 172
700 383
300 245
700 182
200 789
600 723
500 96
100 185
900 206
600 485
500 46
400 522
700 367
1000 458
800 588
500 262
1000 607
900 31
800 484
500 344
500 272
400 511
600 441
900 367
300 97
400 496
600 758
200 716
200 777
500 309
900 62
400 762
800 400
200 523
800 671
700 122
600 693
100 325
200 769
800 601
100 79
1000 423
300 170
300 392
700 361
400 644
800 487
500 345
800 727
500 169
100 237
400 542
900 92
600 740
800 780
1000 633
500 328
700 187
600 761
800 503
500 315
900 324
400 516
1000 682
600 509
200 398
400 574
1000 651
400 669
400 512
900 169
300 8
200 722
400 425
700 50
700 320
500 206
300 116
1000 770
200 506
1000 725
200 426
400 418
300 78
1000 523
400 660
200 561
100 125
400 734
1000 441
800 700
300 256
100 11
1000 510
100 274
800 592
100 315
500 34
400 653
500 9
900 212
300 264
700 170
100 46
800 716
100 321
400 784
900 129
300 189
300 343
900 161
800 623
300 380
100 167
600 619
900 364
600 498
800 540
100 303
300 146
900 205
200 726
700 102
600 651
200 734
500 303
500 229
100 240
800 734
800 455
100 83
100 319
500 254
1000 639
300 205
100 40
300 21
1000 497
700 390
1000 407
400 662
700 68
1000 552
500 225
100 100
300 176
500 387
100 26
400 428
800 621
500 1
1000 642
600 430
600 573
400 619
900 150
900 35
1000 467
1000 576
600 406
1000 708
400 667
500 139
100 173
600 623
700 136
700 393
600 756
800 762
200 544
500 42
1000 636
200 630
500 284
200 498
100 133
400 489
700 289
400 760
300 201
900 317
400 677
800 407
1000 680
800 756
1000 786
1000 529
200 585
1000 565
200 443
800 396
300 340
1000 487
1000 460
900 319
900 362
100 102
100 346
900 128
200 522
400 655
500 4
200 555
800 574
800 719
700 47
600 521
500 205
700 285
300 151
600 512
900 38
300 161
300 134
800 492
500 200
100 286
500 340
400 697
600 595
600 715
500 166
800 432
500 215
800 779
800 446
100 21
200 711
600 759
500 217
100 353
400 636
600 666
500 389
100 327
100 70
100 187
100 130
300 251
100 239
100 106
1000 468
500 296
800 724
200 425
800 433
700 358
100 312
500 361
100 88
500 147
900 168
800 418
500 283
600 722
300 299
500 142
300 302
600 649
800 655
400 689
400 404
700 363
1000 540
400 576
600 399
600 419
400 596
1000 583
200 485
300 10
800 777
300 221
1000 563
500 235
400 638
500 364
500 224
1000 638
400 538
600 789
700 339
400 504
1000 704
100 339
600 587
300 92
200 496
1000 767
100 222
700 290
800 572
300 311
1000 528
700 66
700 18
1000 415
800 570
700 91
800 443
1000 762
400 650
1000 542
500 219
1000 503
500 162
400 573
900 287
900 366
100 311
600 638
500 37
500 6
100 82
900 378
400 510
700 176
700 310
100 115
800 564
300 50
900 166
600 517
100 224
800 447
800 760
700 249
100 116
600 706
800 786
900 148
600 454
700 209
700 22
800 417
300 49
100 330
800 752
1000 526
300 13
700 173
300 159
1000 689
1000 505
300 34
400 527
1000 701
100 27
800 662
600 717
800 479
700 137
200 721
200 489
500 122
1000 714
500 118
900 363
800 457
300 9
500 110
500 326
500 146
700 8
600 458
500 313
700 304
100 20
500 230
200 504
700 221
300 147
200 493
200 573
600 525
100 265
200 534
400 652
1000 395
200 525
300 70
600 472
400 457
300 168
400 417
700 119
800 772
200 658
500 64
700 347
300 123
400 442
500 301
400 468
1000 416
500 14
400 788
400 585
900 111
700 248
600 625
400 473
100 134
700 313
1000 553
400 605
200 629
300 17
400 427
300 233
500 104
300 71
200 537
700 341
400 700
1000 461
1000 694
200 759
500 98
400 584
900 392
700 364
1000 511
200 468
500 128
200 510
200 676
200 730
400 456
500 294
100 172
300 112
400 441
500 265
400 673
500 363
1000 601
100 336
300 228
300 164
600 729
700 374
200 594
400 744
200 667
200 785
500 41
200 717
600 589
600 695
200 406
800 569
600 720
800 648
500 95
600 655
300 184
500 208
1000 646
1000 597
300 227
700 143
400 439
400 593
900 25
700 322
1000 614
700 190
900 223
900 308
400 630
600 404
100 208
800 614
300 113
800 469
300 286
100 109
1000 778
700 87
100 278
800 568
300 207
700 144
200 624
1000 421
300 181
400 710
300 178
700 97
400 453
100 154
500 40
500 60
800 640
300 98
100 119
900 114
600 670
300 327
600 424
200 448
1000 693
500 193
400 672
900 297
1000 418
1000 766
600 538
900 384
400 730
800 521
600 783
400 739
100 298
400 628
200 762
900 185
700 194
700 96
600 742
400 775
200 644
300 124
1000 749
500 85
900 3
400 773
900 328
100 188
600 639
700 165
500 58
200 684
700 287
300 355
500 22
600 762
400 469
100 388
900 171
600 581
700 56
100 323
1000 625
900 299
200 424
300 282
400 663
900 391
800 701
100 129
900 272
700 33
600 447
500 250
300 370
800 646
900 130
400 666
200 628
700 315
1000 723
100 284
500 26
900 180
500 165
800 460
700 41
900 379
300 317
100 93
300 30
1000 464
400 480
900 314
600 696
500 227
300 248
700 90
500 11
100 260
800 680
500 101
700 88
600 503
500 242
400 564
600 524
400 472
500 7
700 357
200 641
700 240
300 66
100 357
900 312
300 42
400 491
100 214
100 342
100 137
600 395
200 418
700 186
600 607
900 327
400 543
900 132
400 502
300 218
400 768
500 52
100 181
700 283
600 437
500 197
700 155
400 631
400 400
800 514
500 263
700 140
200 656
300 45
800 458
300 351
700 306
600 644
300 330
1000 760
300 239
900 133
400 708
700 95
200 738
800 611
500 62
200 671
500 161
500 238
1000 784
900 326
1000 465
900 57
300 173
300 360
200 682
900 310
700 123
800 402
200 465
200 690
500 12
700 213
100 320
600 748
200 546
900 120
300 180
900 343
400 786
900 52
600 602
500 342
700 169
800 523
600 400
300 332
600 486
300 141
300 287
1000 753
500 288
900 361
600 646
1000 456
500 17
600 422
100 288
500 173
100 48
700 30
100 367
800 582
900 193
100 171
400 460
400 649
400 528
400 664
800 761
1000 685
400 724
100 340
300 211
1000 475
500 140
700 109
900 194
1000 720
100 368
900 115
200 710
300 167
500 158
200 410
900 96
1000 424
500 10
400 421
600 709
1000 522
700 388
800 600
1000 660
200 591
500 354
600 753
800 441
300 57
900 394
200 416
500 306
200 436
900 225
900 103
400 719
900 72
900 66
700 370
700 135
1000 514
600 563
900 44
500 377
300 129
900 60
600 532
400 565
300 291
200 693
400 782
1000 781
900 131
900 113
100 77
100 333
500 266
1000 454
100 37
700 354
600 708
900 302
700 256
200 432
800 462
700 92
500 132
300 111
100 280
1000 538
1000 776
1000 722
600 552
300 39
200 665
700 79
900 182
1000 703
300 364
900 17
600 614
1000 724
400 695
400 721
500 348
800 647
700 65
900 134
300 106
700 7
600 707
200 772
800 766
600 553
200 511
300 101
800 504
200 603
1000 516
1000 733
900 203
900 89
1000 442
700 288
500 327
800 495
600 662
100 219
600 429
300 279
300 262
500 81
900 24
600 495
500 28
700 391
400 595
700 183
500 297
1000 634
700 251
300 265
100 191
900 265
300 35
400 736
400 749
100 361
700 206
800 751
700 291
300 100
800 476
600 528
200 725
100 255
800 668
100 162
1000 472
900 184
400 676
700 121
900 288
900 95
800 728
300 226
100 283
900 377
500 130
600 772
900 351
900 318
600 635
500 321
1000 746
200 397
900 333
700 279
500 367
100 253
1000 569
900 151
100 145
400 549
600 511
400 684
900 97
800 539
100 218
100 264
800 579
800 663
200 776
700 38
700 160
500 341
200 648
700 231
600 540
500 277
400 465
300 304
500 343
1000 410
200 456
200 673
100 382
500 320
200 482
700 346
1000 506
400 568
800 658
700 262
700 284
300 27
1000 572
1000 457
500 279
1000 524
400 581
300 324
400 552
400 597
900 94
600 418
800 750
200 645
900 233
100 47
900 197
600 746
1000 536
300 102
100 282
600 568
100 326
300 82
300 342
700 36
1000 527
300 318
500 282
900 336
200 396
600 659
300 43
900 349
200 702
500 89
700 217
200 401
600 494
300 155
200 714
400 560
1000 655
900 105
100 65
400 401
700 49
800 576
800 575
600 537
800 689
900 219
700 338
700 326
700 365
1000 605
500 291
100 122
1000 719
200 429
100 24
900 207
900 382
100 85
200 655
900 155
300 316
500 386
200 505
400 448
100 378
400 540
100 179
900 266
900 275
1000 547
300 190
200 708
500 213
1000 566
500 391
200 611
900 359
200 472
100 108
900 249
100 34
700 296
400 777
800 465
1000 482
1000 734
100 29
200 670
900 110
700 43
600 397
400 443
200 423
800 612
200 568
800 398
600 564
200 435
800 525
900 210
800 732
600 743
900 218
400 740
300 132
300 356
1000 728
600 786
500 3
300 244
1000 398
500 120
200 712
800 527
800 511
100 270
300 344
400 474
700 61
900 388
400 733
400 486
400 515
600 510
1000 448
600 764
900 79
800 587
300 202
600 699
200 760
400 701
800 577
500 264
600 478
700 142
700 246
1000 717
400 467
500 251
700 342
900 292
800 642
600 513
200 735
600 711
1000 488
900 321
600 592
600 680
800 605
500 369
800 444
800 551
400 561
1000 420
1000 560
200 395
500 192
700 264
1000 630
900 285
200 768
300 183
200 577
600 617
900 258
500 258
1000 737
600 775
1000 509
200 557
1000 419
300 381
400 481
200 440
100 157
400 499
200 653
800 429
800 464
900 107
600 765
400 702
600 760
500 249
400 696
500 216
400 569
600 402
700 2
900 340
700 82
500 243
800 430
100 31
100 203
400 452
600 420
900 123
100 344
300 110
900 158
200 752
800 715
900 8
200 699
800 410
500 302
400 447
800 596
1000 406
400 607
900 139
800 702
600 719
400 716
300 300
300 346
600 738
100 195
300 394
700 281
300 162
900 370
600 410
600 616
300 15
700 303
100 266
700 153
200 606
100 94
800 548
700 369
400 513
200 609
300 272
1000 543
300 384
1000 652
300 387
1000 490
100 201
300 67
1000 451
500 47
100 135
200 600
300 187
600 550
500 55
300 135
500 124
600 460
1000 609
200 575
900 220
500 80
200 567
300 37
500 103
500 221
500 102
400 519
1000 697
200 552
800 749
700 200
400 494
500 54
600 745
700 27
900 73
200 439
400 590
1000 647
300 148
900 144
400 665
900 274
300 390
100 335
900 153
100 268
600 500
200 447
100 6
700 86
900 88
300 195
300 336
200 400
900 250
500 246
700 118
200 753
700 198
700 308
700 353
1000 498
1000 671
1000 591
500 210
500 256
400 601
900 47
900 152
1000 745
800 787
500 269
500 190
400 774
400 436
400 497
400 670
200 560
800 498
600 544
800 783
100 295
400 641
700 335
900 11
200 661
100 73
200 756
1000 558
1000 702
1000 616
600 463
100 297
100 43
700 10
900 154
800 493
200 572
200 512
700 71
300 361
500 30
900 304
400 720
600 747
500 131
300 99
700 17
800 589
900 100
600 636
900 284
700 223
100 74
300 249
1000 727
900 85
500 349
900 77
200 619
500 280
200 415
800 573
600 442
1000 453
700 344
600 627
700 157
400 477
400 429
300 379
900 226
300 206
300 277
400 454
900 331
700 114
300 150
400 498
100 380
700 384
1000 598
500 310
200 632
800 497
900 280
1000 450
700 282
700 226
900 355
900 202
100 308
500 324
100 269
400 706
700 242
800 401
600 663
400 487
500 188
400 642
200 686
300 385
800 731
200 554
400 687
300 231
800 670
600 588
1000 736
500 77
100 248
900 167
900 279
900 237
800 599
800 770
500 317
900 143
1000 729
600 585
300 368
800 713
1000 608
1000 470
1000 683
700 305
800 782
300 339
200 486
200 788
1000 409
100 313
600 788
1000 431
1000 709
800 687
800 499
100 142
200 431
500 234
100 374
900 137
200 497
300 139
300 326
900 40
300 119
400 485
100 285
900 183
300 89
200 446
500 73
300 56
900 248
800 488
100 39
800 755
300 192
200 458
100 328
300 52
700 381
400 571
800 508
400 751
400 785
800 437
200 515
600 435
1000 584
100 104
400 726
300 60
900 290
300 369
100 304
300 349
900 342
700 244
500 76
100 291
400 615
100 105
900 286
200 608
900 242
700 222
900 157
900 277
400 729
1000 491
900 246
100 131
1000 439
600 583
200 766
500 337
600 664
200 507
1000 573
300 358
700 58
400 458
200 680
1000 430
100 230
300 108
500 167
700 179
200 487
200 449
700 195
200 564
700 211
200 614
600 425
900 201
600 768
200 469
400 464
800 723
600 403
100 377
800 721
800 608
200 782
700 44
300 315
800 666
300 142
500 72
500 231
800 682
800 580
1000 575
700 76
600 628
100 126
200 533
900 93
400 668
900 162
500 311
700 63
600 530
600 665
900 2
200 548
1000 700
900 373
300 374
600 613
400 718
500 84
500 13
300 145
1000 716
300 48
400 679
400 656
300 14
900 311
900 371
300 165
300 325
1000 479
700 174
100 294
400 705
500 275
500 330
500 276
200 589
100 250
700 148
100 50
800 442
100 51
700 266
200 565
1000 469
700 317
700 3
900 283
200 643
700 126
600 572
1000 517
400 451
1000 688
400 683
500 57
600 784
300 136
700 201
1000 604
200 650
1000 531
100 202
100 385
200 508
400 783
300 72
300 238
300 126
200 467
400 399
900 48
900 271
700 67
100 180
800 543
800 472
500 63
900 61
400 612
1000 592
700 298
900 330
700 386
300 224
900 164
200 476
800 706
700 272
800 613
1000 486
400 430
400 492
600 569
200 597
500 43
200 434
1000 653
600 591
400 445
100 259
700 350
400 743
300 194
200 786
100 189
700 45
900 264
900 345
700 236
500 228
600 608
200 433
900 160
200 571
1000 446
600 732
100 35
500 78
1000 741
100 373
800 630
400 732
700 185
400 682
800 767
900 49
700 208
100 12
400 500
600 658
300 307
300 131
700 232
600 558
100 138
100 244
1000 619
800 518
1000 699
700 302
900 227
200 417
200 626
400 517
400 606
400 523
300 237
600 497
400 686
1000 593
900 86
600 439
800 617
700 204
200 666
200 719
600 557
1000 686
100 33
300 296
100 9
100 245
600 653
800 481
800 604
100 92
1000 629
900 141
500 351
500 125
200 657
600 594
800 519
600 501
100 231
1000 502
700 189
300 94
500 199
400 658
600 771
100 8
200 529
600 527
300 87
1000 750
400 611
1000 447
100 96
900 215
1000 400
100 223
300 58
200 461
900 190
400 692
900 369
400 745
400 566
800 486
400 620
600 446
600 434
600 539
500 172
900 348
600 718
500 65
700 48
1000 659
200 441
600 561
500 182
500 137
700 247
900 121
1000 674
300 84
200 649
700 37
400 563
900 59
500 376
600 601
100 99
900 339
100 334
100 54
400 780
600 734
900 222
700 199
900 34
1000 484
600 754
1000 712
300 263
300 90
500 268
900 228
100 132
900 36
900 301
600 545
1000 656
600 629
700 152
800 717
400 579
600 641
300 154
1000 437
200 513
700 94
1000 628
500 239
400 547
400 766
800 536
200 727
200 547
200 662
700 297
400 629
700 184
800 679
1000 754
1000 759
1000 579
100 97
600 475
400 735
100 117
200 405
400 435
800 427
500 322
800 509
700 113
500 292
700 57
1000 765
500 201
300 378
800 415
800 434
300 179
300 19
700 151
600 692
600 618
200 703
800 584
300 68
900 12
1000 610
900 39
600 526
1000 637
700 345
200 745
900 300
800 776
500 114
300 308
200 616
200 556
800 746
1000 705
300 259
100 394
800 653
200 741
1000 669
700 323
400 409
500 154
600 779
700 6
600 415
700 83
400 659
100 387
300 103
500 56
1000 742
700 225
600 533
1000 673
300 156
400 438
800 632
1000 684
100 358
800 672
900 307
900 221
200 631
700 171
100 45
900 181
900 269
200 545
400 754
800 675
800 686
900 214
100 155
600 769
400 411
200 698
700 332
900 50
1000 679
600 687
1000 546
200 583
700 239
100 89
800 781
100 120
900 357
900 91
900 337
200 758
1000 787
100 324
100 209
100 153
100 360
400 558
400 402
1000 670
500 100
500 305
800 729
200 503
200 593
500 23
700 70
400 622
300 53
1000 678
800 421
700 348
300 47
900 37
900 352
100 393
700 263
1000 644
500 186
800 636
600 686
300 120
300 260
800 403
800 419
100 165
200 553
100 249
200 701
100 205
100 384
500 33
1000 496
400 535
100 86
200 422
100 200
200 483
100 68
300 375
700 167
1000 748
600 676
600 763
1000 436
600 536
800 463
900 177
1000 555
1000 715
800 740
400 577
800 657
1000 606
200 479
600 674
400 599
400 461
600 445
900 7
600 518
900 63
400 415
200 587
300 20
500 50
600 757
300 121
200 491
900 53
500 202
1000 761
200 742
100 90
600 782
500 111
300 105
200 531
600 671
200 569
1000 730
900 306
100 190
700 181
100 275
800 501
800 654
800 550
500 308
1000 557
800 483
100 3
100 81
900 124
700 300
800 578
200 411
300 73
200 584
600 730
800 718
100 15
400 551
800 633
200 664
600 633
700 359
1000 739
200 428
200 638
300 357
1000 623
300 322
200 743
600 541
800 560
200 757
800 490
700 39
900 30
300 59
500 168
700 292
700 178
500 27
200 675
800 739
600 416
300 117
100 371
300 352
800 644
700 191
200 784
200 562
600 780
800 703
700 316
500 314
500 59
600 440
1000 402
400 583
200 450
700 132
800 494
300 80
800 454
900 126
700 35
500 278
1000 595
200 595
1000 788
100 156
300 223
500 92
600 466
400 657
800 692
300 64
400 446
200 746
100 42
1000 412
800 677
100 25
1000 780
800 534
200 518
1000 650
800 625
600 398
500 360
100 44
200 399
800 688
800 638
900 187
200 499
800 566
100 337
200 551
900 305
300 288
100 143
1000 775
300 210
800 733
600 547
500 281
300 236
600 433
200 579
900 64
300 334
600 609
1000 771
300 200
1000 649
500 247
400 681
200 576
700 111
400 742
100 36
900 15
600 482
900 390
900 83
100 247
1000 444
900 56
900 106
700 156
900 28
400 531
500 108
400 621
100 103
800 544
200 452
800 736
700 366
400 530
1000 627
200 775
500 86
800 413
500 20
300 388
600 694
300 203
100 146
800 448
100 364
100 366
200 751
400 778
100 149
500 372
600 654
400 747
200 713
100 263
900 87
700 382
500 123
400 395
100 152
500 32
500 339
400 449
600 514
1000 403
1000 613
1000 483
300 225
300 143
600 741
300 255
900 238
900 146
900 69
700 125
300 32
300 230
400 694
500 21
300 1
500 113
900 208
900 75
800 559
600 535
100 14
600 631
1000 711
900 41
700 203
400 556
100 329
800 552
700 295
700 307
800 615
500 177
600 681
600 714
700 238
600 683
1000 474
600 473
500 252
700 108
100 309
700 131
800 491
900 84
200 536
200 509
300 197
1000 617
900 278
300 65
800 586
200 723
200 578
800 710
200 558
900 256
100 379
700 275
100 226
400 405
1000 738
800 627
600 549
900 101
200 601
100 75
500 175
100 150
500 66
900 296
500 316
900 99
700 270
300 204
300 144
800 583
400 617
500 241
200 736
500 373
400 488
500 74
700 77
1000 779
400 769
1000 568
100 62
700 205
500 117
900 209
700 20
1000 777
800 764
700 352
300 24
400 661
400 555
200 621
200 707
300 382
900 389
800 695
100 262
1000 662
800 698
100 211
200 494
800 496
600 421
1000 504
600 412
400 503
400 493
500 368
700 286
100 1
700 261
300 4
300 61
100 375
600 648
1000 404
700 34
300 5
900 293
400 746
100 107
400 651
500 157
700 314
800 784
900 172
700 15
100 194
700 385
200 646
100 243
400 703
600 479
100 166
800 771
400 725
1000 624
600 520
500 180
1000 515
1000 675
900 29
1000 718
600 449
900 372
400 635
100 32
500 35
300 333
1000 463
600 713
400 463
1000 586
900 230
700 19
700 319
700 98
100 22
600 657
900 224
100 225
1000 681
600 691
300 163
900 289
900 21
600 781
500 338
200 582
900 323
900 191
200 733
900 149
300 138
1000 648
900 71
700 271
900 263
600 733
200 692
500 209
200 729
800 506
700 235
500 185
300 389
900 55
300 310
400 618
100 123
600 716
1000 535
800 585
1000 408
100 159
100 365
200 532
700 107
600 667
500 286
400 501
800 549
900 294
400 559
100 111
400 476
100 58
1000 428
400 616
1000 622
800 440
400 407
100 64
500 115
800 778
100 5
700 180
200 654
1000 581
600 443
600 702
300 314
800 515
900 251
300 198
800 531
600 650
700 13
800 707
400 654
400 685
300 283
900 344
300 345
600 647
300 372
900 204
300 18
900 347
400 570
900 165
300 267
100 141
1000 769
900 235
800 595
600 436
1000 773
400 613
500 218
900 200
100 78
200 635
700 257
700 177
600 705
100 305
500 195
800 535
800 681
600 570
700 375
100 272
400 756
500 156
700 124
800 602
800 480
700 89
600 428
300 182
100 121
900 163
400 712
700 130
700 294
500 358
400 623
500 91
200 602
800 738
800 561
800 708
800 510
800 532
400 414
200 787
400 419
600 621
500 274
400 508
400 514
900 338
800 697
300 320
1000 782
200 669
300 276
100 355
400 536
900 291
300 115
1000 666
1000 462
300 158
700 128
200 715
400 562
300 175
300 153
200 421
200 767
900 108
600 461
400 603
800 412
200 679
700 227
700 299
1000 721
600 643
300 306
500 150
700 139
200 688
500 240
800 562
400 495
200 599
600 632
300 88
100 318
800 517
800 538
200 414
300 217
800 467
400 506
500 164
1000 567
1000 426
200 761
700 252
900 295
500 257
700 301
1000 602
200 457
1000 757
400 722
800 456
900 281
100 161
200 747
100 198
1000 530
500 323
800 685
100 114
200 451
800 789
500 15
100 196
1000 587
100 18
1000 661
300 93
700 197
400 432
800 473
900 303
800 395
600 453
800 546
800 450
300 16
200 771
700 321
200 559
500 93
600 484
400 433
400 728
800 409
800 631
800 748
1000 544
1000 481
100 193
1000 429
500 138
900 393
300 122
600 582
800 696
500 38
900 26
600 507
300 91
500 133
800 563
200 640
100 343
500 196
900 195
100 183
500 331
800 694
400 779
1000 541
200 781
900 196
300 338
200 744
400 633
400 423
100 354
700 145
500 295
900 67
900 176
1000 471
500 94
600 710
600 477
800 765
600 493
100 306
500 51
600 690
300 362
400 645
400 759
500 24
400 693
500 49
100 242
1000 580
400 647
500 153
900 188
900 198
500 212
800 436
300 348
1000 677
500 127
400 475
800 453
100 234
200 732
300 271
1000 513
800 594
100 348
300 46
900 358
700 215
500 135
800 649
500 232
400 455
600 499
900 267
800 475
500 248
500 293
500 187
500 107
400 738
100 112
800 774
200 755
800 424
400 713
700 163
400 764
1000 744
400 634
1000 397
100 215
700 106
900 298
600 542
200 408
700 188
500 261
1000 768
600 451
600 464
500 194
700 229
500 289
800 635
100 71
100 317
800 422
300 250
300 257
400 567
700 349
100 140
1000 537
1000 706
700 31
500 90
600 548
400 674
700 127
400 478
900 241
100 38
100 57
200 634
700 150
1000 621
100 60
600 586
1000 588
900 268
800 397
300 166
1000 427
400 604
100 338
700 138
900 147
100 7
1000 645
200 625
900 260
700 265
1000 561
1000 519
300 284
1000 489
600 417
100 381
700 214
400 471
300 391
500 379
800 555
900 231
200 607
900 20
400 545
500 82
200 615
100 178
100 4
800 641
900 23
700 164
900 270
800 522
200 720
900 354
600 468
600 483
200 517
200 501
300 209
500 75
200 538
300 367
100 216
200 765
300 185
900 58
1000 676
500 318
300 186
100 98
600 448
900 54
400 450
1000 663
100 332
1000 532
200 749
600 452
700 337
100 177
800 726
100 207
800 558
100 80
900 125
500 335
300 289
500 347
600 755
600 562
300 216
400 688
200 740
500 380
700 64
500 359
400 490
200 596
700 28
600 749
600 605
200 610
700 51
200 580
700 387
200 687
600 612
900 179
500 121
1000 632
500 236
600 684
1000 476
900 82
800 624
400 424
900 27
800 660
500 145
200 409
400 557
300 193
200 471
500 393
200 677
600 590
1000 455
200 442
100 221
100 61
1000 751
800 590
100 352
200 674
700 224
400 529
400 413
300 36
700 218
400 484
700 233
1000 691
600 413
200 481
100 164
800 645
1000 667
700 74
300 31
600 767
300 285
1000 434
400 548
400 520
200 420
200 700
300 290
300 232
500 184
600 766
800 722
600 615
200 542
400 632
600 626
800 500
500 222
1000 635
600 559
600 724
800 425
500 385
800 691
500 336
300 297
600 469
300 278
100 347
400 771
200 500
800 620
800 678
300 347
600 529
100 273
800 711
700 334
100 376
600 462
700 311
900 78
800 609
1000 492
500 97
900 159
900 236
100 69
100 351
600 604
400 609
100 49
300 241
500 370
1000 783
600 728
300 79
700 340
500 99
500 346
600 735
600 600
100 386
200 783
300 54
400 534
700 166
400 639
500 267
700 99
800 567
600 519
600 523
500 109
900 245
800 619
100 84
800 545
700 54
700 158
800 704
700 212
500 207
900 387
100 210
700 362
300 118
400 789
100 363
1000 405
800 485
800 505
900 356
800 529
1000 695
200 623
200 459
600 576
300 234
1000 578
400 533
800 399
1000 615
100 76
300 365
700 389
300 363
700 394
600 773
900 243
900 325
200 652
600 407
300 337
100 370
1000 443
400 727
900 386
900 9
400 772
600 611
600 785
1000 493
900 350
700 146
100 322
500 319
600 704
400 537
700 220
300 266
900 247
800 639
500 61
200 748
800 759
100 87
300 268
900 16
800 528
600 574
200 697
500 159
900 273
1000 401
800 606
1000 549
600 597
700 5
1000 499
400 518
200 780
700 293
800 741
600 622
100 281
800 405
1000 664
400 466
800 676
500 255
1000 665
400 755
800 513
200 445
200 463
100 233
300 86
800 557
600 678
1000 413
400 589
100 139
700 120
600 679
100 391
100 350
300 208
1000 585
800 747
700 234
800 406
900 332
300 323
200 604
900 309
300 40
400 614
700 46
600 770
100 148
100 310
900 118
1000 485
500 69
900 65
500 181
200 647
100 293
600 689
300 77
300 172
800 673
800 788
200 549
900 19
1000 478
1000 559
200 402
300 243
900 18
100 169
800 426
400 680
200 539
500 384
400 426
400 440
300 169
900 255
200 519
800 773
200 413
