1000 1000 1505
728 878
182 976
91 111
819 144
455 60
819 117
637 140
364 886
273 107
728 988
910 935
364 890
819 40
182 964
182 912
546 946
728 898
728 931
91 84
910 854
182 875
91 3
182 986
364 948
546 880
819 35
546 943
455 32
273 120
455 116
455 115
364 885
273 76
546 850
364 903
455 22
364 950
364 872
91 115
182 949
546 898
546 901
910 994
637 66
637 142
455 38
637 2
910 953
546 864
91 148
546 984
182 975
910 956
637 44
364 914
182 859
273 95
637 32
364 935
455 10
182 966
637 107
273 137
273 20
546 911
364 989
637 104
546 920
273 63
455 56
182 905
728 953
728 998
455 113
364 892
273 143
910 900
182 942
273 91
637 87
182 864
455 91
91 37
455 43
273 31
91 114
819 8
364 996
728 935
273 127
91 42
182 879
273 15
364 907
91 50
728 915
728 899
819 68
637 146
364 881
273 22
364 889
364 874
819 66
91 69
728 945
455 128
273 49
728 883
728 926
91 21
273 10
455 142
364 982
728 890
364 975
819 83
364 868
728 872
637 82
364 871
273 19
819 95
273 44
546 988
637 118
910 886
364 990
364 942
819 36
91 43
182 991
91 128
455 74
182 873
546 912
91 123
819 114
182 997
91 71
182 985
455 68
637 70
91 17
546 906
455 25
546 881
91 135
728 886
910 955
455 26
364 854
455 147
182 974
182 919
728 868
182 930
273 27
728 862
273 92
546 883
182 933
364 927
455 55
364 967
546 900
728 919
364 947
728 928
910 853
364 924
182 990
819 146
91 92
910 868
910 893
182 861
273 110
910 990
819 56
364 895
910 954
728 999
728 888
273 7
728 946
546 990
91 94
910 974
364 980
91 7
182 994
910 938
91 150
819 3
455 95
637 56
728 907
728 889
182 980
273 8
91 102
910 942
637 113
728 918
546 871
364 897
273 75
819 80
455 79
364 977
910 985
455 4
91 31
819 42
273 100
910 950
819 39
546 1000
182 963
273 149
273 64
546 998
91 78
819 111
819 61
637 106
637 22
91 62
728 990
819 17
455 92
364 999
364 882
728 972
546 978
91 116
819 133
546 951
182 890
637 62
273 52
455 77
910 964
819 6
455 70
91 130
455 119
273 113
91 117
637 40
910 976
273 103
455 73
364 865
364 879
637 149
455 19
910 952
364 896
364 922
182 955
728 875
364 883
637 25
546 866
546 893
637 17
182 858
637 128
91 131
546 955
364 931
637 49
91 138
546 989
182 940
910 910
91 18
728 859
455 47
546 876
910 873
819 85
728 902
819 116
91 9
819 140
364 969
637 13
637 6
364 855
637 24
819 52
364 893
364 857
637 77
910 869
728 950
91 64
819 1
546 892
546 975
273 138
910 901
91 6
273 142
637 18
364 961
455 2
91 34
91 124
728 943
637 136
364 997
273 89
273 119
273 65
546 992
455 7
637 125
637 76
819 118
273 106
910 916
910 852
182 887
728 914
910 983
182 866
364 891
91 32
819 122
546 859
546 916
819 55
728 933
819 73
637 145
819 49
182 882
273 101
546 924
637 139
182 921
455 139
637 58
819 32
819 112
546 954
182 984
819 63
91 51
91 118
728 927
91 99
364 955
546 857
819 79
364 894
728 966
910 972
637 88
546 858
546 970
819 67
637 8
273 34
910 892
910 999
182 957
91 45
546 915
910 888
637 147
364 884
546 972
455 44
819 78
364 902
819 107
819 82
910 909
637 74
91 136
273 40
91 75
637 150
819 25
637 81
273 85
546 977
637 19
364 930
728 929
546 888
728 885
910 948
455 138
273 68
364 994
364 998
637 122
273 5
91 10
546 934
455 145
910 965
819 145
910 856
546 862
91 47
637 16
182 916
455 20
182 929
273 140
364 904
910 995
546 870
728 938
182 913
819 127
546 874
455 76
910 918
182 981
728 860
182 903
455 67
455 89
91 15
728 995
364 861
182 855
182 928
273 61
455 127
182 952
546 918
728 910
273 108
455 87
91 12
819 102
455 107
546 910
273 21
910 903
364 905
455 144
546 875
182 924
91 74
728 924
546 891
273 105
546 956
910 915
364 951
455 112
364 866
364 933
182 851
637 12
637 131
546 974
455 48
728 987
819 142
364 995
819 62
819 100
637 110
546 909
455 39
455 3
91 126
455 57
819 105
637 100
273 25
546 919
910 861
182 886
910 864
182 960
728 894
364 901
910 971
364 970
455 80
728 969
728 874
364 956
273 83
728 908
364 876
910 970
273 16
455 5
819 2
728 942
546 966
364 966
910 997
637 102
637 45
182 956
273 134
728 977
637 41
455 50
637 50
455 1
273 48
728 887
637 97
455 98
273 130
819 54
819 28
819 123
910 895
910 907
273 126
637 4
182 867
637 114
273 67
273 88
819 53
455 106
910 877
91 83
182 909
91 132
910 898
91 140
546 973
728 853
91 144
91 82
455 35
910 921
91 147
182 993
819 120
273 45
364 976
364 852
91 106
182 959
910 962
546 885
273 24
637 92
546 959
182 989
182 854
910 917
91 112
364 921
546 903
273 28
910 941
91 56
364 939
364 953
910 989
182 899
637 14
455 104
637 108
910 996
182 907
364 973
182 910
455 53
910 875
637 127
455 93
455 12
364 925
546 905
819 134
546 882
728 901
546 896
273 96
91 93
637 61
182 941
182 947
91 80
455 111
819 104
182 995
91 36
364 971
182 860
273 9
637 27
91 120
91 46
273 131
455 45
910 922
182 872
819 94
910 978
364 978
637 30
910 979
728 917
637 11
728 873
273 135
455 100
819 11
910 890
728 997
182 878
728 876
455 28
364 898
728 963
91 67
455 84
182 895
455 90
455 75
182 893
819 135
728 941
91 58
910 1000
91 24
182 889
637 101
546 931
182 971
910 958
819 37
182 973
273 58
364 862
728 903
637 9
182 996
455 105
728 978
819 57
273 57
637 65
728 996
910 891
546 968
637 91
910 930
182 945
455 24
637 15
182 869
91 54
728 965
910 866
546 902
273 78
364 965
819 99
364 984
910 993
91 81
819 41
182 944
910 977
819 89
91 14
546 947
182 961
910 889
273 66
273 37
546 987
910 913
182 906
728 913
273 118
364 899
182 911
273 70
728 959
546 952
910 969
91 72
910 984
91 76
819 149
455 131
546 897
182 898
273 150
91 100
182 894
455 8
182 972
455 66
91 134
364 952
273 81
182 953
819 31
637 121
364 979
819 9
364 992
273 141
819 131
546 855
455 51
364 988
910 925
273 144
728 955
637 75
546 873
728 958
364 864
364 878
91 63
910 967
455 36
637 133
637 68
546 999
910 920
273 97
910 929
910 879
637 119
182 918
182 967
364 972
455 134
91 79
910 960
546 894
910 850
364 941
819 128
637 10
819 50
182 958
364 974
546 913
182 988
819 20
546 976
728 905
364 968
455 40
819 136
910 966
728 952
91 85
728 949
91 5
637 111
910 937
819 64
819 125
910 876
819 97
728 869
819 5
819 47
182 943
182 880
910 865
182 1000
364 919
819 139
546 957
910 911
182 891
910 914
182 926
546 884
455 97
91 16
364 981
546 917
273 36
546 854
728 971
91 127
546 962
364 964
273 109
273 71
364 963
819 48
273 69
91 68
546 979
546 865
182 874
364 945
728 858
455 140
91 66
273 123
546 950
455 34
819 33
91 41
637 126
728 956
819 22
910 881
182 892
546 877
455 18
546 889
910 975
728 932
637 29
273 102
273 132
273 39
91 44
91 61
819 75
91 139
546 961
364 949
910 944
91 121
728 960
728 954
819 74
364 959
728 964
455 78
819 26
91 97
728 852
819 103
273 129
819 51
182 992
182 962
273 111
728 870
819 69
728 967
182 853
455 54
546 872
910 926
728 861
728 877
364 908
819 71
182 936
273 56
273 43
910 963
637 23
273 32
637 46
637 39
546 986
182 883
91 73
546 923
182 852
273 42
91 40
819 15
910 857
910 998
455 125
273 93
455 72
910 959
637 79
455 121
546 991
364 937
273 90
910 980
546 879
455 61
91 26
182 877
728 962
910 880
728 940
182 932
182 965
273 82
728 937
637 43
637 28
546 928
273 77
728 981
364 853
91 22
910 933
546 899
364 859
273 133
455 101
455 49
728 906
182 850
364 923
364 986
546 868
728 976
637 115
728 957
637 95
637 137
728 879
182 934
819 90
364 929
364 985
910 987
364 851
455 62
819 109
364 958
273 145
455 133
273 147
819 96
637 129
91 113
819 24
273 14
455 85
273 139
637 60
273 50
91 101
546 856
91 48
637 48
364 867
637 63
364 946
728 881
364 934
819 81
728 850
182 977
728 865
637 130
182 935
728 925
546 938
455 59
182 939
910 919
637 78
182 888
455 99
455 16
364 936
91 107
819 29
546 965
273 38
91 146
91 35
819 86
910 902
455 65
182 897
364 954
637 109
546 997
910 894
91 105
910 870
273 41
637 89
728 857
364 912
455 41
364 877
546 953
910 862
546 958
910 982
910 951
91 143
910 981
728 896
455 117
728 934
364 913
637 26
546 904
364 928
455 108
455 31
91 77
273 54
819 84
546 860
819 124
182 950
728 980
910 884
637 138
728 983
546 949
455 58
910 940
546 922
637 33
455 17
819 27
91 28
637 59
819 12
91 87
182 931
910 932
91 125
910 961
182 968
364 850
364 873
182 908
910 899
91 122
546 887
455 96
637 7
455 21
910 946
546 895
637 42
273 46
546 852
546 925
182 951
546 914
637 135
364 906
910 908
455 27
728 871
91 149
910 936
546 921
910 957
455 141
273 33
819 101
91 65
819 13
819 88
273 121
455 15
546 948
910 887
728 884
910 927
455 103
364 856
455 9
637 105
273 115
182 999
182 970
455 37
273 4
637 132
455 11
182 865
910 882
910 988
637 84
91 104
364 940
910 945
819 93
910 896
273 114
728 986
728 974
910 863
364 962
819 129
637 148
455 69
546 937
182 948
455 137
91 110
273 6
819 119
91 70
91 29
546 929
91 23
637 3
455 83
546 939
182 920
182 862
273 73
819 108
364 983
728 909
637 5
728 944
546 935
273 62
819 148
819 92
546 981
910 860
455 63
910 949
182 927
819 19
546 994
819 106
819 98
637 36
637 90
728 921
728 866
91 55
819 137
91 20
546 886
637 37
728 916
546 926
728 895
364 938
728 863
910 928
637 98
364 943
364 887
273 79
637 103
819 113
91 57
273 122
455 130
728 984
364 957
637 83
273 146
728 961
364 917
546 933
91 89
910 883
819 14
182 885
455 94
91 39
182 896
364 909
364 858
455 42
819 121
637 47
273 94
910 992
91 33
819 87
637 112
546 853
728 951
182 881
182 871
273 30
91 13
637 35
637 54
819 110
182 982
91 88
728 880
91 11
728 930
637 124
637 69
182 954
455 150
455 30
273 13
637 55
273 87
182 914
182 938
91 53
364 880
910 923
91 141
546 942
182 917
91 133
273 53
637 80
273 23
273 17
728 920
273 99
637 116
819 10
455 88
455 114
637 144
819 23
91 129
455 81
910 872
546 996
637 21
364 932
91 38
182 900
819 130
637 96
637 20
910 878
546 983
273 26
546 980
182 923
546 964
728 856
819 44
455 118
546 971
637 143
364 870
910 939
546 960
819 72
273 80
91 91
91 108
364 869
819 30
364 944
637 94
819 65
182 998
819 138
819 60
728 994
455 14
546 932
273 11
637 93
819 141
91 60
455 143
728 936
91 8
455 6
182 969
637 1
364 960
91 119
273 59
455 46
273 55
728 970
364 863
364 916
91 30
273 148
546 967
182 870
910 851
455 109
91 59
728 855
728 893
819 76
364 900
910 934
546 969
728 854
364 993
182 946
819 21
910 906
273 128
910 973
546 945
182 868
728 993
91 49
728 968
910 855
455 124
637 85
182 863
455 120
910 991
728 891
91 98
728 892
364 860
455 82
637 57
455 110
728 922
910 905
910 931
182 902
546 944
546 867
819 147
728 1000
637 34
546 995
182 978
728 973
364 911
819 58
910 897
273 98
273 51
637 53
819 77
455 29
273 60
364 888
637 123
910 912
455 71
910 858
728 939
728 923
91 109
364 987
546 982
91 103
910 874
546 941
182 857
819 45
273 47
910 904
546 851
364 926
546 907
182 983
910 943
91 90
910 986
546 936
637 120
546 930
546 878
910 924
819 18
728 989
273 84
819 4
728 947
182 876
91 96
273 74
455 126
546 993
819 132
182 856
819 38
91 1
728 864
91 137
455 132
728 991
637 67
364 991
910 871
91 25
728 851
91 27
182 884
273 18
637 64
273 124
182 937
637 86
273 116
182 979
546 863
273 12
819 150
364 915
819 70
273 104
273 86
364 918
728 982
637 51
819 46
455 129
819 7
91 95
91 142
910 859
273 125
182 915
546 908
728 979
455 102
273 1
455 146
728 867
637 52
910 867
455 33
91 86
273 117
182 987
273 72
819 91
455 23
455 52
91 4
637 134
364 910
637 99
728 911
728 948
273 112
819 115
819 16
364 875
546 869
819 143
455 64
728 900
637 38
546 963
455 13
637 31
910 885
728 985
273 29
910 968
728 992
546 985
819 126
455 149
273 2
819 43
637 72
273 35
364 920
91 2
455 86
546 940
455 123
273 3
455 136
728 975
91 52
91 145
364 1000
455 122
91 19
728 897
728 912
182 925
182 922
910 947
819 34
546 861
728 882
637 141
637 117
455 148
546 890
546 927
273 136
182 904
455 135
728 904
637 73
637 71
819 59
182 901
