1000 1000 6736
850 682
34 217
25 31
200 217
191 341
186 465
822 992
184 527
168 93
68 589
984 372
12 403
998 806
109 961
113 961
851 620
856 124
986 496
796 434
169 93
30 899
982 186
956 558
922 248
839 620
990 744
85 589
17 775
177 93
190 651
955 62
802 434
129 217
199 713
932 124
88 341
942 62
72 341
64 341
181 155
911 186
926 744
941 186
876 992
790 124
883 310
180 155
912 868
952 372
91 651
919 558
822 248
870 930
945 806
206 93
19 31
956 744
83 217
64 31
167 341
95 93
876 372
874 372
837 868
997 248
981 372
957 744
10 341
915 62
969 806
162 961
845 434
162 775
190 713
901 558
186 527
845 744
87 31
56 837
118 713
898 806
862 620
899 372
181 713
815 496
49 899
78 155
891 434
205 31
32 341
150 961
969 434
996 620
57 527
958 310
92 465
73 527
861 248
141 713
881 62
997 806
866 806
60 527
824 496
52 837
843 124
50 31
36 403
11 217
840 124
139 651
891 992
77 775
965 248
856 992
71 651
912 186
66 961
865 434
938 806
841 62
24 899
21 713
154 93
158 31
158 93
892 868
142 155
69 279
160 651
909 806
208 403
880 496
165 217
23 279
48 279
43 589
958 124
88 899
941 124
807 496
169 217
171 217
193 31
920 868
915 496
207 775
6 527
987 868
53 651
49 837
971 682
115 589
167 93
172 465
997 372
79 837
816 496
972 620
9 837
982 744
52 279
808 62
158 155
985 496
139 899
823 434
959 620
165 651
989 434
907 744
130 403
160 403
179 775
951 124
819 868
79 279
793 868
98 217
904 930
153 341
43 713
48 31
958 496
113 713
889 744
117 713
125 465
167 31
873 434
809 496
65 465
68 279
918 744
206 217
824 868
202 93
976 62
94 899
894 992
858 124
959 186
109 465
981 620
129 775
941 248
882 744
145 775
12 279
995 248
955 372
68 31
847 434
957 496
58 341
5 837
124 589
186 713
2 837
923 496
97 465
173 899
871 496
989 868
807 744
877 372
839 248
174 651
167 713
950 744
876 868
173 713
846 124
115 155
842 930
974 496
993 744
837 434
873 62
880 310
49 713
169 341
184 775
825 744
947 496
911 620
51 155
806 806
997 124
921 496
121 403
14 279
164 217
16 775
937 186
198 403
897 620
857 558
97 279
32 961
998 496
167 589
816 310
186 341
826 310
984 496
17 465
9 775
1000 558
952 186
20 93
956 992
831 620
179 93
78 713
124 527
19 155
96 155
100 527
119 93
118 899
859 186
111 775
971 248
981 682
821 744
806 930
77 465
872 558
123 837
837 806
801 310
173 403
125 651
67 465
850 496
1000 434
134 93
824 62
869 868
190 217
903 992
893 124
807 620
77 341
930 186
923 434
10 527
863 744
846 186
952 62
133 465
117 899
871 124
824 620
861 124
957 620
816 248
54 713
938 992
917 992
989 372
977 930
940 310
81 155
955 124
163 527
47 899
925 930
996 310
814 930
3 775
810 682
63 93
114 527
13 155
906 372
109 527
24 31
865 620
918 992
168 465
147 899
949 248
122 589
38 527
838 868
818 186
24 589
182 899
997 62
60 775
204 279
840 372
797 744
817 372
885 930
72 217
879 806
825 372
172 403
827 248
23 651
1 155
200 403
883 372
138 279
967 558
850 372
122 651
930 930
980 682
860 558
880 124
794 496
209 961
985 372
926 434
803 806
204 961
849 992
196 93
951 558
791 310
883 186
130 527
834 310
906 186
945 372
915 186
119 589
974 186
882 496
135 279
125 93
881 992
989 248
887 434
9 93
32 527
103 465
926 682
834 992
935 868
850 558
161 837
919 868
126 775
827 558
36 651
937 248
854 310
799 744
999 620
36 93
188 217
86 465
987 62
869 620
983 682
21 527
934 620
79 31
101 899
149 217
42 651
828 682
45 279
53 713
918 62
183 341
56 93
130 341
93 217
796 744
797 868
854 434
803 62
927 930
869 930
173 341
929 868
169 651
101 341
940 186
166 403
209 837
835 992
85 961
164 465
107 465
71 527
26 837
868 868
890 62
835 868
121 31
871 186
891 372
807 372
944 744
796 992
966 744
5 961
910 372
192 899
120 837
871 806
165 713
885 310
7 403
32 31
820 248
915 310
104 837
170 341
9 341
2 341
138 713
98 341
941 372
951 62
100 279
937 620
162 341
204 775
818 868
809 62
939 248
807 682
99 465
80 403
84 775
12 465
10 217
47 217
35 961
163 899
855 62
27 93
929 496
77 837
186 403
933 124
874 124
811 434
131 403
933 806
985 806
61 279
143 775
812 186
124 775
71 403
151 961
175 341
197 217
944 496
949 186
815 186
931 806
958 682
829 620
191 279
33 465
145 651
884 372
8 279
844 310
948 620
87 651
815 310
947 992
129 713
838 558
87 155
2 93
865 310
835 62
847 496
92 527
193 527
928 496
199 837
964 434
895 310
936 62
207 341
937 496
80 589
49 403
135 961
193 837
815 806
830 434
882 682
793 186
821 806
147 217
963 372
98 527
802 124
73 279
205 279
862 186
851 806
34 341
844 744
958 186
161 31
147 589
120 527
186 775
198 589
887 806
994 620
120 713
188 837
164 713
931 682
838 124
956 186
189 775
54 465
30 465
78 961
170 527
153 279
823 248
115 217
8 651
161 527
105 589
2 961
885 806
978 124
107 155
184 465
867 620
895 62
832 434
72 837
188 651
966 682
104 713
138 527
899 310
23 403
914 496
910 744
924 186
91 217
870 434
981 930
72 93
940 868
37 279
181 93
177 465
905 868
852 868
24 961
208 31
146 589
844 372
108 341
41 589
952 496
200 837
82 527
926 372
999 124
932 248
14 527
895 992
89 589
3 837
973 434
796 124
821 620
997 868
38 589
138 837
189 465
5 589
13 93
18 93
843 496
935 248
152 403
98 31
843 806
833 496
882 930
182 961
980 558
819 558
123 713
16 589
1 713
141 527
877 124
80 217
147 465
954 248
963 248
926 558
44 961
94 775
142 31
36 775
815 868
193 961
942 930
192 217
833 930
205 713
990 620
963 744
962 620
59 217
72 279
197 837
957 186
192 279
989 620
937 930
134 527
877 496
92 403
94 527
808 248
936 310
103 837
872 868
820 620
860 620
933 744
793 310
934 868
803 744
6 217
922 124
114 155
96 341
908 62
807 558
118 403
981 62
15 217
823 496
981 992
86 279
162 899
95 651
800 868
50 217
64 217
949 496
108 837
137 31
78 837
856 62
936 124
819 124
931 620
946 496
836 124
50 961
952 930
836 310
829 930
859 62
967 806
893 248
881 124
138 93
843 620
836 62
976 186
196 961
947 434
106 403
150 93
129 961
929 372
165 527
974 372
798 496
797 248
913 496
144 93
106 465
38 217
953 682
820 186
168 961
91 527
137 837
843 62
800 558
135 465
917 806
876 806
150 837
985 62
147 527
932 806
868 310
90 341
974 992
950 496
857 806
82 899
1 279
808 620
802 558
988 62
995 310
46 341
832 124
14 775
86 217
867 868
183 961
904 558
887 744
77 155
165 155
834 186
975 868
992 744
23 465
13 961
19 775
797 930
123 279
123 341
156 155
992 372
823 62
76 589
886 124
800 62
1 651
956 124
94 217
78 899
948 434
988 558
921 62
29 775
852 248
92 217
41 341
813 620
188 527
898 186
158 589
52 31
154 837
888 186
122 527
933 62
955 620
32 217
951 682
156 527
851 992
953 248
150 279
881 806
199 341
904 868
901 620
864 744
935 310
155 589
837 620
846 682
892 310
168 775
832 248
40 341
825 992
869 558
855 992
999 806
832 930
825 868
970 558
971 62
898 62
167 403
848 124
897 124
108 651
849 310
954 744
884 930
23 527
23 31
801 186
185 527
199 31
996 372
140 279
115 713
177 217
950 124
105 527
852 682
34 155
145 961
856 620
838 992
84 403
922 682
89 775
98 279
196 775
965 496
175 93
82 589
40 217
896 682
168 155
948 744
795 992
204 713
24 651
977 682
204 31
873 930
34 465
837 62
10 31
832 496
24 155
885 124
960 682
157 899
178 279
855 124
885 496
800 186
916 310
982 62
845 372
810 186
139 279
799 992
977 496
792 868
959 806
961 682
158 279
925 744
830 868
913 124
995 806
853 310
890 620
15 899
126 837
46 589
838 248
62 155
33 837
955 186
803 124
103 93
818 930
67 713
861 372
824 930
19 713
92 31
880 558
927 372
807 248
19 217
56 155
119 899
39 31
105 465
3 93
963 186
958 744
146 961
963 682
937 744
107 837
877 744
900 434
163 341
155 837
103 279
130 155
895 620
75 31
857 372
31 155
864 930
993 62
131 279
170 899
179 341
188 961
32 837
61 217
902 868
110 31
997 682
72 651
76 341
982 558
806 744
878 806
937 992
97 31
67 341
904 744
842 434
135 713
77 651
82 651
43 899
13 527
120 341
874 310
135 403
875 868
190 465
28 403
156 837
79 403
187 403
191 961
27 775
185 651
885 682
876 124
83 961
839 372
42 961
830 310
56 589
838 682
117 279
71 713
890 992
792 930
115 465
102 217
103 527
965 186
176 279
912 62
982 496
968 558
967 930
790 248
16 837
879 186
1000 868
10 279
104 465
864 558
194 93
838 372
127 775
162 651
914 992
943 744
992 496
940 496
906 992
3 403
914 558
201 279
34 93
87 589
162 31
999 558
889 558
962 496
1 775
891 248
75 93
809 744
851 558
166 31
921 558
131 899
31 527
196 465
852 310
821 310
66 217
56 651
147 713
994 868
30 651
112 403
925 372
64 651
204 899
50 837
933 186
890 558
964 558
19 279
918 124
207 217
861 496
161 93
913 372
881 868
921 620
996 496
827 372
169 589
28 341
991 930
136 527
798 558
104 527
49 155
961 248
794 372
872 310
927 248
51 961
993 868
121 589
874 620
878 62
833 620
37 961
816 744
29 651
156 651
970 744
135 155
930 248
947 62
127 279
65 31
940 558
792 310
47 713
160 713
3 961
972 806
996 868
31 341
128 775
140 899
205 589
39 899
124 713
74 837
23 961
894 744
835 496
893 620
883 434
875 62
5 465
828 496
157 651
969 62
795 62
101 713
916 434
181 961
931 186
30 155
847 806
898 372
801 930
25 899
870 868
978 186
968 496
941 620
151 155
974 124
48 713
77 279
60 31
889 682
813 310
861 992
158 527
915 806
74 899
189 279
894 310
188 589
196 713
85 899
116 651
70 651
933 248
897 558
998 434
884 124
56 279
153 155
879 434
69 713
879 930
880 744
90 713
848 558
976 310
848 496
953 868
890 124
975 186
68 775
907 682
952 434
841 310
847 372
853 248
90 155
828 806
81 651
46 155
989 124
869 744
841 868
51 589
44 217
181 527
118 31
880 248
53 589
206 527
826 558
147 403
77 403
884 992
176 651
830 62
63 279
20 837
807 434
135 93
42 899
8 527
55 31
3 465
863 310
817 496
990 992
102 465
23 589
847 744
920 930
827 310
113 279
866 992
911 558
131 217
28 713
53 403
805 682
4 589
65 279
25 403
852 434
126 31
930 806
159 31
161 217
35 155
124 341
90 279
962 310
172 341
125 403
993 992
144 651
982 992
849 806
162 279
143 527
58 961
842 744
144 155
129 279
939 186
91 403
999 186
119 775
804 434
1 217
840 744
798 682
203 465
54 899
51 713
203 527
172 713
188 403
925 868
103 217
836 496
177 341
875 806
987 558
205 403
110 713
972 434
22 527
851 868
799 558
827 806
16 155
124 31
48 217
811 186
133 217
810 124
28 961
187 465
919 930
854 868
58 651
5 217
820 62
857 124
192 589
201 341
815 248
121 651
973 992
89 155
119 527
794 620
196 527
866 868
85 651
978 496
193 465
165 31
917 496
153 31
169 403
126 341
98 589
885 434
137 93
154 713
924 868
897 372
7 279
790 496
196 589
956 868
971 868
119 341
975 310
834 930
938 248
94 961
174 527
886 186
84 527
5 775
863 806
64 93
71 217
155 341
143 93
200 651
208 279
878 744
60 837
86 961
30 217
102 279
951 310
1000 62
861 186
878 372
894 186
159 651
30 837
960 62
57 837
65 713
912 372
39 155
160 155
866 62
192 155
875 992
148 899
965 930
906 124
869 806
992 62
940 248
921 868
52 899
85 341
207 279
136 961
855 744
40 899
922 434
856 434
131 961
966 62
180 527
903 186
6 279
49 589
796 372
160 31
111 93
970 496
792 558
887 496
941 992
114 837
996 62
176 589
938 868
941 744
97 217
100 341
209 31
174 837
940 682
129 465
977 248
123 775
961 186
885 620
801 248
141 217
846 558
964 682
13 31
22 93
875 434
810 558
145 713
873 248
83 837
1 589
993 620
192 465
28 465
48 527
896 930
26 341
157 93
70 341
17 341
67 899
902 620
829 558
988 310
41 899
943 992
997 310
805 806
892 62
950 868
20 31
935 434
909 992
915 372
180 217
175 589
820 496
952 310
987 310
905 744
92 899
45 713
886 744
11 899
808 930
192 651
845 868
178 465
187 31
796 930
947 930
792 806
137 465
989 496
878 620
935 620
143 31
205 837
74 527
930 372
999 372
981 434
882 806
957 310
72 403
147 775
961 310
795 620
199 93
101 217
202 837
39 217
172 837
123 217
996 930
67 31
835 434
795 310
982 310
188 341
797 124
973 806
154 961
19 961
962 558
163 589
897 62
922 310
9 279
72 961
907 620
78 31
173 31
127 217
19 651
898 496
895 124
970 620
106 713
983 248
8 31
887 682
83 465
22 775
952 744
968 372
922 930
84 31
193 899
973 558
209 713
956 930
130 899
34 403
945 310
868 372
69 589
821 682
60 217
26 961
185 279
139 775
998 868
89 403
62 713
164 527
86 155
791 372
856 248
133 589
14 899
1 93
806 868
187 713
884 62
838 930
118 527
25 651
888 372
153 837
865 682
35 775
846 744
112 465
827 496
171 155
24 341
135 341
824 248
99 651
109 775
22 961
118 465
17 651
87 217
958 62
823 868
914 124
827 744
795 558
956 62
83 279
987 124
845 310
949 682
143 899
806 496
956 496
817 806
96 775
76 651
64 155
795 930
74 31
816 372
151 279
187 961
174 465
899 806
151 837
808 372
83 713
145 155
847 682
172 217
925 992
81 961
973 124
21 217
4 899
70 961
919 372
37 589
189 899
167 155
962 868
950 620
812 434
26 217
106 589
893 310
839 186
173 961
836 620
161 651
796 62
140 217
197 403
126 899
899 868
24 465
204 217
115 837
75 651
45 465
106 279
57 217
891 558
881 434
134 403
960 496
149 651
836 186
867 744
980 62
20 961
153 527
102 527
45 961
970 992
948 558
793 434
812 248
49 651
87 713
827 62
30 279
948 496
899 930
44 527
103 403
948 62
183 651
948 868
925 620
111 589
140 341
42 403
888 124
116 527
876 930
107 31
120 775
851 310
28 217
29 837
899 434
854 682
113 837
102 403
970 62
164 93
117 93
131 837
9 465
798 434
826 744
823 806
35 713
958 620
76 961
172 651
14 961
931 372
20 341
805 372
864 372
62 527
199 775
947 868
865 806
194 341
812 496
881 682
919 124
967 186
836 868
978 310
941 682
905 992
873 186
175 403
938 62
992 558
168 527
210 279
57 899
940 806
915 682
918 310
798 62
92 279
800 744
206 651
981 124
176 899
899 558
862 372
871 434
197 31
7 713
946 620
932 930
803 620
928 372
148 837
791 124
82 279
55 713
916 248
43 961
892 682
80 93
27 279
7 775
958 992
928 744
950 248
900 496
875 930
38 465
53 31
841 186
137 341
847 248
866 434
208 899
839 496
860 124
123 465
858 682
136 93
990 868
838 310
943 124
941 62
181 837
101 465
148 713
792 124
901 372
830 558
949 744
210 527
210 155
842 868
935 62
901 744
934 124
875 620
972 496
853 372
803 930
937 62
825 496
59 31
79 217
908 434
993 434
102 775
4 341
796 868
133 899
951 620
158 961
902 124
107 217
811 868
23 713
91 713
158 651
808 124
121 341
42 465
60 589
6 837
128 279
865 124
817 310
938 310
935 372
855 806
148 155
27 465
811 744
2 31
198 961
186 589
124 651
149 93
175 527
77 93
57 713
166 775
987 806
95 899
796 806
830 682
7 837
832 186
849 186
983 372
117 403
115 651
989 62
942 682
40 93
14 465
968 186
888 248
879 372
849 62
7 93
6 589
136 465
40 155
167 899
201 713
132 527
64 279
817 620
793 806
93 279
847 124
862 434
11 961
198 775
20 527
81 775
7 465
908 496
85 403
805 620
824 124
984 558
944 806
815 558
41 279
832 372
914 248
201 527
89 713
942 496
900 806
991 496
922 372
822 372
913 868
867 930
113 651
908 806
174 279
912 682
180 961
944 310
863 248
27 651
970 186
138 961
888 744
871 930
829 372
893 868
155 651
842 62
52 217
109 713
918 186
194 837
174 775
144 403
32 713
959 310
62 217
112 713
25 961
899 124
190 899
917 620
111 465
197 713
188 465
837 682
978 372
209 93
42 279
97 837
41 217
142 341
917 62
207 465
898 744
31 403
889 62
905 620
21 279
17 93
45 651
154 403
125 527
37 837
814 186
80 651
91 31
157 155
74 713
869 682
807 930
63 899
166 837
813 372
819 310
42 31
943 248
830 248
1 899
959 248
791 62
803 558
845 992
935 558
93 403
897 496
897 930
21 155
8 93
25 837
80 279
2 651
58 155
908 744
69 31
180 31
952 124
864 682
794 62
8 217
206 279
32 279
123 961
825 558
59 837
180 279
852 620
997 992
932 682
18 403
39 527
929 930
909 930
1 341
856 930
859 124
815 434
108 155
183 279
81 403
999 992
920 744
900 868
51 651
927 434
111 527
800 682
851 62
973 62
62 589
78 589
925 496
940 992
909 372
204 527
28 155
915 248
817 682
985 558
806 310
199 651
36 155
950 186
141 899
179 155
51 775
900 682
901 186
60 465
166 899
792 62
801 124
871 372
79 527
802 62
884 682
838 62
959 62
916 62
914 186
947 248
15 961
938 496
999 310
949 372
938 558
37 341
49 31
61 465
121 899
914 310
828 186
816 868
961 806
965 744
973 310
113 775
901 124
970 868
969 682
133 961
989 744
879 124
977 806
986 868
944 930
181 775
905 248
81 341
175 217
895 744
70 279
797 62
128 403
885 248
902 372
896 372
843 868
182 589
50 775
56 961
864 124
160 775
895 434
910 558
906 744
937 868
843 248
875 248
33 589
811 558
946 558
16 93
8 465
953 620
798 186
990 434
846 930
885 62
862 682
890 372
863 558
7 341
209 465
822 434
6 155
826 868
941 434
143 217
61 403
993 682
203 651
126 217
975 992
4 837
945 992
804 930
37 155
903 372
852 372
867 186
97 961
938 744
83 775
202 527
942 558
157 837
127 713
35 93
22 155
71 93
4 713
845 682
900 62
58 837
87 279
178 775
87 93
194 465
7 31
65 341
825 620
40 651
999 682
966 868
164 403
798 124
918 372
821 186
924 682
954 62
816 806
891 62
971 372
815 992
75 279
152 341
813 558
936 620
71 589
792 186
112 31
982 682
102 341
84 341
900 992
905 124
65 651
172 961
155 465
55 403
818 558
835 806
112 837
160 589
23 341
40 465
113 899
841 124
95 155
813 868
901 310
907 992
991 372
171 465
792 620
931 124
32 589
114 589
887 868
923 558
913 806
908 372
62 93
45 775
14 403
96 31
871 310
844 806
168 279
821 62
9 899
73 961
116 217
803 682
936 558
907 186
962 682
877 248
13 713
929 620
125 961
12 775
199 217
824 744
910 930
825 248
207 31
913 682
136 31
962 930
76 155
926 992
840 248
9 589
178 589
145 279
82 341
924 434
123 31
926 186
923 124
791 682
207 93
905 434
865 186
76 465
839 930
797 806
805 124
793 682
967 372
844 682
64 961
190 589
988 682
800 496
906 310
202 279
844 620
178 651
995 868
798 930
965 434
870 186
794 930
959 930
810 868
947 124
911 496
927 868
153 589
80 775
974 248
877 930
112 93
792 248
833 186
90 837
794 682
917 744
84 279
35 341
839 62
27 155
805 248
819 806
991 868
953 434
76 713
30 589
175 155
93 961
811 806
82 961
86 775
934 62
162 713
173 651
902 310
146 527
874 992
797 558
126 589
74 961
108 775
844 930
136 837
198 155
99 217
897 682
120 279
945 62
908 248
811 682
144 279
849 620
45 589
139 403
889 310
67 155
936 806
49 961
802 496
85 31
206 837
70 713
28 279
140 527
952 868
814 124
881 620
53 93
923 310
819 434
153 93
910 992
883 992
13 279
949 930
66 279
173 527
194 31
955 930
927 62
974 620
903 558
957 868
171 403
19 341
937 806
949 868
978 682
91 961
914 372
67 651
107 279
840 930
100 403
887 620
808 744
27 403
146 403
101 279
911 806
99 775
961 744
867 62
59 651
197 589
106 93
889 496
192 961
800 372
856 558
967 434
853 434
16 465
154 279
151 403
814 744
55 961
183 837
132 155
868 558
46 775
141 651
53 155
872 124
894 682
29 341
842 496
967 868
170 31
838 186
184 31
49 465
979 248
854 186
957 434
906 434
203 279
137 527
820 806
891 930
46 651
922 496
200 589
943 558
25 217
145 589
50 93
192 775
850 434
29 403
964 992
860 930
945 186
922 62
67 527
32 465
63 589
77 217
9 527
897 744
877 186
46 899
859 310
825 62
16 651
818 372
89 961
919 62
873 310
932 496
202 403
131 589
854 248
809 868
803 868
872 62
122 155
978 62
171 527
931 434
967 248
862 248
75 527
970 124
110 775
988 868
921 248
78 93
998 558
1000 372
118 651
88 279
21 31
29 31
882 558
980 186
21 465
18 589
196 217
857 930
930 620
866 620
935 186
198 899
832 682
912 434
82 217
37 651
954 868
839 124
139 465
838 496
896 248
152 775
964 310
859 868
4 775
1000 930
7 961
104 155
953 62
962 992
44 837
59 713
991 744
51 93
46 31
901 682
977 868
968 434
101 155
135 527
149 713
112 341
17 837
132 403
802 744
991 124
198 713
869 434
200 279
862 930
936 434
130 651
75 775
842 372
3 31
886 248
901 930
203 93
15 775
842 124
930 310
167 961
805 496
909 868
815 620
57 279
964 248
930 496
850 868
848 62
986 62
926 248
196 279
174 961
187 155
36 465
835 930
812 62
201 93
80 899
59 465
111 279
183 713
877 62
960 186
964 620
904 186
88 775
22 279
125 589
88 155
13 403
799 868
107 775
126 155
30 341
125 155
169 279
61 155
93 527
53 775
960 806
173 93
100 651
823 124
809 124
89 527
945 744
11 837
143 713
30 961
152 465
189 589
157 465
857 310
974 744
112 279
3 527
975 744
149 589
874 496
866 124
99 155
167 775
55 837
176 465
64 837
97 527
875 744
99 899
30 713
882 124
871 248
926 124
78 651
176 713
161 403
880 806
109 589
942 434
157 217
139 713
160 527
831 806
137 899
190 775
111 217
208 713
914 620
118 775
152 713
968 248
806 62
826 682
114 775
122 713
868 434
795 744
834 248
205 899
950 806
920 62
132 465
902 62
74 93
87 775
827 992
825 186
152 899
923 62
830 186
37 465
145 93
202 775
994 62
974 868
939 310
837 558
168 589
43 31
96 403
978 992
889 372
981 744
820 930
837 496
168 341
44 651
114 961
867 310
112 961
185 155
118 589
963 992
931 248
136 899
8 775
37 217
984 868
19 899
124 837
144 899
123 403
179 31
872 930
962 806
183 775
149 527
954 682
19 589
817 558
29 465
876 682
914 868
879 744
980 992
202 899
954 992
36 217
128 31
817 744
31 651
912 496
910 186
92 93
123 899
910 496
198 31
97 775
189 403
872 248
932 310
207 403
980 248
910 806
91 775
861 682
868 806
817 992
951 372
866 930
96 527
23 155
963 496
130 217
190 341
20 465
142 465
67 961
828 248
942 868
205 155
54 961
25 465
983 310
854 496
895 806
193 217
954 186
62 651
43 651
33 279
826 496
861 62
966 310
927 682
946 868
85 93
120 465
116 403
194 899
922 186
44 899
925 124
88 837
942 372
928 992
166 589
986 806
168 217
130 589
196 837
797 682
192 341
191 403
856 496
109 403
844 124
999 62
829 806
955 248
121 155
904 248
963 620
920 124
834 682
44 403
55 155
850 310
29 961
148 279
944 558
945 682
873 868
891 124
4 465
74 651
111 713
996 434
826 372
818 62
944 248
944 372
163 465
796 496
210 899
820 868
38 279
985 310
861 806
114 465
946 682
159 589
893 496
998 620
86 713
115 527
193 155
152 155
203 837
109 155
90 403
76 279
805 930
157 279
127 589
155 961
89 93
130 713
75 403
33 341
194 403
41 651
951 248
15 527
65 961
128 899
138 465
40 837
915 558
935 682
841 434
855 186
35 31
196 899
65 527
80 713
874 62
850 186
146 837
912 310
896 124
96 651
199 403
125 837
206 155
108 589
952 806
194 651
868 248
181 403
898 248
119 31
994 434
148 527
143 341
854 372
191 775
159 279
104 651
26 589
877 682
884 496
984 682
181 465
56 465
906 806
100 775
85 465
45 527
948 930
870 806
793 620
892 930
946 310
909 62
929 682
97 713
995 744
969 124
169 155
863 62
850 992
946 434
119 403
970 248
135 31
144 341
59 775
177 279
878 558
795 434
986 620
109 93
927 124
186 899
24 279
203 341
920 496
125 279
913 248
981 806
903 434
92 589
173 775
172 31
191 31
188 713
71 775
805 310
20 155
796 248
797 310
790 62
944 682
141 31
63 341
814 558
923 620
993 186
53 527
36 341
869 992
53 961
826 930
185 403
56 899
961 992
92 651
815 682
59 589
886 930
57 465
55 93
935 930
201 589
117 341
110 651
176 527
47 31
818 620
874 930
156 589
801 434
933 558
948 248
975 558
50 527
85 279
142 589
150 465
12 217
899 248
204 651
977 744
27 527
846 434
954 930
897 186
59 341
202 713
21 837
896 62
988 372
98 775
969 868
146 217
864 620
813 248
993 806
911 434
862 496
957 682
962 124
800 434
831 558
206 465
163 403
897 868
990 186
798 372
909 186
168 651
968 682
824 372
804 372
117 527
160 899
863 930
186 93
143 465
821 496
796 310
14 589
61 31
884 868
834 744
163 713
869 310
210 589
127 341
864 186
159 527
71 31
57 775
121 837
893 186
890 930
918 806
876 620
928 620
34 899
923 248
59 93
971 124
901 62
171 589
164 279
875 372
818 992
871 62
65 403
54 403
160 279
806 248
58 775
999 434
893 62
998 682
117 651
10 961
28 651
911 124
868 186
178 93
168 837
11 155
932 372
871 620
991 558
67 589
139 217
33 651
983 558
3 155
873 124
888 682
841 620
999 496
890 310
987 496
828 868
98 837
5 403
833 372
802 868
152 651
37 713
35 589
55 589
819 930
121 961
92 713
811 620
802 310
988 992
94 279
63 961
976 248
107 527
125 899
75 217
878 496
99 279
826 806
113 403
18 651
816 682
909 558
165 899
132 279
889 620
195 589
905 496
52 341
77 527
837 310
162 527
824 434
986 682
962 62
962 186
158 899
100 713
6 961
61 93
91 155
29 217
60 341
163 837
905 558
825 310
849 248
151 341
70 837
1000 620
177 899
816 62
822 682
186 837
977 124
914 744
811 248
111 651
960 868
848 806
134 217
141 775
140 589
33 961
802 620
67 775
147 651
951 992
121 217
134 279
100 961
55 899
981 496
984 992
990 558
67 217
848 434
918 868
961 558
971 992
806 372
912 992
210 651
907 310
899 186
835 248
951 930
979 124
926 868
180 465
118 961
166 341
794 186
941 558
987 992
931 744
895 496
938 186
11 465
972 744
189 155
917 310
961 620
147 93
53 341
176 961
158 465
888 992
987 682
893 806
201 837
920 248
171 961
907 558
854 806
124 217
791 620
137 589
848 372
959 124
173 155
848 248
878 124
930 868
897 434
14 713
903 806
39 589
927 496
27 31
997 186
111 31
876 62
997 558
11 279
790 310
821 124
987 186
883 620
854 930
903 682
908 620
180 899
858 434
22 837
891 310
988 496
971 496
792 496
853 744
915 620
131 775
93 31
165 341
15 465
21 93
854 558
68 527
96 279
36 279
900 558
813 496
108 713
99 589
5 341
4 651
36 527
825 682
921 682
985 930
932 434
155 403
893 434
107 961
829 124
921 806
28 837
979 558
151 899
865 372
65 837
994 496
203 589
793 62
184 341
125 713
952 558
929 744
853 806
903 310
913 434
841 930
995 930
869 186
828 372
853 124
153 713
894 124
102 589
890 806
68 961
848 310
819 496
79 341
41 93
102 31
802 930
938 124
865 248
191 651
954 310
37 403
804 310
986 744
98 93
26 713
825 806
911 744
963 806
140 155
161 713
24 403
895 186
83 31
56 527
998 992
939 682
107 899
866 496
974 310
94 651
854 992
889 868
206 31
965 992
921 930
68 899
195 279
873 620
41 465
894 806
183 589
833 992
83 403
954 806
981 186
971 186
116 155
134 341
978 744
886 682
868 124
114 713
990 496
850 248
199 279
932 992
931 930
988 744
136 775
927 806
178 403
100 155
88 403
166 651
941 496
934 186
885 992
27 341
882 992
894 496
800 124
85 527
124 279
828 124
979 62
177 961
831 372
90 31
871 558
127 527
972 62
186 961
61 713
169 899
1 465
840 558
84 713
899 744
878 248
120 93
98 155
182 403
68 217
946 62
90 527
208 651
857 248
896 496
812 744
860 310
809 248
904 434
904 496
45 341
884 744
904 310
848 186
935 806
12 961
37 527
158 403
984 434
115 279
114 93
980 124
916 124
824 558
60 93
157 775
975 62
963 558
178 217
919 620
976 868
38 31
812 992
38 403
907 868
56 775
116 713
56 403
916 806
200 93
991 992
992 248
912 930
974 558
828 310
935 744
44 279
929 62
177 589
824 806
13 589
73 899
9 651
986 930
891 186
845 62
152 93
943 310
912 558
824 186
966 372
928 248
186 31
110 217
995 992
115 961
980 496
89 279
800 248
855 868
179 589
2 279
73 341
92 341
990 62
147 341
90 899
899 682
939 372
993 124
928 124
808 434
909 248
821 248
897 806
19 837
170 837
863 186
199 961
189 341
887 992
790 372
891 744
195 961
166 961
966 248
195 527
169 837
121 279
170 217
188 31
135 217
83 651
169 465
131 527
905 682
140 837
935 496
138 341
829 744
910 620
139 837
100 837
44 465
902 248
47 155
132 713
855 310
182 651
5 93
908 124
878 434
197 775
875 124
81 713
185 465
916 744
13 837
925 434
860 248
34 527
800 930
940 124
857 868
54 527
93 155
994 930
956 310
912 124
147 279
35 527
886 620
85 155
11 93
127 155
149 775
45 31
177 155
905 310
179 651
859 372
980 744
818 310
803 496
184 899
883 682
125 775
95 713
809 186
75 589
813 806
127 31
64 403
183 93
994 558
886 558
38 341
931 558
832 62
207 589
918 620
16 713
18 31
980 434
992 434
894 868
26 465
843 372
867 124
991 806
139 155
90 217
904 62
960 992
826 434
54 31
833 62
931 992
795 124
995 434
937 124
925 682
977 186
18 155
804 496
856 806
60 713
154 465
16 403
799 682
942 806
150 155
133 93
86 589
179 713
30 93
106 775
164 589
22 899
973 248
150 775
792 372
879 310
822 124
991 434
22 589
966 124
155 217
821 434
870 372
951 434
122 217
32 403
817 434
854 62
8 341
208 155
953 124
827 682
163 651
819 248
969 496
148 403
160 93
150 589
121 465
59 899
820 372
96 713
134 589
111 961
870 620
944 124
8 899
200 775
975 806
155 155
44 155
976 124
961 868
10 713
123 527
936 930
103 155
26 31
895 682
898 868
941 930
3 651
107 403
902 434
137 217
852 186
810 992
925 310
6 775
106 837
86 93
23 837
851 248
41 713
190 403
795 186
115 899
847 620
144 31
848 744
19 465
843 310
794 434
866 682
857 186
27 961
155 31
998 248
814 992
47 837
803 992
21 899
1000 744
101 31
184 403
87 527
984 744
793 930
144 837
861 868
43 155
806 434
70 403
151 589
31 465
173 589
807 806
68 465
206 713
142 651
85 837
105 961
143 279
97 341
135 837
840 310
175 899
836 248
178 713
120 31
873 806
979 682
6 713
141 279
877 434
844 496
44 713
7 527
918 434
806 682
973 930
937 310
79 651
192 31
104 589
959 558
201 217
48 403
74 465
800 620
40 527
197 341
55 651
110 589
844 186
92 837
204 465
820 558
63 155
903 868
822 806
866 310
934 496
152 279
119 279
929 248
862 744
953 930
826 186
956 372
856 682
159 403
983 62
901 496
955 744
892 806
921 992
938 372
15 155
175 713
72 713
847 868
860 496
831 124
845 186
207 527
63 837
973 496
92 775
813 930
195 713
831 434
198 341
910 62
849 868
944 868
919 434
15 31
956 620
30 403
951 186
996 558
207 899
199 589
79 775
208 961
983 744
12 527
897 310
917 248
16 961
155 899
888 930
895 372
79 155
58 93
809 372
62 341
133 651
801 682
150 713
126 93
956 248
182 527
104 279
983 620
955 992
790 806
814 682
76 93
39 713
93 713
886 310
809 310
896 558
122 837
980 930
2 899
838 620
986 248
888 62
175 279
814 806
158 341
830 124
177 713
962 744
149 155
112 651
34 837
103 713
130 775
804 186
957 62
840 62
876 434
927 186
902 992
826 992
967 124
823 682
111 341
54 217
28 899
120 589
59 961
865 992
916 186
932 558
62 31
984 930
867 248
968 992
95 403
31 899
900 248
843 682
161 465
26 899
12 713
31 713
7 651
809 434
17 279
906 868
108 961
203 155
910 310
977 558
798 310
846 248
924 744
894 930
120 961
794 310
192 713
794 744
801 744
150 527
888 868
149 31
899 62
175 651
174 155
913 186
104 341
971 806
47 465
103 341
126 403
807 992
159 93
901 248
107 93
807 310
50 279
157 31
997 744
171 837
6 899
113 217
912 806
149 899
843 744
108 899
185 93
60 961
923 868
850 62
837 248
95 527
62 279
820 682
96 465
916 682
806 620
115 775
51 217
63 713
32 155
104 93
931 62
910 434
31 775
13 651
990 310
847 930
178 961
1000 310
54 279
966 434
129 341
900 310
88 713
137 279
946 186
997 496
69 961
66 899
881 744
804 744
841 248
41 403
927 992
147 31
122 775
111 837
912 744
105 279
858 930
795 496
896 868
86 527
954 372
151 775
874 868
208 217
809 682
864 248
102 837
160 837
969 558
170 465
859 434
14 341
840 186
53 465
999 744
793 248
973 372
890 186
98 899
872 992
178 899
812 372
930 434
827 186
922 620
170 279
15 651
179 899
882 248
936 496
174 713
857 744
2 403
189 651
810 930
78 465
955 682
91 589
182 775
852 496
24 93
794 248
137 651
896 992
939 744
846 62
964 930
201 775
96 93
922 868
991 248
181 341
885 558
201 961
832 992
893 682
184 837
29 589
796 186
74 589
798 248
11 589
179 527
865 558
194 527
62 775
836 434
9 217
88 31
995 186
799 620
936 248
173 465
169 713
849 558
131 93
969 372
943 496
818 744
46 837
100 93
925 806
964 124
48 155
166 155
190 31
812 682
64 775
985 434
848 620
86 31
895 248
805 868
923 806
93 837
934 372
925 248
924 496
863 992
958 868
37 31
996 682
861 620
804 248
943 62
898 558
790 930
76 31
858 806
942 124
88 961
63 31
945 434
810 434
123 651
11 713
992 992
831 930
829 186
843 186
880 434
12 837
79 93
883 124
210 961
798 992
41 837
106 217
976 682
105 217
11 527
937 558
947 310
997 434
1 961
98 713
75 465
114 403
841 744
847 558
976 496
52 465
860 62
9 31
822 620
96 837
68 93
179 403
99 31
187 341
834 558
33 31
197 651
71 279
132 961
907 930
832 806
195 93
875 558
183 31
915 992
983 992
194 713
38 651
159 465
48 775
945 868
820 124
170 961
18 961
825 434
86 403
210 217
71 465
994 372
170 155
152 527
844 62
981 868
949 62
146 465
71 155
206 775
17 403
159 837
828 744
162 155
899 496
839 310
920 186
46 217
88 93
139 589
936 682
22 465
834 372
856 186
810 496
147 155
798 868
892 744
803 248
798 806
892 372
41 775
999 930
950 930
1 527
965 558
914 806
839 744
73 775
892 124
155 527
808 558
111 899
196 31
132 899
27 589
790 558
991 62
36 589
75 713
940 620
145 465
841 992
808 868
868 744
936 868
200 899
936 744
815 930
178 31
969 744
947 806
996 248
957 372
54 341
107 341
199 527
817 248
850 620
185 837
8 589
126 961
115 31
863 434
921 310
89 899
866 248
171 31
903 496
178 341
84 465
138 651
119 713
949 124
989 558
830 806
193 93
93 589
154 899
163 155
10 465
835 682
829 248
143 837
818 682
931 496
799 434
29 155
859 620
90 961
829 62
83 899
66 465
948 310
945 930
934 310
131 465
192 403
141 465
908 992
160 961
860 372
807 124
906 62
816 558
954 558
979 992
879 496
796 620
126 713
992 682
923 682
129 589
61 527
66 155
847 62
129 899
144 465
836 992
94 589
101 93
796 682
197 465
898 930
993 558
109 837
872 186
24 217
950 372
882 620
927 558
840 620
87 899
33 527
57 589
190 93
207 155
924 310
205 217
192 93
998 930
203 775
206 403
190 155
892 434
808 806
71 899
203 403
900 372
880 682
890 248
927 744
77 713
886 496
946 248
990 248
986 186
822 930
120 403
930 744
831 496
88 527
106 341
113 93
906 682
47 775
68 713
119 961
829 682
993 496
40 775
191 93
985 682
827 620
908 558
909 310
830 372
124 403
191 589
823 930
78 279
117 31
810 310
53 837
127 837
14 31
142 899
145 527
1000 186
860 434
847 186
162 465
904 682
923 744
988 930
105 155
58 899
63 217
890 496
156 899
13 899
819 372
200 31
859 248
133 775
88 651
858 620
173 279
38 93
939 496
175 465
108 93
94 465
199 155
814 372
195 403
811 992
66 775
20 713
877 992
919 682
933 992
996 124
44 775
831 248
992 930
138 775
868 682
960 744
74 341
947 372
148 651
186 279
853 682
67 279
38 837
837 930
914 930
200 961
4 527
799 248
822 744
812 124
976 930
834 124
197 527
791 930
858 372
159 155
73 465
10 93
116 465
805 186
904 620
953 992
37 93
180 589
917 372
851 682
983 434
123 589
120 155
64 527
141 155
943 930
131 341
896 186
985 744
811 310
116 279
177 527
158 837
895 930
871 992
834 496
140 93
804 620
994 682
41 961
73 217
42 837
52 775
22 651
816 434
18 465
988 434
880 868
977 620
171 775
171 341
959 372
153 775
19 403
6 31
997 930
181 651
137 961
127 899
945 620
22 31
929 992
45 899
837 124
915 930
203 961
128 961
971 434
77 31
144 961
24 775
979 806
57 31
824 682
62 403
166 713
8 837
109 899
154 155
979 310
930 558
982 806
122 961
66 341
6 465
62 899
40 713
146 899
137 775
807 62
954 124
17 899
55 217
148 465
939 806
799 310
877 806
916 372
923 372
202 217
95 341
795 868
174 341
184 217
43 527
986 434
104 961
45 93
72 527
180 775
833 434
6 93
887 372
951 868
887 558
885 186
974 930
942 992
197 961
129 31
207 961
208 465
144 589
978 806
901 806
121 775
939 558
15 713
819 62
12 341
114 279
903 744
42 155
4 93
911 372
909 496
868 62
208 837
156 775
862 310
29 527
138 899
102 155
836 806
972 868
155 279
128 589
860 682
860 186
62 465
192 837
73 155
54 775
911 248
72 31
973 744
16 341
949 992
906 620
870 310
53 899
160 341
855 682
167 651
927 310
132 341
948 992
896 434
896 806
819 682
793 992
892 186
47 961
120 651
950 62
920 310
148 217
863 868
11 31
920 992
57 341
44 341
124 465
206 961
830 930
889 434
952 992
845 930
161 589
915 744
75 899
177 31
930 124
928 682
103 775
83 589
906 558
83 93
872 682
182 279
2 217
67 93
802 372
54 589
884 248
165 837
144 527
105 775
972 248
817 186
882 868
188 775
890 434
57 93
68 155
81 31
143 403
114 341
176 775
191 713
195 465
800 992
873 682
935 992
934 248
197 93
876 744
42 93
1 403
905 806
802 186
130 93
837 744
811 62
853 930
108 279
878 310
921 124
985 248
917 868
970 806
793 124
798 744
933 682
15 589
975 620
805 558
906 930
186 217
834 62
950 434
852 744
143 155
835 310
185 589
872 744
851 372
810 620
967 744
858 62
70 589
168 899
823 310
172 93
209 155
914 62
210 775
70 465
6 651
124 899
126 651
938 620
816 124
814 868
957 558
932 868
92 155
78 775
86 899
7 217
210 341
885 744
103 899
87 465
146 775
960 558
947 682
975 372
851 744
972 682
121 93
49 93
821 372
867 496
104 775
887 248
38 899
979 930
150 341
17 527
66 403
134 465
195 31
983 496
187 899
210 837
805 62
839 434
122 279
209 217
953 310
918 496
202 651
114 31
990 806
142 217
134 31
926 930
130 465
2 155
963 124
905 186
18 341
898 992
903 62
806 186
145 837
834 434
101 775
148 31
61 341
837 372
884 806
917 434
857 992
859 744
853 62
854 124
872 806
31 279
171 651
919 992
921 186
867 558
140 403
801 558
149 837
979 372
919 310
953 496
795 682
969 992
90 589
803 186
80 837
202 31
883 558
4 217
983 868
40 279
847 992
201 155
97 589
984 62
4 31
995 124
96 961
69 93
928 806
46 527
43 217
811 124
800 806
909 434
925 186
846 620
856 744
58 527
882 434
843 434
78 341
981 248
165 465
91 341
80 341
841 806
964 744
194 589
901 868
170 589
913 744
200 341
110 837
55 465
78 403
33 93
844 992
79 899
159 961
170 403
792 744
29 899
7 899
105 93
801 992
63 775
50 403
790 186
8 155
173 217
851 124
840 496
39 775
998 62
949 434
808 496
25 527
890 868
949 806
177 651
9 155
210 31
190 837
1 31
16 31
815 372
93 899
804 124
198 527
832 868
975 124
920 434
869 496
172 899
93 341
28 527
960 248
907 806
13 465
46 93
817 124
791 496
986 992
928 310
875 186
38 775
894 558
10 589
948 682
991 620
19 527
168 31
180 93
189 217
926 496
162 217
971 744
129 527
140 465
90 651
957 806
881 186
896 310
13 775
917 124
968 620
162 837
114 217
134 713
145 341
124 961
87 341
882 186
892 248
884 186
826 620
154 775
955 496
185 961
177 403
166 93
73 837
966 496
879 682
912 248
850 930
817 868
117 961
31 837
883 248
846 868
994 310
64 589
24 713
12 651
904 992
66 589
165 279
98 465
926 620
1000 682
868 496
58 713
186 155
858 496
68 837
101 589
11 403
131 651
141 93
880 992
164 961
3 899
809 992
884 310
139 93
984 124
64 899
87 837
194 775
56 217
872 434
50 465
73 589
821 868
15 341
128 341
858 744
21 651
795 806
181 899
857 496
81 93
4 279
871 868
166 217
913 558
107 651
889 248
984 186
192 527
879 62
972 372
815 124
874 434
955 558
864 806
18 837
848 868
828 992
974 434
830 744
974 806
151 527
34 775
142 403
872 372
136 403
905 62
918 930
35 899
113 527
790 682
934 806
987 930
139 341
977 372
156 93
870 558
946 124
145 899
833 248
893 992
957 124
111 155
906 496
926 806
939 124
902 744
156 713
34 279
132 651
859 558
194 217
174 403
42 713
134 155
33 775
983 186
128 713
910 248
978 620
832 558
155 93
48 589
879 558
197 899
188 93
34 713
986 372
47 651
22 403
978 248
207 651
844 434
798 620
154 217
179 837
6 403
123 93
878 992
984 806
1000 992
122 403
101 837
51 527
104 217
84 93
188 155
867 806
40 589
82 403
801 806
75 341
958 806
49 527
51 403
34 651
207 837
890 744
159 713
174 589
103 651
834 868
4 403
894 62
945 558
81 527
824 310
34 961
130 961
168 713
813 434
195 651
831 62
5 527
791 868
852 992
184 155
48 651
968 744
801 62
109 341
196 341
35 217
803 372
3 279
942 186
866 372
136 651
813 992
954 434
164 651
26 527
903 248
35 837
116 899
41 31
106 961
900 744
175 837
164 155
122 899
941 868
149 961
208 341
39 93
969 310
9 713
877 868
198 217
141 403
63 465
819 744
176 31
1000 124
870 62
95 961
888 806
976 372
144 217
902 806
868 992
51 279
51 341
832 310
876 558
903 124
66 651
97 93
86 341
875 310
209 341
121 527
156 403
976 558
31 93
146 341
944 992
197 279
839 868
208 589
132 31
46 279
937 682
979 434
885 372
57 403
982 620
904 124
880 620
843 992
157 713
814 310
814 496
968 124
958 930
861 434
848 930
891 682
65 155
835 744
187 279
833 682
849 496
924 372
206 341
55 341
799 806
13 341
146 651
897 992
828 558
47 93
981 310
17 155
154 651
125 217
187 775
900 930
113 465
190 527
149 279
179 279
853 868
58 217
991 186
970 682
998 186
855 434
836 682
99 527
990 372
94 31
65 775
950 310
874 186
109 651
954 620
174 31
134 651
168 403
814 620
38 155
203 31
944 434
804 558
805 434
934 930
117 775
132 775
964 868
791 744
878 682
794 124
837 186
209 527
1000 806
12 589
67 837
118 93
971 930
870 744
877 620
10 651
189 961
964 496
41 155
156 279
130 31
878 868
195 899
984 248
853 496
874 806
937 372
189 93
94 713
869 372
812 930
176 217
27 837
874 558
946 372
206 589
206 899
923 186
13 217
141 961
54 651
978 434
823 620
57 651
156 341
928 434
975 682
836 744
69 651
846 496
118 341
126 465
888 620
985 186
52 403
164 775
183 899
183 155
167 465
47 527
205 527
76 403
79 465
809 620
152 961
857 620
65 217
133 155
108 527
848 992
136 713
994 992
840 434
883 62
989 992
178 155
931 868
26 403
946 806
855 248
85 775
34 589
69 403
210 713
801 620
58 403
202 155
132 837
143 651
888 496
80 961
881 930
936 372
810 744
158 713
880 62
833 806
998 124
893 744
189 31
170 93
106 31
901 434
99 93
842 992
908 682
862 62
105 837
999 868
797 434
198 465
953 806
157 527
128 465
960 124
165 93
201 403
89 341
84 217
210 403
889 806
890 682
127 93
187 651
96 217
819 992
182 155
189 713
94 93
110 961
853 186
835 558
804 806
818 124
928 558
180 403
69 465
41 527
53 217
10 403
156 217
40 961
196 403
864 496
925 62
804 682
58 31
60 899
988 186
826 124
113 341
842 248
845 248
93 465
858 248
829 434
199 465
956 682
942 310
823 558
203 899
55 775
174 217
194 961
185 775
967 496
958 558
50 155
846 992
142 961
893 930
74 155
48 899
934 992
851 930
887 310
2 775
137 403
974 682
894 620
813 62
822 186
991 682
39 279
151 217
797 496
143 589
151 713
891 806
152 589
940 62
42 589
889 124
126 527
863 620
18 217
932 744
171 899
823 186
140 31
2 713
158 775
45 403
966 806
894 248
162 589
201 465
842 558
198 837
828 62
70 31
967 310
864 434
160 465
106 651
208 527
197 155
25 341
866 558
169 527
4 155
990 930
916 558
142 93
95 775
33 403
919 248
32 775
887 186
179 961
995 620
151 93
839 992
817 930
921 372
819 186
27 899
816 930
179 217
20 403
28 775
961 496
110 93
963 434
198 651
881 558
902 682
28 93
791 434
793 558
153 899
926 310
893 558
884 558
94 341
842 186
115 341
52 961
8 403
180 713
899 620
873 496
832 620
152 217
973 682
905 930
820 434
163 31
204 589
953 372
109 217
79 713
3 713
957 992
5 713
127 465
903 930
59 527
851 186
958 372
81 279
861 930
816 992
73 93
69 155
150 31
202 961
201 651
30 527
950 682
21 961
94 837
190 961
870 248
879 248
812 868
119 217
810 372
913 310
831 186
866 744
116 961
871 744
195 217
825 124
143 961
81 899
949 620
99 341
860 868
139 527
210 465
977 310
818 434
884 434
77 961
948 186
913 620
937 434
883 930
15 93
18 713
70 93
16 217
970 434
48 93
959 682
799 124
106 155
122 93
14 155
97 651
21 403
63 527
20 589
83 527
850 806
73 713
894 434
929 558
840 868
995 496
870 682
939 620
855 620
16 279
31 589
940 434
49 341
853 620
16 899
965 310
89 465
953 186
86 651
51 899
78 527
150 899
908 186
946 930
112 155
994 806
17 961
85 217
181 217
91 899
985 992
193 403
71 961
42 775
956 806
204 341
818 248
185 341
794 806
165 403
100 217
118 217
128 837
892 620
170 775
8 961
127 403
81 465
151 651
112 899
185 217
875 496
920 372
839 806
806 992
797 992
938 434
46 961
57 961
965 124
81 589
74 217
883 806
165 589
869 124
163 279
974 62
55 279
883 744
39 961
146 155
896 744
886 372
119 465
163 775
72 589
857 682
860 992
20 899
103 31
164 899
917 930
202 465
916 868
968 930
979 868
70 527
82 465
867 992
913 992
52 93
917 558
938 682
127 961
200 155
983 124
955 434
133 341
881 496
68 403
40 31
20 279
113 155
799 62
961 434
191 899
918 682
163 93
2 527
151 465
834 620
146 93
838 806
11 775
59 403
813 682
163 961
108 31
992 620
167 217
898 124
821 992
963 62
102 93
176 93
802 992
129 837
159 899
49 775
922 992
142 775
990 124
161 155
841 496
881 248
56 713
995 62
806 558
943 434
972 992
859 682
191 155
64 713
962 248
966 620
923 930
103 961
96 899
115 93
184 279
966 186
936 186
900 620
844 558
979 744
50 341
988 248
873 372
136 155
992 806
803 434
966 558
867 434
989 806
46 403
792 434
50 651
89 651
22 713
892 558
95 279
112 217
146 31
69 837
791 186
79 961
34 31
907 434
129 651
187 527
167 837
853 992
195 837
947 186
122 465
74 403
800 310
793 496
958 434
110 403
931 310
43 837
928 868
3 341
107 589
69 899
944 186
185 31
68 651
169 775
968 62
992 124
36 961
812 620
825 930
126 279
208 93
947 744
831 682
993 310
138 155
914 682
25 155
909 744
118 155
985 868
119 155
975 248
161 961
152 837
982 248
189 837
797 620
979 620
174 93
856 868
204 93
110 527
987 744
909 124
74 775
31 31
838 434
56 31
36 31
959 496
862 558
799 186
994 744
24 837
180 651
943 620
43 775
129 155
939 62
20 651
794 992
25 93
796 558
848 682
934 434
205 341
138 589
78 217
36 713
114 899
149 341
970 930
981 558
917 186
942 620
59 155
827 124
875 682
959 868
924 930
209 651
834 806
187 589
102 899
865 930
161 899
46 465
29 93
975 434
77 899
191 217
911 310
200 527
33 217
916 992
935 124
932 62
864 62
919 806
949 310
119 837
855 372
930 62
65 93
51 465
869 248
136 341
93 93
846 806
31 217
843 930
23 217
128 217
136 589
976 806
205 961
81 837
146 279
204 155
108 217
209 403
919 744
44 93
960 310
61 775
171 713
929 310
845 496
134 837
130 279
193 279
65 899
137 713
200 465
909 682
838 744
45 217
174 899
883 868
153 651
184 713
828 620
76 775
39 341
888 310
969 248
1000 496
58 279
116 775
184 961
130 837
170 651
955 868
844 248
916 620
971 310
172 775
183 403
62 837
965 806
138 31
967 620
209 899
95 589
154 589
33 713
150 403
14 837
852 124
116 589
144 713
804 992
28 31
208 775
18 775
75 961
102 961
815 62
104 403
977 62
118 279
791 248
790 744
162 403
91 279
976 434
120 899
47 589
24 527
134 775
181 279
18 527
982 930
43 341
48 465
963 930
29 279
873 992
169 961
866 186
47 403
150 217
60 155
157 341
147 837
973 186
76 527
929 806
966 992
858 310
55 527
887 930
886 434
790 620
919 496
986 124
163 217
976 744
965 62
52 527
26 279
924 248
790 868
992 310
60 279
965 682
160 217
172 589
140 713
829 310
907 372
166 279
876 186
167 527
164 31
897 248
144 775
35 651
794 868
179 465
133 403
829 496
879 992
161 341
971 620
14 651
910 124
863 124
835 372
965 868
972 930
924 124
984 310
924 806
66 93
169 31
105 713
133 31
95 217
812 806
902 930
934 744
960 620
833 558
76 899
939 992
987 434
157 403
45 837
49 279
187 217
943 806
899 992
901 992
132 217
898 310
939 930
5 31
968 806
917 682
47 341
204 837
927 620
888 434
22 341
872 496
37 775
57 155
876 248
909 620
892 992
836 372
61 589
924 558
209 775
842 310
105 403
790 434
900 124
865 868
982 372
20 775
141 341
804 62
893 372
841 682
865 62
97 403
920 682
910 682
982 868
939 434
823 992
90 93
841 372
182 93
89 31
100 589
135 589
868 620
988 806
175 961
946 744
809 806
859 496
33 899
925 558
822 62
872 620
151 31
136 217
182 341
142 837
89 837
843 558
874 744
827 930
973 868
980 868
826 248
66 527
852 806
815 744
950 992
155 713
90 775
26 155
989 682
188 899
793 744
159 775
819 620
43 93
876 310
14 93
101 961
84 651
959 744
79 589
70 899
98 651
133 527
808 992
987 248
138 217
89 217
122 341
118 837
150 651
69 527
180 341
76 837
889 186
183 527
913 930
195 775
860 806
205 775
138 403
831 744
52 589
907 496
886 992
809 930
60 651
989 310
801 372
810 806
807 868
943 868
864 868
945 124
183 217
131 31
966 930
19 93
117 217
137 155
820 744
156 31
87 961
142 713
997 620
865 744
202 341
828 930
91 465
799 496
955 310
959 434
167 279
792 682
146 713
131 713
821 558
199 899
928 62
965 372
993 248
978 930
84 155
112 589
968 868
961 930
95 837
195 341
827 868
93 651
945 248
148 341
941 310
133 837
102 713
840 992
178 527
180 837
861 558
845 620
892 496
958 248
195 155
38 961
852 930
65 589
43 279
961 62
948 124
886 806
117 155
873 744
980 372
152 31
983 930
904 372
159 217
967 62
924 620
954 496
822 868
61 837
898 434
994 248
929 434
790 992
960 372
30 775
911 868
117 837
153 465
851 496
133 279
868 930
990 682
107 713
810 62
12 155
177 775
869 62
849 124
37 899
833 744
879 620
35 403
69 217
148 775
861 744
178 837
947 558
111 403
11 341
829 992
823 744
191 465
142 527
23 775
120 217
74 279
904 806
193 713
162 93
976 992
886 62
900 186
164 341
814 62
880 372
99 961
881 372
885 868
916 930
175 775
189 527
48 837
5 279
811 496
991 310
1000 248
922 558
907 124
140 961
879 868
124 93
161 279
88 217
172 279
141 837
922 744
830 620
950 558
193 775
182 465
818 806
914 434
878 186
849 930
77 589
32 651
33 155
82 93
139 961
122 31
140 651
882 310
139 31
888 558
21 341
942 248
963 868
173 837
73 651
979 496
176 403
845 806
873 558
50 899
12 93
940 372
933 620
884 620
895 868
46 713
993 372
18 899
836 558
902 496
944 620
877 558
108 465
853 558
80 155
54 837
73 403
32 93
72 775
808 186
846 310
808 310
880 930
92 961
80 465
12 31
50 713
816 620
149 465
80 527
185 713
976 620
20 217
93 775
805 992
835 186
839 682
894 372
44 31
929 124
845 124
822 496
940 744
201 899
25 589
972 558
844 868
148 93
116 93
110 899
104 31
95 31
960 434
157 961
808 682
99 713
27 713
995 558
147 961
2 465
837 992
791 992
988 620
855 496
970 372
908 310
201 31
967 992
52 651
951 744
154 31
128 651
30 31
193 341
802 248
4 961
104 899
42 217
119 651
82 155
3 217
864 310
932 186
16 527
91 837
26 775
38 713
123 155
915 868
811 930
948 372
952 248
106 899
972 124
200 713
71 837
145 403
84 837
936 992
803 310
859 992
5 651
75 155
98 961
135 899
887 124
812 310
42 527
986 558
63 403
963 310
870 496
918 558
982 434
995 682
797 372
184 651
182 837
172 155
106 527
807 186
964 62
911 930
957 930
791 558
135 775
934 558
880 186
10 775
45 155
84 961
72 899
840 806
116 837
156 465
792 992
823 372
131 155
858 992
83 341
791 806
40 403
35 279
51 837
862 806
831 868
110 341
945 496
17 589
209 589
64 465
923 992
210 93
802 806
881 310
862 992
182 31
193 651
882 372
813 744
145 217
63 651
141 589
994 186
973 620
101 403
828 434
928 930
186 651
943 186
181 31
207 713
895 558
886 868
953 558
833 868
961 124
859 806
933 868
877 310
907 62
88 589
47 279
993 930
801 868
975 496
822 558
66 31
994 124
25 713
23 899
11 651
862 868
811 372
878 930
911 62
17 713
933 496
176 155
980 310
805 744
824 992
28 589
60 403
970 310
148 589
858 558
965 620
100 31
992 186
858 186
15 279
889 930
821 930
128 527
921 434
54 155
204 403
867 682
2 589
133 713
105 651
96 589
99 403
849 744
87 403
915 124
938 930
85 713
856 372
863 496
121 713
854 620
924 992
977 992
814 248
867 372
3 589
797 186
830 992
5 155
911 682
870 124
27 217
82 713
833 310
809 558
840 682
810 248
856 310
105 899
849 434
52 155
10 155
891 868
175 31
799 372
851 434
153 403
996 186
832 744
187 837
922 806
112 775
943 372
134 899
952 682
874 682
933 930
918 248
205 651
908 930
80 31
183 465
847 310
94 403
972 186
97 899
170 713
829 868
202 589
944 62
97 155
998 372
915 434
911 992
39 465
929 186
103 589
910 868
822 310
996 992
998 744
43 465
69 341
930 992
70 775
193 589
50 589
876 496
852 558
861 310
184 93
7 155
913 62
941 806
205 465
42 341
863 372
921 744
916 496
128 93
887 62
101 651
176 341
135 651
813 186
951 496
934 682
188 279
70 217
88 465
25 279
112 527
920 620
10 899
29 713
61 899
58 589
26 93
110 465
187 93
209 279
52 713
1 837
996 806
67 403
10 837
196 651
961 372
813 124
972 310
854 744
166 527
833 124
902 186
75 837
125 31
21 775
203 713
957 248
920 806
59 279
205 93
194 155
946 992
952 620
959 992
68 341
940 930
891 620
793 372
985 620
794 558
49 217
39 837
908 868
153 961
48 341
76 217
117 589
69 775
852 62
7 589
9 961
948 806
962 434
842 620
90 465
987 372
932 620
971 558
855 930
799 930
947 620
969 930
919 186
58 465
806 124
26 651
110 155
196 155
989 930
906 248
831 310
983 806
190 279
933 434
140 775
849 372
9 403
898 620
129 93
928 186
54 93
22 217
849 682
115 403
35 465
830 496
874 248
114 651
53 279
926 62
964 186
203 217
31 961
161 775
82 775
968 310
71 341
61 651
99 837
109 279
198 279
989 186
36 837
127 651
184 589
896 620
903 620
158 217
933 372
51 31
898 682
883 496
84 899
943 682
182 217
889 992
836 930
978 868
980 806
980 620
865 496
117 465
136 279
8 713
101 527
166 465
15 837
164 837
817 62
975 930
801 496
842 682
924 62
129 403
978 558
171 93
39 651
48 961
14 217
154 527
15 403
132 93
969 620
995 372
84 589
43 403
986 310
157 589
820 992
863 682
969 186
142 279
56 341
91 93
988 124
148 961
820 310
804 868
857 434
891 496
841 558
66 837
17 31
116 31
82 31
134 961
110 279
912 620
846 372
149 403
95 465
66 713
191 527
996 744
191 837
845 558
102 651
171 279
984 620
956 434
795 372
871 682
21 589
44 589
930 682
62 961
159 341
100 899
816 186
82 837
72 155
181 589
165 961
860 744
907 248
73 31
939 868
882 62
172 527
165 775
177 837
105 341
25 775
812 558
182 713
83 155
814 434
920 558
155 775
870 992
6 341
23 93
128 155
105 31
795 248
960 930
108 403
98 403
18 279
818 496
5 899
194 279
827 434
36 899
86 837
905 372
835 124
113 589
999 248
955 806
109 31
116 341
61 961
982 124
72 465
12 899
979 186
17 217
902 558
113 31
992 868
967 682
987 620
964 372
985 124
145 31
32 899
850 124
933 310
70 155
951 806
156 961
831 992
835 620
862 124
949 558
839 558
125 341
802 682
998 310
859 930
153 217
962 372
977 434
176 837
850 744
124 155
864 992
826 62
855 558
154 341
942 744
100 465
842 806
198 93
132 589
953 744
39 403
81 217
858 868
964 806
185 899
94 155
857 62
