1000 1000 398
920 972
460 957
690 47
460 956
230 73
920 902
230 27
690 24
920 938
920 967
690 19
920 980
690 28
460 912
460 909
690 11
690 31
460 977
460 903
230 93
460 973
690 9
460 992
690 55
690 37
230 28
460 935
460 913
690 30
920 903
690 95
230 98
460 931
460 990
230 47
920 904
460 918
690 76
460 985
460 932
230 66
920 914
230 77
460 966
920 943
460 914
230 78
690 92
920 975
460 983
460 1000
920 937
920 909
230 23
230 1
920 953
690 3
460 997
690 99
920 924
230 57
920 964
920 921
460 904
690 97
460 999
460 945
230 30
920 946
230 55
460 969
920 928
920 989
230 8
460 980
690 94
230 43
230 65
230 97
690 38
920 941
690 84
230 56
920 982
920 927
230 75
920 983
460 919
460 937
690 4
920 954
230 86
920 977
230 81
230 19
460 965
920 961
690 20
920 905
230 18
230 68
460 917
690 54
460 939
230 67
460 970
690 21
920 952
460 943
460 963
230 52
920 992
690 44
460 940
460 988
460 920
690 60
920 990
690 35
460 929
230 17
230 88
690 65
690 51
690 57
920 957
920 947
690 13
690 12
460 964
920 976
460 972
460 954
690 25
230 14
690 40
690 96
460 998
230 89
690 15
920 942
690 83
690 71
920 991
230 24
920 906
690 29
690 63
460 926
230 36
460 915
690 70
460 933
460 942
920 986
920 966
920 922
460 951
460 949
920 915
690 27
230 13
690 39
690 8
920 998
230 61
920 929
460 948
460 958
230 40
690 23
920 919
230 46
690 59
920 970
690 43
690 69
230 74
230 62
230 21
690 2
460 905
230 16
920 981
230 79
920 917
230 99
690 68
690 78
690 85
690 32
920 965
230 80
920 913
920 955
920 968
920 930
690 52
460 961
920 931
460 981
920 950
230 94
690 56
460 986
460 953
460 982
690 93
230 60
460 975
690 58
230 11
920 994
230 2
230 22
690 82
690 22
920 925
920 978
920 901
460 925
920 995
460 960
690 98
460 928
230 87
690 90
920 988
690 88
460 946
690 17
230 64
460 908
230 25
230 91
690 77
920 908
230 92
920 962
460 989
230 49
460 971
460 947
690 73
230 90
920 951
920 907
460 979
230 15
460 950
920 959
230 76
920 956
230 50
920 944
920 987
460 976
690 62
230 6
230 35
460 901
230 82
230 12
690 45
690 74
920 932
920 926
230 72
460 984
230 10
920 1000
230 53
690 33
230 9
230 48
460 994
690 16
230 33
230 54
690 41
230 38
690 46
920 923
690 80
460 911
920 996
460 910
920 912
460 978
460 921
690 66
230 70
230 58
230 20
690 36
230 29
690 14
920 910
690 64
460 906
460 952
690 7
690 79
230 96
230 41
920 997
920 920
690 6
920 979
690 49
460 927
230 4
920 960
920 934
460 968
920 935
230 71
920 974
460 922
690 75
920 939
230 42
230 37
460 924
920 940
920 918
920 936
690 72
230 5
690 67
920 984
230 3
920 949
230 32
460 993
690 48
690 50
920 933
690 18
460 941
690 87
690 42
920 911
460 974
230 34
460 934
460 944
230 63
460 930
460 987
230 84
460 907
460 967
690 91
460 955
920 985
920 993
690 34
690 89
920 971
230 85
920 973
230 95
230 59
920 969
920 999
460 995
230 83
690 61
920 945
230 44
920 916
690 81
230 31
690 10
460 991
460 962
690 5
230 51
460 996
460 936
230 39
920 958
690 53
230 45
230 26
230 7
460 938
460 923
230 69
460 902
920 963
690 1
690 86
460 916
460 959
920 948
690 26
