15 1
10000001 20000002 30000003 40000004 50000005 60000006 70000007 80000008 90000009 100000010 110000011 120000012 130000013 140000014 150000015
10 10 10 10 10 10 10 10 10 10 10 10 10 10 10
24 12 103 62 1 89 28 57 138 83
7527592 -931870 -3006906 -5146582 8230503 2699434 -260790 -1293192 -7774540 6638544
140 84 114 73 17 128 58 72 69 106
-4480478 -6333442 2102768 -5772652 9936037 9083944 -3516547 3552567 -3475202 8890131
46 71 109 60 111 22 137 91 142 38
9705102 5991576 1917232 -6130476 -8361664 -9074959 8899017 201131 -2579103 6536152
7 133 70 104 14 101 74 117 45 115
-8508319 -2631629 9322527 -5460505 314084 -8879884 6655185 5101612 5711566 9676323
13 146 50 139 77 96 126 33 65 94
-6069312 -6124409 4424778 -6406705 -1794544 -4084276 -3615380 2984286 -5430682 -4364130
86 112 55 8 79 130 123 56 134 32
4839912 -6447708 3863874 -6660486 3910770 5177962 2897090 6560983 9745144 -6662086
66 145 110 99 149 59 143 6 61 21
1390433 1199338 7491597 -4333613 -2464453 8013804 8000048 -5335438 4088213 1176494
107 148 44 54 36 116 4 41 67 49
-7937883 8150259 -4669781 8394099 4758642 7909841 -998750 -7224827 -4287504 8115250
108 105 144 27 47 19 92 131 26 30
-8571701 2257199 -4649163 9344782 -4648276 6656735 -8971349 -6860725 -7364072 3438755
76 125 87 135 75 132 35 51 48 40
5673212 -4795673 -5937405 -6555037 -5360317 5697016 9336682 9007497 3999869 -6464133
90 136 78 122 31 120 39 3 95 102
-4905553 -9753760 -4359420 1022273 9190504 -8501043 -6041875 -5190077 -3702454 2482571
141 124 34 37 68 98 15 88 52 64
-6733057 3568083 -4934060 -9498045 663591 2460537 8774202 -5376737 5413960 3411976
23 11 113 53 81 29 25 121 5 129
-4367337 5949796 7993844 1624010 2441259 1188129 6840400 -7021221 -1020376 -164290
18 10 43 127 63 147 85 118 16 119
-2788465 -6336664 3490982 3534406 -4892914 -9314152 5038491 1612482 4388854 -3907264
97 93 82 100 2 42 80 150 20 9
-6953082 7536586 -9006941 -417697 -4479431 -3506924 8314351 1498231 2470321 -6126603
