12345 56789
100
+ 545261 765 13630
+ 985516 4018 14957
+ 916021 2549 37775
+ 355340 10096 46241
+ 876750 2490 28445
+ 452131 2997 25668
+ 209237 5597 35430
+ 989828 10237 23434
+ 57015 8743 46879
+ 198089 516 26748
+ 1292 1179 35752
+ 639493 11602 32032
+ 137795 11535 28845
+ 724877 9622 27408
+ 719755 204 47179
+ 654330 5019 14699
+ 867491 5477 16362
+ 744270 3088 22706
+ 255838 6830 35015
+ 410373 3677 27240
+ 293862 840 12622
+ 384754 6182 44664
+ 456564 8270 21452
+ 169040 11193 46582
+ 525874 9478 45158
+ 901492 2528 19265
+ 548972 11165 48570
+ 302514 8663 51724
+ 995510 11623 21496
+ 874895 12132 25788
+ 870738 8164 24003
+ 260513 10315 51221
+ 365642 11747 13642
+ 139655 12038 45862
+ 400507 10941 18336
+ 510509 6999 31691
+ 688290 3541 23172
+ 853058 1633 19250
+ 427909 8259 37031
+ 488878 3180 28942
+ 707798 6935 12512
+ 800654 8019 41756
+ 814319 7966 24983
+ 674285 11370 26082
+ 968363 801 22949
+ 89256 9763 19103
+ 409178 1234 35733
+ 239176 6352 22980
+ 286309 4896 24775
+ 235502 10112 44403
+ 941112 47109 645836615
- 941112
+ 879169 32665 167814682
- 879169
+ 124477 47211 506302272
- 124477
+ 295614 15502 535787744
- 295614
+ 893833 35546 761451790
- 893833
+ 125585 35785 606222634
- 125585
+ 492775 45979 997104955
- 492775
+ 21920 49087 536736396
- 21920
+ 726318 33231 52442207
- 726318
+ 134735 46290 561785566
- 134735
+ 253658 27296 688615348
- 253658
+ 278742 39232 472960006
- 278742
+ 549759 48967 292112821
- 549759
+ 479828 28852 997416386
- 479828
+ 499653 45427 824156869
- 499653
+ 799453 40821 135352556
- 799453
+ 297449 39921 226996953
- 297449
+ 747353 48328 573148656
- 747353
+ 723271 18887 282921673
- 723271
+ 875733 51325 938624144
- 875733
+ 312294 14690 967282221
- 312294
+ 787506 33937 200269005
- 787506
+ 271271 17518 124484915
- 271271
+ 507671 48191 705405212
- 507671
+ 161999 40291 397655299
- 161999
