127394220 856392820
100
+ 513893 399357027 999196443
+ 700984 380295111 399357027
+ 675629 400091733 856392820
+ 135636 856392820 943078898
+ 123134 26848081 399357027
+ 917034 399357027 988618713
+ 958164 399357027 975794758
+ 557279 380295111 400091733
+ 475480 399357027 873162196
+ 455501 127394220 856392820
+ 502937 380295111 921702719
+ 313451 72424802 127394220
+ 630100 380295111 969495278
+ 197128 127394220 400091733
+ 723313 399357027 889518731
+ 131800 85139974 380295111
+ 340622 127394220 400091733
+ 961072 38678507 400091733
+ 401165 399357027 993603499
+ 690953 400091733 924068983
+ 889502 400091733 993927975
+ 630391 856392820 874542272
+ 527881 16591559 127394220
+ 722927 399357027 964714960
+ 705648 856392820 873164781
+ 280635 124127220 127394220
+ 849582 127394220 400091733
+ 282544 399357027 856392820
+ 285370 78381195 380295111
+ 226807 380295111 399357027
+ 746018 856392820 977126656
+ 126139 380295111 878726154
+ 140794 856392820 886036564
+ 137670 400091733 959520757
+ 125194 380295111 867510780
+ 609956 108504962 380295111
+ 959287 127394220 400091733
+ 293803 75415099 399357027
+ 882600 35236793 127394220
+ 703262 399357027 987882807
+ 788717 56293690 380295111
+ 163023 399357027 893500446
+ 665482 38179349 127394220
+ 969293 400091733 942788677
+ 232723 399357027 992115354
+ 262039 856392820 924898642
+ 491220 399357027 400091733
+ 335103 399357027 915692713
+ 609752 36132905 399357027
+ 213313 399357027 988817967
+ 938559 96035528 399357027
+ 870507 40228305 400091733
+ 225169 92627314 400091733
+ 23212 74214050 127394220
+ 231105 127394220 399357027
+ 292675 86891174 380295111
+ 837621 25803826 399357027
+ 993232 856392820 993927530
+ 875842 399357027 918739657
+ 235965 856392820 966979296
+ 749475 95593929 399357027
+ 392571 91373807 127394220
+ 825494 127394220 400091733
+ 57647 399357027 987427203
+ 613221 43277107 127394220
+ 625152 50338646 400091733
+ 619554 380295111 895231677
+ 46799 380295111 856392820
+ 685032 127394220 380295111
+ 409759 856392820 944471420
+ 179442 79911396 127394220
+ 696392 40519493 380295111
+ 798536 856392820 884418641
+ 512364 380295111 399357027
+ 400889 856392820 873247142
+ 110175 856392820 929680730
+ 217368 127394220 400091733
+ 949494 856392820 921080571
+ 162126 31955970 127394220
+ 457364 380295111 939549479
+ 125355 400091733 856392820
+ 769307 399357027 915624771
+ 382863 81979478 399357027
+ 238390 856392820 861478909
+ 518838 380295111 399357027
+ 662764 400091733 856392820
+ 62911 91277611 380295111
+ 193853 380295111 399357027
+ 856838 10221087 400091733
+ 593848 127394220 400091733
+ 961696 399357027 870333885
+ 487914 399357027 400091733
+ 522946 399357027 856392820
+ 640277 400091733 922287521
+ 940700 399357027 999868956
+ 834316 78721964 400091733
+ 561063 380295111 400091733
+ 156873 31876250 127394220
+ 914364 123205743 400091733
+ 58451 24566980 380295111
