120071591 732413232
100
+ 439404 2894891 131249334
+ 387757 37666280 120071591
+ 156700 131249334 732413232
+ 920351 131249334 910842103
+ 411027 360912419 732413232
+ 171794 360912419 910139677
+ 157592 29582791 120071591
+ 694533 20456136 360912419
+ 264794 732413232 741759650
+ 242914 730289910 732413232
+ 442876 732413232 752075126
+ 825129 113767025 730289910
+ 457080 120071591 730289910
+ 271370 111565980 120071591
- 156700
+ 719237 360912419 850471556
+ 770174 120071591 131249334
+ 841981 113988353 131249334
- 157592
+ 497329 131249334 797782489
+ 95578 131249334 732413232
+ 334420 131249334 753884737
+ 707972 730289910 792113090
+ 773683 120071591 732413232
+ 936698 4992489 730289910
+ 681753 732413232 844065175
+ 448095 13073887 730289910
- 95578
+ 178730 730289910 852007668
+ 57569 131249334 360912419
+ 72913 360912419 934969625
+ 786428 19348815 131249334
+ 442681 730289910 732413232
+ 486693 44358769 131249334
+ 4266 54000628 120071591
+ 334525 91406117 730289910
+ 484161 106820251 120071591
+ 264211 131249334 920996789
+ 621604 120071591 131249334
+ 347675 84583325 131249334
+ 8103 360912419 732413232
+ 911738 360912419 832838268
+ 957872 1628225 120071591
+ 66373 131249334 732413232
+ 8693 111330286 730289910
+ 287925 730289910 890948371
+ 854784 18239763 120071591
+ 541232 730289910 826101383
+ 856123 730289910 732413232
+ 446076 10083443 360912419
+ 369399 107695456 131249334
+ 281199 120071591 360912419
+ 483859 21168634 131249334
+ 1737 131249334 951366585
+ 657259 84760199 120071591
+ 122800 120071591 131249334
+ 711168 131249334 774942793
+ 111129 730289910 824218384
+ 415897 360912419 997394997
+ 873598 730289910 732413232
- 1737
- 4266
+ 908874 730289910 899219771
+ 421254 732413232 980059582
+ 491558 94427610 730289910
+ 306331 58155142 131249334
+ 926261 120071591 732413232
+ 763860 120071591 131249334
+ 990021 360912419 785434288
+ 993912 111154573 120071591
+ 828076 131249334 736632860
+ 942372 108265895 360912419
+ 40990 360912419 984932404
- 8103
+ 912527 730289910 966090935
+ 239701 68180995 360912419
+ 272535 120071591 730289910
+ 701327 74671634 120071591
+ 864148 112202553 730289910
+ 586689 17687299 131249334
+ 979071 360912419 730289910
+ 727526 118892928 120071591
+ 911673 360912419 732413232
+ 864888 730289910 929594763
+ 906981 131249334 915196278
+ 548326 360912419 730289910
+ 136554 43010584 360912419
+ 550478 103005456 730289910
+ 367114 16272954 120071591
+ 36682 131249334 844034611
+ 866301 732413232 884954477
+ 346281 100288490 730289910
+ 299652 131249334 969750311
+ 116208 120071591 131249334
+ 182528 730289910 732413232
+ 4952 360912419 732413232
+ 894252 63749719 360912419
+ 160760 732413232 897403459
+ 787712 732413232 776428549
+ 562480 360912419 732413232
