37697034 990175916
100
+ 758293 436540364 992315401
+ 748539 221175847 864881546
+ 864591 27119319 434751333
+ 411460 709306714 901167805
+ 320473 37697034 648020302
+ 887348 118516146 991119614
+ 156211 284168230 966911967
+ 847284 107502739 860299673
+ 789194 490493323 860983970
+ 178919 107502739 490493323
+ 616856 23964011 221175847
+ 527390 19058853 860983970
+ 135644 434751333 997970636
+ 609312 221175847 436540364
+ 912498 653942240 990481420
+ 462431 966911967 993589788
+ 153882 864881546 999903259
+ 795803 30359688 107996787
+ 648241 630273010 999611262
+ 848850 118516146 376776821
+ 390512 490493323 630273010
+ 160994 436540364 994300706
+ 433182 17002351 901167805
+ 618216 408283321 434751333
+ 493096 284168230 997559432
+ 700175 434751333 995633290
+ 562558 13939443 408283321
+ 339911 436540364 648020302
+ 947217 21253928 864881546
+ 16131 22633521 653942240
+ 583882 18821974 221175847
+ 267929 7645418 37697034
+ 786264 284168230 995855529
+ 399483 107502739 998686395
+ 591454 860983970 993469864
+ 282467 221175847 860983970
+ 369069 4232429 434751333
+ 903025 284168230 860299673
+ 218696 20940372 709306714
+ 375645 653942240 991714434
+ 981673 221175847 998635278
+ 741519 20648243 966911967
+ 476159 4515686 434751333
+ 695806 29132411 966911967
+ 103980 860299673 991510605
+ 993689 436540364 648020302
+ 408556 35312568 709306714
+ 53884 860299673 966911967
+ 564310 408283321 653942240
+ 532820 490493323 966911967
+ 520002 9306426 648020302
+ 563212 630273010 860299673
+ 326424 221175847 436540364
+ 192964 101977 37697034
+ 558947 901167805 966911967
+ 856727 648020302 990725800
+ 43673 13713722 709306714
+ 102617 408283321 653942240
+ 157340 35466126 653942240
+ 913004 13766754 118516146
+ 412752 16972755 630273010
+ 57634 901167805 993599799
+ 514834 18887482 648020302
+ 69394 408283321 434751333
+ 935438 30487806 434751333
+ 129872 408283321 994654296
+ 418131 118516146 992487301
+ 892613 36128194 37697034
+ 550688 26571889 860299673
+ 654558 11161606 490493323
+ 253246 27729809 901167805
+ 365178 27047866 436540364
+ 706959 37697034 860983970
+ 351348 15121511 284168230
+ 137142 284168230 992914385
+ 225028 2999604 434751333
+ 416295 436540364 996202620
+ 484693 864881546 999362656
+ 469940 107502739 966911967
+ 441190 6235832 107996787
+ 553542 653942240 997704425
+ 832137 376776821 648020302
+ 901224 221175847 284168230
+ 862677 490493323 860983970
+ 436255 284168230 990519066
+ 354526 284168230 990175916
+ 442103 15014575 490493323
+ 799166 29434919 490493323
+ 768403 408283321 630273010
+ 595548 26280922 864881546
+ 40543 5465144 864881546
+ 786576 434751333 998994168
+ 765929 901167805 999528411
+ 539504 630273010 998362803
+ 763869 107996787 999314221
+ 745027 653942240 994115732
+ 106566 107996787 118516146
+ 184358 34642912 221175847
+ 205535 34391342 408283321
+ 985195 376776821 990808717
