12345 56789
2000
+ 944575 2275 35763
+ 231089 11096 42317
+ 797743 10198 40038
+ 318244 11781 36590
+ 659953 3512 35928
+ 399804 10776 46321
+ 611782 6116 39614
+ 101498 8226 15279
+ 110734 1305 28579
+ 922935 2616 32629
+ 163272 7528 48124
+ 558179 931 46665
+ 686725 5396 13752
+ 778822 3900 40593
+ 77150 1823 34136
+ 706051 6793 38166
+ 717563 9205 25435
+ 953996 9367 25113
+ 138739 2180 14133
+ 116664 4174 37262
+ 400150 4393 23582
+ 889295 4353 26533
+ 927198 9942 19461
+ 551579 4285 45041
+ 701186 8228 14561
+ 464527 4883 30941
+ 959118 11355 12692
+ 932260 10136 34714
+ 202902 3492 43466
+ 740238 7512 45510
+ 589575 7043 40479
+ 461575 2269 42071
+ 218788 9433 43536
+ 236307 11797 14330
+ 902228 7487 19284
+ 959863 12129 36572
+ 674667 4238 44789
+ 269287 4251 19282
+ 304553 7376 29126
+ 228477 1661 28895
+ 571561 6236 49262
+ 601728 7147 14944
+ 449380 8462 21777
+ 274756 2037 36386
+ 646107 7246 38516
+ 446623 2597 27657
+ 790434 3593 22466
+ 128474 2337 40542
+ 359306 7505 15281
+ 672244 1147 27597
+ 362439 10764 31495
+ 974863 8421 40016
+ 552446 9822 29672
+ 133139 11416 43487
+ 356533 982 31377
+ 465255 1710 28893
+ 899648 1103 29019
+ 468694 8017 38477
+ 891619 12334 21980
+ 260966 10412 46179
+ 341077 4529 30163
+ 195438 3808 24455
+ 854244 2787 51289
+ 575990 9031 17848
+ 624056 4107 51652
+ 985236 11629 26789
+ 306427 9078 47601
+ 125462 6854 46630
+ 700841 3189 45172
+ 802450 2580 14550
+ 202686 5501 35046
+ 616476 9114 45625
+ 743238 375 26273
+ 54411 4268 22388
+ 924706 11456 24184
+ 576589 2444 48972
+ 753392 5969 51564
+ 197416 5618 25760
+ 834965 8895 28197
+ 407480 7806 42086
+ 603287 4881 15448
+ 279824 11925 16406
+ 469369 12091 38417
+ 808643 5499 23283
+ 192096 7613 27049
+ 106847 5943 44029
+ 787286 4674 25244
+ 127223 1104 28374
+ 621560 4687 24000
+ 322350 3554 33793
+ 304387 9420 26413
+ 941119 3998 25696
+ 6368 12173 18065
+ 273076 10690 14029
+ 996878 4710 12956
+ 550505 1388 43572
+ 43358 9320 38733
+ 821806 9214 43311
+ 765277 9708 34583
+ 749024 9294 28458
+ 23165 6070 47036
+ 185862 4675 30494
+ 370032 6117 37428
+ 196122 7156 45749
+ 556262 10593 20094
+ 227391 9059 51021
+ 94169 2558 28553
+ 983620 6924 36928
+ 854526 66 49544
+ 878092 8414 28729
+ 233852 3615 40295
+ 399063 6213 23617
+ 579691 2221 30306
+ 202497 12288 44808
+ 213862 7228 37106
+ 253081 12345 12369
+ 25477 2100 14175
+ 294947 11405 21379
+ 453304 2242 25463
+ 495761 11408 26751
+ 951437 12343 23381
+ 270872 9494 18086
+ 779991 6305 22131
+ 412848 6905 40416
+ 438645 2480 15622
+ 773975 8447 48672
+ 152040 3159 13754
+ 624032 11812 29156
+ 888943 2570 47907
+ 80732 10424 15480
+ 67 5078 38326
+ 40297 7075 49006
+ 413475 11070 24441
+ 601118 6147 44389
+ 974673 7958 49430
+ 985263 9262 26738
+ 867382 1094 24477
+ 47024 2993 15111
+ 726334 410 39675
+ 404557 3005 24183
+ 195540 128 33164
+ 261004 1687 20260
+ 677727 4164 22041
+ 616182 10338 14037
+ 686147 6675 48870
+ 420678 331 33311
+ 273368 1882 34057
+ 874116 7032 12669
+ 216746 3377 47504
+ 59238 3944 43596
+ 324937 12136 28951
+ 387526 7892 31294
+ 210320 147 29017
+ 511224 5008 13953
+ 201169 2321 19655
+ 864774 9390 38469
+ 515436 5843 20516
+ 961890 1548 44742
+ 535268 10612 44990
+ 95876 9614 17249
+ 255552 9128 18140
+ 416199 4361 28215
+ 917692 7161 20048
+ 979083 5662 42142
+ 787518 2214 25516
+ 637181 1059 18548
+ 430766 11667 28493
+ 987211 1945 23782
+ 173770 10059 20406
+ 745409 1612 33233
+ 141753 6445 40116
+ 998958 6355 12848
+ 471345 1840 28946
+ 710352 8571 43806
+ 408651 11089 15334
+ 996501 6886 31225
+ 656309 10496 44986
+ 973002 7958 39533
+ 34036 1409 37754
+ 382468 10433 51176
+ 402383 6475 25000
+ 840740 1795 45673
+ 888274 3599 18363
+ 99692 2484 42301
+ 668953 2252 47335
+ 126477 6576 37906
+ 182999 9508 37438
+ 833381 7151 42052
+ 494807 12177 42675
+ 521689 10299 49130
+ 245617 6800 35146
+ 116469 1416 22755
+ 270082 1263 50204
+ 696604 9615 21667
+ 784831 8063 12709
+ 533376 6526 41693
+ 354511 5401 51670
+ 113632 5149 19797
+ 840758 6746 29686
+ 197079 3391 14689
+ 662534 6776 14440
+ 7833 5216 41266
+ 969698 618 16264
+ 371168 950 44912
+ 535440 3924 43056
+ 836175 8631 23310
+ 121480 5968 28406
+ 102370 5758 45856
+ 344689 11533 33460
+ 454667 9146 19069
+ 35902 1402 18432
+ 251252 5954 43694
+ 420044 5198 30720
+ 636626 4682 35957
+ 147130 1123 38473
+ 997388 8104 30791
+ 296215 4360 35690
+ 616487 7628 22608
+ 890955 7519 50892
+ 454054 1639 15059
+ 832105 4118 32282
+ 548682 5144 17547
+ 915581 11228 33267
+ 721830 1969 13763
+ 382499 11254 39359
+ 663881 4710 43899
+ 17933 6068 31031
+ 477609 2816 21365
+ 313942 5503 31349
+ 156579 7581 14461
+ 422977 4468 26435
+ 793025 9391 45658
+ 642519 4484 30744
+ 444474 8143 27429
+ 775156 985 14865
+ 500254 8213 23076
+ 888817 2593 18292
+ 989358 1951 43796
+ 526687 4300 40907
+ 802739 7817 42088
+ 17597 9459 41550
+ 426106 3619 27992
+ 244159 1250 12982
+ 842705 6457 18985
+ 915296 9208 16984
+ 471118 3752 20421
+ 211024 1088 15603
+ 638678 7719 31038
+ 260231 9803 45957
+ 191725 124 25266
+ 630310 5314 37697
+ 100863 4060 35589
+ 166142 1283 44151
+ 884444 5551 36167
+ 864866 6039 40678
+ 811829 4355 39072
+ 367722 5762 48022
+ 220872 4332 22417
+ 162479 99 16569
+ 873675 6131 41784
+ 503518 2894 39547
+ 550878 6676 27821
+ 387562 9161 49906
+ 764833 7187 16549
+ 737124 7044 28357
+ 773958 6429 49043
+ 397933 8324 27554
+ 77479 5802 31932
+ 92456 6557 15443
+ 108368 3575 31672
+ 447815 5931 27018
+ 268578 10821 33052
+ 124495 10712 15156
+ 299848 5794 36171
+ 241545 2610 26291
+ 45677 7408 39180
+ 989191 2140 21253
+ 839826 8381 22235
+ 573976 10029 27751
+ 90982 7017 17614
+ 523162 10421 14435
+ 942564 8229 36691
+ 896056 6573 18699
+ 943224 9051 50902
+ 405066 6833 34726
+ 606936 345 49132
+ 900182 6329 34923
+ 691234 9575 41722
+ 794273 2426 35139
+ 279658 3778 24944
+ 177303 9826 24282
+ 184365 12003 48294
+ 414782 7570 44616
+ 150801 8855 15774
+ 153526 9775 47520
+ 736351 7056 27487
+ 230296 1215 44899
+ 613586 3084 27886
+ 797440 2212 25437
+ 875459 7244 28538
+ 790228 5886 21872
+ 259288 11467 40444
+ 410855 10898 20041
+ 769095 1369 30330
+ 620359 10755 32187
+ 945928 9833 47917
+ 789638 5444 29742
+ 92343 6511 29096
+ 896765 9755 29631
+ 843947 8049 34222
+ 641499 1867 14806
+ 794622 11677 14966
+ 788663 6595 25406
+ 576319 7040 49265
+ 733769 12126 50288
+ 425952 2620 23520
+ 450959 2342 20796
+ 979093 3355 41252
+ 882152 2075 47482
+ 533781 849 36685
+ 706723 6433 16955
+ 994235 7948 18984
+ 679124 3475 13765
+ 925598 9327 32041
+ 531868 10041 28929
+ 960911 6028 15058
+ 432031 4622 16192
+ 255936 2977 38507
+ 819395 3710 41896
+ 112271 2031 48059
+ 338711 6957 38945
+ 251411 10680 30127
+ 66575 4557 37908
+ 72371 12185 47542
+ 44957 5070 49838
+ 962545 4413 18265
+ 15881 488 19731
+ 213245 5056 34015
+ 240780 2103 23722
+ 471746 3990 27252
+ 224524 2989 42658
+ 279185 7696 50311
+ 420223 8268 20165
+ 797351 8460 18559
+ 148963 11335 43198
+ 175796 9887 21313
+ 712593 4791 17506
+ 406861 9000 15205
+ 346355 2146 28855
+ 471477 5814 19725
+ 747049 8156 48665
+ 745680 12234 26847
+ 797569 9461 16036
+ 394218 5218 19614
+ 388033 6129 12664
+ 939453 933 26886
+ 107656 7548 12749
+ 614155 1857 34065
+ 946339 11836 14333
+ 342404 5202 46835
+ 528825 409 15230
+ 354231 8417 27011
+ 746834 1935 43369
+ 817112 11864 32130
+ 50139 8051 22348
+ 485639 2385 39279
+ 254506 11652 16879
+ 245634 7213 20563
+ 563169 10576 35401
+ 559122 10084 35240
+ 211183 3339 26240
+ 269053 601 51478
+ 217950 8870 34865
+ 912511 3657 25380
+ 457159 11254 41010
+ 589200 7231 19064
+ 804547 6400 13419
+ 383842 1064 44903
+ 960142 1814 16999
+ 210738 11470 51552
+ 910784 7151 21867
+ 393149 3296 41874
+ 490880 6414 51040
+ 246919 7189 42894
+ 292245 7374 44902
+ 312843 7961 46040
+ 78914 9538 26213
+ 280451 6287 47353
+ 772810 10286 44558
+ 629434 4288 34409
+ 556542 6544 24326
+ 726592 3834 39369
+ 415965 6601 42674
+ 16901 369 23336
+ 593212 2401 27863
+ 207802 9598 36426
+ 250255 10855 13127
+ 483019 1415 38754
+ 210811 1771 31782
+ 104406 739 26008
+ 355985 3602 44911
+ 788248 425 51782
+ 973548 4713 40806
+ 582959 1127 18962
+ 405891 6545 27316
+ 410293 7124 20998
+ 270707 2785 46194
+ 977067 11688 36204
+ 326951 7018 19379
+ 210400 6529 28655
+ 399321 133 29520
+ 300278 4627 48053
+ 988929 624 23053
+ 405316 11356 38487
+ 727324 9857 26377
+ 362279 5813 35864
+ 662207 8612 48609
+ 636198 7820 14030
+ 741927 2917 33821
+ 997202 3430 37803
+ 929419 6254 48847
+ 903457 7505 26001
+ 36899 12285 12693
+ 54785 8376 31289
+ 690316 10965 14168
+ 636132 6671 18151
+ 750551 7557 40990
+ 462558 10164 42925
+ 200143 4143 19253
+ 206733 1182 27602
+ 52677 6844 23436
+ 802465 9620 46581
+ 529562 1566 21641
+ 333400 10332 18465
+ 428678 9903 43747
+ 2092 6065 51230
+ 713711 9667 16649
+ 434182 10595 14091
+ 99943 6723 30754
+ 890542 10357 25523
+ 239458 11124 15681
+ 103375 7369 18974
+ 975326 1882 37564
+ 80463 3675 38068
+ 699927 11747 50452
+ 204905 6538 35997
+ 387298 10735 32938
+ 986246 9572 18275
+ 303554 8043 40615
+ 189553 3033 41050
+ 402246 1172 14429
+ 677671 2701 34063
+ 98506 11010 13890
+ 454406 4390 27153
+ 669370 4523 34391
+ 839599 10442 34467
+ 908537 8045 31647
+ 364630 6271 51751
+ 404714 3415 48514
+ 176612 11736 30562
+ 636026 11419 39948
+ 311413 8676 17828
+ 353269 4640 47382
+ 926048 1726 38779
+ 447079 10709 15694
+ 468730 2979 30422
+ 273305 6367 25349
+ 699905 5075 30762
+ 271040 11404 40101
+ 366049 2606 49257
+ 587683 70 25685
+ 168970 2292 22829
+ 398778 6109 36800
+ 86955 320 24824
+ 178450 3465 47940
+ 59719 6429 13566
+ 461649 3135 47183
+ 462632 2175 13578
+ 742430 412 29930
+ 323998 6970 26292
+ 380267 1939 23341
+ 717619 3569 20933
+ 476671 5201 45964
+ 837779 7017 21833
+ 117822 10089 14946
+ 792107 4369 39336
+ 991603 3924 29356
+ 583616 3095 14104
+ 449315 5895 41884
+ 208662 867 22311
+ 976910 6191 28113
+ 866100 2518 24178
+ 325294 4791 36847
+ 353805 11273 41937
+ 48084 11757 32806
+ 98385 3083 18017
+ 754818 8355 25195
+ 233599 3505 21766
+ 412229 12210 48433
+ 723331 4141 45132
+ 526761 297 41924
+ 69863 703 14163
+ 22004 10450 40811
+ 408038 1366 47541
+ 801354 9438 44232
+ 790580 6592 51539
+ 83055 3017 41524
+ 84631 3394 38303
+ 493858 12026 33943
+ 584515 4328 50072
+ 338597 4482 17600
+ 103486 3832 17670
+ 772409 3017 42331
+ 734516 5453 23706
+ 496952 167 39622
+ 924925 1026 45354
+ 831278 9751 47407
+ 762224 4573 16557
+ 364579 11772 12512
+ 627548 3380 41932
+ 175946 9658 17430
+ 58078 4939 31091
+ 494741 7406 23240
+ 688775 1594 35323
+ 80895 2862 37834
+ 325790 10419 15385
+ 985316 6510 41333
+ 797161 6270 36875
+ 820297 3066 37022
+ 693012 7420 38183
+ 254718 6902 32369
+ 726644 7482 48875
+ 343297 7213 19199
+ 660019 1713 38348
+ 612250 8283 33769
+ 948525 4508 23825
+ 135686 1359 13799
+ 233483 10632 27454
+ 653462 2580 22540
+ 819287 8622 16463
+ 948271 11375 27439
+ 267042 8742 47204
+ 256903 8923 36737
+ 841064 2181 44133
+ 491845 1739 27150
+ 169405 9973 27053
+ 494008 8402 12461
+ 55457 480 34633
+ 266507 2292 51595
+ 675799 693 19026
+ 745460 1097 19552
+ 54202 84 35326
+ 886675 10417 35287
+ 581448 4636 15494
+ 602090 6 32661
+ 144507 5424 16037
+ 953217 1067 29905
+ 458332 12314 47741
+ 668928 6409 28418
+ 70283 9606 18922
+ 76048 1450 41678
+ 798507 6054 41775
+ 559520 10016 37965
+ 236855 7396 24325
+ 330205 2922 24832
+ 212459 2879 38729
+ 729123 9973 17082
+ 183863 3384 22781
+ 71287 11569 46978
+ 92231 7277 35377
+ 469444 574 50535
+ 332257 3096 15388
+ 992755 867 28984
+ 341684 7455 33171
+ 225774 10791 14697
+ 844196 5006 34154
+ 686738 9 15515
+ 772790 8195 46390
+ 292004 7356 37348
+ 838946 3731 45260
+ 97765 3022 12893
+ 58000 7659 18812
+ 369237 5356 27076
+ 724632 576 23789
+ 347578 7754 22826
+ 919268 3729 41720
+ 575595 7268 42094
+ 45871 5848 26840
+ 304446 10173 33297
+ 805472 3172 24626
+ 159964 5127 39042
+ 256157 685 23501
+ 267276 1437 32119
+ 401704 3942 27686
+ 31074 2409 25442
+ 458246 8892 24048
+ 127420 6083 31570
+ 336443 4118 34099
+ 978386 472 47506
+ 409941 2570 14489
+ 576389 5052 24261
+ 972721 5428 23917
+ 764765 7138 49017
+ 534904 6795 14717
+ 914654 4679 27505
+ 165971 9292 50220
+ 161 4099 44794
+ 977896 11824 41272
+ 321657 4694 44620
+ 315978 12220 38602
+ 949936 6053 44056
+ 468447 8369 23141
+ 906283 6440 43012
+ 208464 7407 28677
+ 535205 10858 48343
+ 355356 2898 26311
+ 644627 4040 25486
+ 594433 3257 43019
+ 375864 11699 47923
+ 880754 5334 12792
+ 118184 4825 46906
+ 317171 7349 37227
+ 794190 5198 45949
+ 147976 7134 39611
+ 217225 1990 32389
+ 13939 3263 26377
+ 770381 7296 29021
+ 240762 1891 14399
+ 328691 8075 37327
+ 494428 2808 18367
+ 839098 524 39983
+ 485667 1441 30510
+ 579059 5365 48237
+ 788937 8164 39584
+ 308400 2204 30611
+ 557809 2369 12412
+ 228126 4612 24104
+ 559057 2238 31207
+ 296453 5126 42251
+ 536649 5289 43644
+ 512514 7968 21189
+ 500689 2449 15672
+ 706807 10178 31487
+ 75760 7448 51259
+ 910969 8754 48392
+ 884818 5563 25785
+ 88554 10342 43414
+ 664949 4169 27047
+ 224249 11091 41457
+ 140685 1607 37812
+ 34495 9920 37648
+ 933222 7240 42397
+ 83490 942 43159
+ 485618 6930 29486
+ 474470 8076 34102
+ 752702 3364 14738
+ 338901 552 35236
+ 552837 9663 12718
+ 842681 8543 19614
+ 541433 10580 21676
+ 414729 5047 26191
+ 69334 6403 29583
+ 7131 4889 43193
+ 157406 6401 22336
+ 2173 4208 51219
+ 143270 8225 35626
+ 162881 8960 44690
+ 135540 2998 32074
+ 750969 5808 49220
+ 870247 5593 25843
+ 867996 138 43995
+ 939963 9930 24586
+ 879811 5251 20119
+ 494273 11410 47568
+ 736412 204 20614
+ 795344 2323 50257
+ 208361 3664 41477
+ 849474 4477 36489
+ 166519 2532 41622
+ 993752 1145 28108
+ 126115 6134 15313
+ 38573 2627 50744
+ 632094 9361 18716
+ 50836 6407 23442
+ 430611 8807 18604
+ 259186 4714 15498
+ 348279 11268 20734
+ 482007 292 50907
+ 232025 2191 13367
+ 861504 10842 23277
+ 518770 1397 37972
+ 260765 2567 50301
+ 917022 9611 35724
+ 81497 10577 16218
+ 394259 139 50083
+ 218707 6132 42053
+ 97333 6281 37655
+ 914380 5915 31170
+ 534715 6261 13381
+ 769859 3499 40750
+ 654442 481 40925
+ 825207 12259 24599
+ 126067 6044 12695
+ 260667 5929 36524
+ 61570 9773 15329
+ 956551 8306 24146
+ 995966 4569 39214
+ 141783 10854 40386
+ 177846 7936 35455
+ 252278 4423 28170
+ 775585 8628 45167
+ 827438 12126 35784
+ 247173 10400 37839
+ 186578 3614 41031
+ 819765 4912 45502
+ 621901 1172 35048
+ 3015 9561 27122
+ 208583 3813 22963
+ 135751 6207 50677
+ 63243 12166 19129
+ 245962 4219 15384
+ 224420 10239 37895
+ 836574 9757 38523
+ 126371 11748 26041
+ 650041 5363 45566
+ 403539 9846 43103
+ 990488 1714 27431
+ 450237 10169 17373
+ 330615 5765 13548
+ 437221 9884 30185
+ 701935 11881 22621
+ 436405 5442 32150
+ 529190 3507 41348
+ 177150 7555 51295
+ 573994 7310 19075
+ 246970 10734 43883
+ 620838 10645 51636
+ 975855 5557 35482
+ 811192 8796 33422
+ 705607 11315 41857
+ 790278 1220 21098
+ 34482 3608 42769
+ 324448 8139 49194
+ 937169 7883 50201
+ 633986 9849 15149
+ 560983 1199 26021
+ 80462 6874 29346
+ 391444 9191 29738
+ 156805 1024 50845
+ 265448 1898 25433
+ 448144 2205 48843
+ 121640 413 25446
+ 868596 8473 51381
+ 380439 2657 24492
+ 484326 1786 31768
+ 104984 554 50242
+ 620457 1461 26199
+ 277283 8223 37680
+ 570910 9156 36431
+ 769605 4295 19992
+ 95219 2500 32643
+ 785949 7203 47737
+ 641811 11929 27809
+ 547229 12137 21495
+ 333209 7268 39463
+ 107238 9352 42167
+ 962971 7270 26680
+ 554743 180 30772
+ 246684 7028 51549
+ 628017 3916 16356
+ 34875 8776 46659
+ 847174 9694 31502
+ 293326 683 38167
+ 811707 2870 16031
+ 879341 9727 14639
+ 768539 6035 36287
+ 516146 8126 32546
+ 30237 8323 32945
+ 531176 10999 19774
+ 454469 5748 40955
+ 469175 2214 45024
+ 128786 12309 20060
+ 724231 2259 30680
+ 763637 3348 24858
+ 549491 2167 51259
+ 173559 1718 46737
+ 937379 7390 50598
+ 540451 1186 33413
+ 904189 9974 50426
+ 618389 1612 31987
+ 744282 3662 20808
+ 688908 1630 43312
+ 905498 1417 29891
+ 678360 5676 21032
+ 242231 5147 17385
+ 560102 12153 15513
+ 441567 2983 37770
+ 771281 3200 24248
+ 752323 11879 35600
+ 136780 132 49693
+ 349120 1973 42674
+ 982516 9615 28896
+ 605886 6959 19861
+ 729500 505 46886
+ 836935 10237 13579
+ 60919 9476 44467
+ 913091 3099 38080
+ 465685 8015 32051
+ 923324 9496 14422
+ 370028 2135 13991
+ 766047 9232 16804
+ 867924 4150 32886
+ 964667 11265 18572
+ 203011 972 22293
+ 357495 5683 35038
+ 538597 1773 18835
+ 120964 1631 40176
+ 161624 7374 20280
+ 101438 8500 22837
+ 379848 7479 45819
+ 724779 3516 18786
+ 966171 2756 45491
+ 61996 10971 50098
+ 62904 10445 47525
+ 790405 9434 38371
+ 907146 1868 20500
+ 661955 9268 42432
+ 371493 11858 26863
+ 746664 7428 34236
+ 738675 4051 31159
+ 648877 12321 19666
+ 724924 4482 47982
+ 871996 7762 36069
+ 153927 99 26033
+ 285009 8750 24309
+ 605059 5182 35475
+ 427208 10613 19667
+ 838363 5206 38389
+ 727569 21 30131
+ 708062 5748 12423
+ 950239 5592 12980
+ 806553 3028 36954
+ 748725 2693 42833
+ 699187 3019 17510
+ 512747 7888 51052
+ 62200 4861 46813
+ 612787 1582 21618
+ 624355 11285 21560
+ 960525 1341 15451
+ 460828 1050 26774
+ 970568 7685 18417
+ 265406 2790 14524
+ 626413 8109 37498
+ 746418 2805 47438
+ 364596 7177 40894
+ 854985 4362 16945
+ 64405 7608 16006
+ 670543 6183 19928
+ 703325 1764 13362
+ 283889 6315 44127
+ 439293 1920 44782
+ 622267 3498 36733
+ 101851 2339 39164
+ 208105 7318 14638
+ 431366 2066 29581
+ 905319 11717 20538
+ 248403 11000 17945
+ 185113 3705 13384
+ 811880 6702 13805
+ 785735 2392 39118
+ 529511 3058 13222
+ 474234 5811 12486
+ 623801 7273 48786
+ 322906 11268 40973
+ 877069 9979 30074
+ 724919 6327 42350
+ 848788 671 49513
+ 264248 4406 19778
+ 39924 5223 33732
+ 120398 9475 41197
+ 433233 668 28324
+ 169174 6661 29927
+ 443259 494 26024
+ 638838 9412 26521
+ 286442 4986 17283
+ 941244 4467 37976
+ 974800 4778 32494
+ 801890 6790 14418
+ 710516 3548 50815
+ 241191 5962 20173
+ 983646 2924 42109
+ 325559 11501 50449
+ 925516 9596 50923
+ 651144 1872 21325
+ 516086 535 41162
+ 820317 10219 27536
+ 296242 2648 25628
+ 156445 4956 42469
+ 834959 594 28764
+ 601835 344 51747
+ 779173 7035 48366
+ 900432 4875 25030
+ 780001 2117 25026
+ 493704 7584 13193
+ 402774 10912 15596
+ 504843 11882 29363
+ 736901 8804 48647
+ 684400 3904 18458
+ 703691 1669 21267
+ 443479 8558 47076
+ 245409 11532 35833
+ 216290 11511 20535
+ 831870 2938 31100
+ 100746 9413 49577
+ 860620 11218 24143
+ 482874 11418 46394
+ 657439 9157 43088
+ 306998 8633 37615
+ 461788 10462 38013
+ 814057 8838 17532
+ 768991 8954 35985
+ 350917 10307 34453
+ 959048 10820 48494
+ 609107 1787 49816
+ 125220 6256 40860
+ 692949 4251 43151
+ 802174 3659 19203
+ 902299 3583 36771
+ 495340 9463 45883
+ 630242 9504 48705
+ 406385 3491 51673
+ 851660 2410 33580
+ 946573 8426 17335
+ 539454 42 14643
+ 518894 9762 40321
+ 978227 10556 18077
+ 755033 10138 29285
+ 145615 2011 45939
+ 724103 3198 17119
+ 175558 4775 30744
+ 604335 6658 26346
+ 692721 2423 37349
+ 932163 8614 17995
+ 830696 1578 50287
+ 197217 5057 20479
+ 242222 3239 37013
+ 908230 11199 42438
+ 273282 5932 32040
+ 394453 10508 50286
+ 955532 4592 33083
+ 178184 7160 31272
+ 217780 10006 25609
+ 152828 305 36320
+ 699798 8487 34369
+ 560413 4941 23570
+ 956124 6139 44336
+ 964377 9866 43756
+ 371529 8800 17338
+ 507184 10516 23896
+ 689538 5101 36031
+ 767864 10792 42818
+ 57337 5848 12584
+ 836958 10458 49318
+ 765690 3482 21947
+ 629435 1727 42940
+ 860645 12221 48278
+ 577471 4344 34185
+ 84521 11489 39972
+ 381990 6243 26784
+ 803593 4365 40645
+ 35312 1216 37910
+ 999810 587 24128
+ 336425 1275 39043
+ 807702 1941 35036
+ 405241 3664 31349
+ 176035 9708 16075
+ 420058 3785 31916
+ 14038 4644 31368
+ 212917 10895 35899
+ 97127 571 17487
+ 604699 11085 48247
+ 521053 3229 31703
+ 654420 7623 21692
+ 735826 859 50818
+ 831617 3396 45930
+ 551856 10544 16235
+ 988158 10972 25952
+ 744459 5382 50783
+ 779265 11894 48909
+ 523882 5125 45159
+ 109456 2413 40915
+ 527339 7379 31621
+ 629250 11273 26188
+ 447841 4469 18779
+ 318768 6853 46602
+ 257469 6461 35655
+ 640466 6467 50523
+ 310201 9033 49965
+ 957444 8140 42211
+ 416638 10303 49162
+ 36705 51630 975908287
- 36705
+ 686827 21006 151125380
- 686827
+ 828127 18144 979017928
- 828127
+ 993264 46852 426902476
- 993264
+ 441460 23352 312350459
- 441460
+ 550783 37095 118550114
- 550783
+ 447138 29544 769242572
- 447138
+ 211384 19178 629754397
- 211384
+ 89566 32515 626798646
- 89566
+ 896471 45142 79852792
- 896471
+ 519397 50767 822954101
- 519397
+ 718408 30031 888354315
- 718408
+ 873214 31588 829927608
- 873214
+ 972194 45344 295026018
- 972194
+ 876046 15755 684817180
- 876046
+ 257579 18553 942562737
- 257579
+ 571321 28244 285184805
- 571321
+ 849600 46781 72417789
- 849600
+ 212072 19462 153858675
- 212072
+ 239369 19507 343547711
- 239369
+ 86383 14758 108746542
- 86383
+ 535138 51542 651163345
- 535138
+ 427564 29394 537781754
- 427564
+ 506965 14767 504328209
- 506965
+ 792317 44385 859609974
- 792317
+ 833719 45746 267213612
- 833719
+ 737342 38848 52827890
- 737342
+ 432440 24608 214024546
- 432440
+ 332314 21078 491872232
- 332314
+ 408491 14128 964905274
- 408491
+ 662451 38332 786886629
- 662451
+ 983948 15272 154842822
- 983948
+ 574559 48830 157981537
- 574559
+ 604319 48908 148611704
- 604319
+ 767806 43064 567636852
- 767806
+ 617114 40484 490663952
- 617114
+ 566017 32131 871097226
- 566017
+ 28583 39092 875598844
- 28583
+ 60759 49751 983783046
- 60759
+ 827593 30268 7711453
- 827593
+ 63987 32266 790058963
- 63987
+ 443018 31904 137540607
- 443018
+ 892292 45357 556332275
- 892292
+ 389710 51054 733294180
- 389710
+ 174368 41963 606069891
- 174368
+ 296482 48593 523829586
- 296482
+ 697543 34138 527774543
- 697543
+ 758196 14202 392024503
- 758196
+ 236626 44651 802827125
- 236626
+ 663584 12815 948458163
- 663584
+ 757158 17985 824434650
- 757158
+ 341073 51438 598088930
- 341073
+ 326667 40135 68067222
- 326667
+ 894143 37384 146278855
- 894143
+ 466645 16679 914451319
- 466645
+ 780289 48658 690556984
- 780289
+ 225890 31717 455125373
- 225890
+ 105632 50367 490155976
- 105632
+ 768261 16786 800480461
- 768261
+ 365461 23645 785141544
- 365461
+ 850258 37083 91102170
- 850258
+ 884965 40595 751400808
- 884965
+ 960196 20774 26950471
- 960196
+ 724088 49388 797553038
- 724088
+ 532466 16753 716798318
- 532466
+ 42032 31050 935675332
- 42032
+ 797574 31048 610471186
- 797574
+ 875556 29782 414691972
- 875556
+ 461820 15834 666590991
- 461820
+ 411735 37406 826630634
- 411735
+ 126783 50234 44381116
- 126783
+ 194114 39792 985476208
- 194114
+ 632457 41073 964648707
- 632457
+ 760163 29541 734636059
- 760163
+ 808422 41248 980459418
- 808422
+ 220752 17988 225730371
- 220752
+ 698297 13804 7806492
- 698297
+ 673908 23020 145433315
- 673908
+ 387685 17510 565770695
- 387685
+ 295333 34380 400164141
- 295333
+ 545803 49227 644320158
- 545803
+ 571393 35940 770580779
- 571393
+ 574139 26461 908574021
- 574139
+ 525400 49472 679865607
- 525400
+ 612128 14632 573825200
- 612128
+ 769071 38124 292212286
- 769071
+ 410795 31937 710347318
- 410795
+ 308123 33609 40269765
- 308123
+ 98820 36486 502647026
- 98820
+ 593416 32611 771943383
- 593416
+ 109733 25787 889006261
- 109733
+ 999499 47596 322309633
- 999499
+ 471380 42880 717857627
- 471380
+ 818251 51401 392147261
- 818251
+ 476778 36466 837650454
- 476778
+ 48820 30029 548782367
- 48820
+ 553963 37919 982488510
- 553963
+ 762777 48372 104861278
- 762777
+ 669234 19123 55966029
- 669234
+ 806596 45506 328560095
- 806596
+ 769091 34472 847719651
- 769091
+ 853694 33453 954990606
- 853694
+ 185127 21013 769598511
- 185127
+ 138347 18764 791974200
- 138347
+ 771408 15124 663836904
- 771408
+ 378777 14972 143709335
- 378777
+ 25529 18205 595726959
- 25529
+ 705516 32867 305477922
- 705516
+ 918677 13964 817623726
- 918677
+ 960256 44345 524122768
- 960256
+ 647057 21239 285851979
- 647057
+ 749648 29771 424155917
- 749648
+ 564537 33786 283925848
- 564537
+ 349813 23291 255191388
- 349813
+ 429369 27308 246176236
- 429369
+ 421356 47682 564485822
- 421356
+ 737648 17820 633545496
- 737648
+ 536012 36434 567745195
- 536012
+ 128773 31355 258147016
- 128773
+ 591451 29098 929177109
- 591451
+ 291223 35942 718426527
- 291223
+ 915853 20860 744264578
- 915853
+ 17347 46214 772032012
- 17347
+ 990031 44098 228446089
- 990031
+ 530017 23389 421585988
- 530017
+ 418797 31780 12131020
- 418797
+ 855981 33947 635816392
- 855981
+ 756843 50790 902890985
- 756843
+ 701778 13705 943677540
- 701778
+ 253616 21069 629764340
- 253616
+ 876255 27293 748914529
- 876255
+ 506972 38411 167934620
- 506972
+ 777606 38732 778447575
- 777606
+ 593333 39235 905367790
- 593333
+ 645575 38292 528186279
- 645575
+ 556853 51772 500304448
- 556853
+ 764310 44228 315610177
- 764310
+ 873509 47660 492410788
- 873509
+ 184954 17407 19868351
- 184954
+ 24694 49340 257889013
- 24694
+ 36023 47632 273030395
- 36023
+ 16935 36238 792125242
- 16935
+ 109022 34372 185812346
- 109022
+ 996578 25014 667936458
- 996578
+ 875212 31920 773097489
- 875212
+ 706824 37406 335948978
- 706824
+ 938216 13028 477257098
- 938216
+ 50464 20017 128172910
- 50464
+ 838758 51685 753322548
- 838758
+ 910087 18584 162927331
- 910087
+ 632999 44440 791578864
- 632999
+ 675921 27668 471328188
- 675921
+ 390462 50662 62460732
- 390462
+ 739119 30182 949949156
- 739119
+ 701675 24441 330002855
- 701675
+ 450227 13624 685644063
- 450227
+ 870623 33198 172454986
- 870623
+ 749978 21587 422616132
- 749978
+ 608471 45342 520124369
- 608471
+ 827866 45788 993446707
- 827866
+ 553671 46840 640507267
- 553671
+ 910533 43781 40151807
- 910533
+ 827620 18927 361536140
- 827620
+ 527020 33786 830917159
- 527020
+ 760900 42010 772348064
- 760900
+ 241558 17512 447371477
- 241558
+ 149007 49375 729547644
- 149007
+ 964107 27211 880674691
- 964107
+ 986224 40861 887443206
- 986224
+ 122316 42361 978027748
- 122316
+ 359867 41302 556711077
- 359867
+ 371335 25259 314350489
- 371335
+ 108763 14497 668105635
- 108763
+ 361992 39324 194100347
- 361992
+ 853050 19167 285958711
- 853050
+ 150832 41594 368286293
- 150832
+ 420256 37392 528875623
- 420256
+ 377310 33871 68085325
- 377310
+ 209109 43377 753891270
- 209109
+ 161294 23257 501262181
- 161294
+ 36787 27914 195718634
- 36787
+ 70071 43822 913173258
- 70071
+ 671706 25835 277860933
- 671706
+ 710503 44627 984178456
- 710503
+ 378643 22025 195346234
- 378643
+ 750215 14835 974215937
- 750215
+ 748560 21942 975602556
- 748560
+ 222975 35436 338149998
- 222975
+ 975026 14874 486668021
- 975026
+ 749606 28805 730167179
- 749606
+ 936663 22082 994415272
- 936663
+ 372647 20406 374036956
- 372647
+ 748472 25447 134193312
- 748472
+ 967781 23688 526418147
- 967781
+ 719330 37579 835275247
- 719330
+ 888627 12998 713498935
- 888627
+ 183722 48001 979649172
- 183722
+ 197413 29343 307779831
- 197413
+ 698958 16616 57516469
- 698958
+ 546847 29373 416002376
- 546847
+ 107682 29266 791006901
- 107682
+ 276190 21283 615133152
- 276190
+ 536514 19948 769601086
- 536514
+ 440572 30017 271992256
- 440572
+ 248530 25073 445041974
- 248530
+ 465744 38446 752642060
- 465744
+ 85872 27470 779257200
- 85872
+ 933680 24914 964345645
- 933680
+ 191159 12722 281315536
- 191159
+ 323658 39982 333149821
- 323658
+ 590852 15818 269180024
- 590852
+ 74251 23027 209049746
- 74251
+ 323952 39730 332318634
- 323952
+ 874420 25585 503368054
- 874420
+ 116282 36514 252846906
- 116282
+ 366799 24745 488076555
- 366799
+ 387473 25449 833210939
- 387473
+ 121196 37305 710307829
- 121196
+ 106080 37814 217930934
- 106080
+ 929310 20506 123517266
- 929310
+ 280206 46855 387939132
- 280206
+ 356402 23461 805789240
- 356402
+ 119303 50660 45858655
- 119303
+ 965173 47612 757971228
- 965173
+ 534126 38688 970315075
- 534126
+ 539645 32934 925468094
- 539645
+ 909654 14885 360641115
- 909654
+ 190540 28749 23225685
- 190540
+ 109053 36537 194640727
- 109053
+ 742507 44160 208639936
- 742507
+ 952428 27208 400970045
- 952428
+ 22272 24575 556754501
- 22272
+ 241021 26254 431323550
- 241021
+ 160326 51663 703778026
- 160326
+ 825127 16705 683625929
- 825127
+ 938187 49873 921467025
- 938187
+ 403561 49984 416239974
- 403561
+ 634942 38343 629183761
- 634942
+ 21458 25839 913918024
- 21458
+ 148635 12687 201149834
- 148635
+ 408279 43367 431088082
- 408279
+ 4944 23583 836502292
- 4944
+ 541572 16607 665823752
- 541572
+ 343684 25102 382979298
- 343684
+ 312825 32508 425627419
- 312825
+ 735897 40793 190646201
- 735897
+ 389792 18186 599161340
- 389792
+ 572606 30329 183449476
- 572606
+ 501779 23909 897662253
- 501779
+ 448798 37915 549713503
- 448798
+ 876975 36252 827598531
- 876975
+ 7868 24477 717216814
- 7868
+ 448870 43273 491711236
- 448870
+ 837150 33942 653920157
- 837150
+ 634898 31070 191570295
- 634898
+ 151542 46004 485639577
- 151542
+ 989178 50583 73847652
- 989178
+ 60157 35660 270765519
- 60157
+ 449641 43604 203370350
- 449641
+ 194224 21290 156571225
- 194224
+ 302912 16414 73680208
- 302912
+ 711682 41457 60700424
- 711682
+ 160760 17821 909709124
- 160760
+ 178540 43643 779145697
- 178540
+ 967451 22914 890570142
- 967451
+ 650964 16491 996292164
- 650964
+ 463992 12489 699915643
- 463992
+ 54185 47134 553766725
- 54185
+ 795559 15125 953031503
- 795559
+ 4885 38281 468776552
- 4885
+ 144161 49684 733408774
- 144161
+ 70206 35341 958751538
- 70206
+ 317427 47834 757749837
- 317427
+ 653607 38498 461874721
- 653607
+ 247332 19808 600629484
- 247332
+ 716916 50724 284006013
- 716916
+ 83753 44888 51863758
- 83753
+ 71828 14453 455589535
- 71828
+ 846912 40062 298065457
- 846912
+ 607970 35651 212300709
- 607970
+ 692786 23292 933198556
- 692786
+ 813806 35872 796757500
- 813806
+ 735774 35635 23542616
- 735774
+ 111250 18825 247091216
- 111250
+ 584660 14435 893443306
- 584660
+ 87238 28066 22629084
- 87238
+ 544239 23696 329577222
- 544239
+ 569443 17801 953252053
- 569443
+ 110672 49173 786320448
- 110672
+ 780539 33317 492886975
- 780539
+ 76886 45194 331609863
- 76886
+ 151539 12650 766831262
- 151539
+ 112068 20988 175016566
- 112068
+ 514051 49956 606756167
- 514051
+ 702695 37258 770748505
- 702695
+ 867958 23955 562216909
- 867958
+ 794910 32376 183925394
- 794910
+ 221394 14243 937753991
- 221394
+ 557238 18616 928803763
- 557238
+ 716071 32101 414121215
- 716071
+ 816805 35650 81646163
- 816805
+ 716979 13235 19538710
- 716979
+ 340365 27525 383219664
- 340365
+ 446234 26996 965596870
- 446234
+ 525436 32033 590351264
- 525436
+ 551430 23312 564187850
- 551430
+ 405174 29307 447270851
- 405174
+ 253442 50752 765670153
- 253442
+ 205205 37841 592076156
- 205205
+ 931297 41448 831854356
- 931297
+ 933525 43372 323210485
- 933525
+ 548603 21638 789776973
- 548603
+ 800424 39211 192704350
- 800424
+ 792965 46613 166756972
- 792965
+ 864626 24444 439587482
- 864626
+ 587363 31837 158841683
- 587363
+ 841360 43783 521632889
- 841360
+ 880841 47828 513858286
- 880841
+ 2246 13158 618401805
- 2246
+ 171988 18945 940957419
- 171988
+ 573243 25109 778917642
- 573243
+ 218679 43864 547522458
- 218679
+ 61405 27921 267867468
- 61405
+ 547440 31044 622251910
- 547440
+ 364524 38269 531433770
- 364524
+ 970443 19584 129664096
- 970443
+ 523653 28624 346076758
- 523653
+ 748076 14837 64502320
- 748076
+ 920414 33371 818223964
- 920414
+ 619457 50192 336466059
- 619457
+ 884862 24662 616640771
- 884862
+ 505888 33783 138879360
- 505888
+ 223757 33695 20861719
- 223757
+ 281976 26255 847338452
- 281976
+ 410547 14406 444104597
- 410547
+ 395498 40663 629626199
- 395498
+ 262398 33042 427339786
- 262398
+ 613977 47479 677015273
- 613977
+ 731205 48233 483446288
- 731205
+ 179962 45997 173032747
- 179962
+ 431479 16909 598872251
- 431479
+ 827590 20252 769666184
- 827590
+ 352551 51719 322047781
- 352551
+ 941156 34801 194560143
- 941156
+ 364125 31486 897073679
- 364125
+ 860367 33566 235543638
- 860367
+ 682253 28884 699402518
- 682253
+ 217478 41265 667281717
- 217478
+ 92452 42888 592954662
- 92452
+ 1237 48560 784501071
- 1237
+ 245517 24658 561567853
- 245517
+ 822865 51544 768321820
- 822865
+ 838919 48247 468630028
- 838919
+ 78855 17963 537379021
- 78855
+ 650955 44810 614179659
- 650955
+ 252033 32372 503297424
- 252033
+ 836835 35430 855569019
- 836835
+ 194391 14724 69828698
- 194391
+ 668376 33755 962869145
- 668376
+ 449645 28068 251538022
- 449645
+ 343566 34527 15068931
- 343566
+ 205991 35274 505834074
- 205991
+ 107339 16952 88018294
- 107339
+ 699694 35700 504073396
- 699694
+ 198668 39566 50619117
- 198668
+ 433781 20425 712572997
- 433781
+ 356760 40261 878896822
- 356760
+ 302126 17683 778693598
- 302126
+ 599379 26293 195741602
- 599379
+ 14577 22150 405037161
- 14577
+ 854612 26750 423592910
- 854612
+ 301069 21645 229948560
- 301069
+ 537047 42193 811335765
- 537047
+ 14793 16407 768143879
- 14793
+ 892781 22640 346433433
- 892781
+ 660149 17299 939822845
- 660149
+ 849312 26390 668199728
- 849312
+ 836079 49488 610085484
- 836079
+ 609532 43064 915706120
- 609532
+ 569002 23682 342812048
- 569002
+ 914938 40051 956956702
- 914938
+ 286848 26172 574841100
- 286848
+ 649743 47602 19774484
- 649743
+ 455028 51336 514834906
- 455028
+ 432106 48833 696300853
- 432106
+ 545362 40968 617466840
- 545362
+ 427033 39230 762529943
- 427033
+ 753992 46140 552293460
- 753992
+ 877795 14979 213400315
- 877795
+ 391893 48612 154460470
- 391893
+ 577051 18262 596321336
- 577051
+ 997943 27393 290491091
- 997943
+ 16286 18383 438005485
- 16286
+ 870638 44194 55139522
- 870638
+ 169903 47588 39443977
- 169903
+ 919495 50410 586536672
- 919495
+ 710781 23879 252838781
- 710781
+ 202452 19601 912859194
- 202452
+ 436252 47391 780581265
- 436252
+ 173519 21689 111266267
- 173519
+ 628721 47007 347956324
- 628721
+ 53168 43096 982182814
- 53168
+ 808805 51082 628810725
- 808805
+ 544607 49079 204790142
- 544607
+ 896521 29057 443441937
- 896521
+ 600126 30582 786255899
- 600126
+ 617811 31883 857799709
- 617811
+ 168135 37394 360233424
- 168135
+ 418353 47795 286415962
- 418353
+ 905248 45880 632217960
- 905248
+ 739435 19552 267831124
- 739435
+ 416524 12650 134130888
- 416524
+ 553445 39140 733733763
- 553445
+ 820928 41852 879978293
- 820928
+ 451403 24851 102814214
- 451403
+ 418756 18680 73601501
- 418756
+ 947163 27737 923874072
- 947163
+ 943790 30774 386434441
- 943790
+ 269726 13805 464461719
- 269726
+ 858773 33038 721705830
- 858773
+ 366265 30620 728717992
- 366265
+ 830148 19726 267592772
- 830148
+ 279321 22504 212077934
- 279321
+ 329923 28229 415382711
- 329923
+ 832297 34824 20135976
- 832297
+ 611884 47361 499421959
- 611884
+ 913009 51313 692060725
- 913009
+ 940566 15350 650307653
- 940566
+ 665199 14810 89925276
- 665199
+ 694887 23557 206489497
- 694887
+ 45763 28875 580115285
- 45763
+ 394890 35777 947066759
- 394890
+ 458112 31075 223127426
- 458112
+ 646071 31036 668689817
- 646071
+ 585646 49124 917757663
- 585646
+ 680529 47594 762481109
- 680529
+ 397882 17852 175690364
- 397882
+ 480710 18827 924901290
- 480710
+ 253610 15589 827626291
- 253610
+ 209435 21940 150819214
- 209435
+ 559620 23029 922412261
- 559620
+ 841551 24238 779212007
- 841551
+ 54510 41660 176849605
- 54510
+ 697704 40348 123651529
- 697704
+ 833431 48308 257408697
- 833431
+ 28802 42369 818789511
- 28802
+ 372948 44615 962136539
- 372948
+ 849747 47193 189738877
- 849747
+ 256389 25625 614095901
- 256389
+ 367164 37983 159936367
- 367164
+ 59616 47637 118981590
- 59616
+ 839761 16125 779377374
- 839761
+ 772193 39461 641247799
- 772193
+ 859511 27071 860045695
- 859511
+ 411559 29169 455311350
- 411559
+ 398454 13745 69741752
- 398454
+ 284233 51504 678279924
- 284233
+ 672275 37053 228911832
- 672275
+ 378631 24475 381765957
- 378631
+ 854447 48304 233445312
- 854447
+ 506489 35056 715124214
- 506489
+ 720009 30952 692034004
- 720009
+ 498275 18762 241303192
- 498275
+ 272444 34485 432113947
- 272444
+ 543592 32734 326322348
- 543592
+ 959294 22814 311017329
- 959294
+ 814340 30633 522969669
- 814340
+ 195978 43038 55653226
- 195978
+ 606777 16697 484730926
- 606777
+ 463873 40520 204257778
- 463873
+ 128804 29439 827119152
- 128804
+ 900277 44986 421688737
- 900277
+ 859399 29128 752912720
- 859399
+ 645572 24507 649324165
- 645572
+ 933633 45045 223214446
- 933633
+ 942804 17275 210352748
- 942804
+ 220042 50388 68003409
- 220042
+ 558462 49410 118282561
- 558462
+ 357333 14760 115501103
- 357333
+ 422085 30746 7101566
- 422085
+ 620541 39861 69191551
- 620541
+ 203385 28287 141522417
- 203385
+ 532033 24696 229631291
- 532033
+ 588002 33962 949038973
- 588002
+ 531717 23292 192718405
- 531717
+ 946662 24651 648512103
- 946662
+ 696949 28564 320961946
- 696949
+ 940902 18230 558970518
- 940902
+ 481598 21958 646274933
- 481598
+ 390160 40024 407896272
- 390160
+ 782421 41036 778021824
- 782421
+ 825756 41022 350639348
- 825756
+ 215533 15036 615173702
- 215533
+ 444573 37559 906187572
- 444573
+ 287967 23714 569176869
- 287967
+ 565661 13407 584094917
- 565661
+ 78336 26939 557863481
- 78336
+ 885432 34672 332586946
- 885432
+ 93047 25143 261969721
- 93047
+ 791032 48360 598852644
- 791032
