50500 916245217
2000
+ 733144 728026545 916245217
+ 649068 916245217 965335142
+ 375213 112730174 714657091
+ 254316 5884 510071884
+ 320120 728026545 851845146
+ 658779 36320 272893496
+ 791685 261896561 930957419
+ 745286 31398 47205697
+ 234322 7486 510071884
+ 432800 29240 272893496
- 234322
+ 702235 23262 261896561
+ 868136 497544886 938982016
+ 481499 744293392 979665244
+ 261065 4275 383260899
+ 975832 11584 744769324
+ 695030 10086 804665840
+ 914254 567880164 849402311
+ 208994 510071884 567880164
+ 696281 910560731 977709859
- 208994
+ 421956 812563328 991316949
+ 77388 261896561 744293392
- 77388
+ 469140 823686087 940049157
+ 673967 112730174 383260899
+ 594090 142500668 992798838
+ 373000 497544886 979482986
+ 72633 744769324 921692139
- 72633
+ 659333 20355 261896561
+ 933463 383260899 714657091
+ 918143 16414874 383260899
+ 464543 3176 744293392
+ 113042 567880164 972634467
+ 851774 812563328 928545218
+ 724524 849402311 919798076
+ 650989 14290 383260899
- 113042
+ 543975 46927 567880164
+ 406864 14056 130598690
+ 457260 142500668 510071884
+ 142581 2020 130598690
+ 188671 16414874 971673490
+ 504711 823686087 919543280
+ 672100 10344 130598690
+ 995 744293392 910560731
+ 223906 50500 823686087
+ 540099 31291 130598690
+ 290879 41612328 976927344
+ 861316 34230 248246363
+ 780187 849402311 926563126
+ 509193 673931294 964579544
+ 741335 47205697 988722185
+ 549081 413962369 933080513
- 995
+ 204960 248246363 272893496
- 142581
- 188671
+ 974824 47205697 988440255
+ 637043 337151869 960714261
+ 874378 383260899 673931294
- 204960
+ 908911 804665840 988955918
+ 19404 35004 714657091
+ 52077 272893496 744769324
+ 187678 337151869 933217793
+ 6689 30237 714657091
+ 843315 383260899 966240100
+ 28773 148453517 272893496
+ 143734 112730174 744769324
+ 252455 148453517 383260899
+ 938174 48740 823686087
+ 227017 130598690 142500668
+ 652435 413962369 944388950
- 6689
+ 873094 728026545 992737222
+ 829177 510071884 952987851
+ 486264 41612328 812563328
+ 350971 43705 383260899
- 19404
+ 313426 744293392 993241892
+ 295210 43379 497544886
+ 894526 916245217 995326689
+ 885839 248246363 728026545
- 28773
+ 659805 148453517 974250913
+ 347606 21750 744293392
+ 501097 820419396 962930168
+ 231452 31051 261896561
- 52077
+ 785458 261896561 957363452
+ 837486 41612328 977929608
+ 231697 261896561 978647999
+ 218003 35950 849402311
+ 868452 28446 261896561
- 143734
- 187678
+ 745672 673931294 916245217
+ 792712 851845146 987709645
+ 286438 47205697 966932353
+ 968702 823686087 977652289
+ 622289 112730174 916245217
+ 582122 851845146 990546803
+ 998601 33724 567880164
+ 957146 567880164 933265348
+ 710831 744769324 990169132
+ 26323 50500 148453517
+ 52433 50500 823686087
+ 445425 744769324 916245217
+ 181430 337151869 413962369
+ 560255 16414874 942965782
+ 788564 50500 148453517
+ 303026 43733 823686087
+ 242121 812563328 997471722
+ 753116 6454 337151869
+ 821038 112730174 971003343
+ 10832 21970 112730174
+ 466188 8266 497544886
+ 855682 41612328 567880164
+ 170737 1896 510071884
+ 959804 510071884 988744429
- 10832
+ 404760 248246363 497544886
+ 92474 112730174 930341117
+ 460640 2781 261896561
+ 240029 804665840 820419396
+ 379065 337151869 965390883
+ 412746 714657091 993541279
+ 715668 34118 50500
+ 963125 337151869 383260899
+ 497196 37593 248246363
+ 322806 728026545 968173073
+ 871107 744293392 928755931
+ 424903 15181 823686087
- 26323
+ 227619 19465 337151869
+ 934408 567880164 728026545
- 52433
+ 915943 12468 337151869
+ 544174 50500 744293392
+ 806773 728026545 999130606
+ 406730 39744 148453517
+ 278904 744293392 849402311
+ 146272 39510 804665840
+ 426039 823686087 975775294
+ 389344 910560731 982535637
+ 168971 24773 47205697
+ 734140 148453517 919267700
+ 931916 15185 910560731
+ 709233 48013 383260899
+ 601898 41612328 944773024
+ 486411 16414874 383260899
+ 383852 41612328 996700611
+ 375266 130598690 960676754
- 92474
- 146272
+ 743763 4529 804665840
+ 23466 3834 16414874
+ 977501 744769324 991388515
+ 103224 916245217 989780218
+ 977782 148453517 744293392
+ 679604 22863 261896561
+ 39240 714657091 965185606
+ 167401 812563328 983186272
+ 552117 744769324 941818895
- 23466
+ 784105 823686087 958486923
+ 645788 337151869 944297007
+ 70065 3920 16414874
+ 629999 6129 673931294
+ 781097 812563328 961135973
+ 440188 26111 497544886
+ 426374 744769324 928925840
- 39240
- 70065
- 103224
+ 281590 823686087 910560731
+ 227517 47205697 248246363
- 167401
+ 691491 47205697 383260899
+ 562235 567880164 942350353
+ 419934 744769324 823686087
+ 266111 47205697 958776385
+ 697916 16414874 413962369
+ 678184 910560731 967621071
+ 82684 33801 413962369
+ 734531 22709 849402311
+ 508218 39697 851845146
+ 471404 148453517 744769324
+ 843318 17773 851845146
+ 77391 41612328 916245217
+ 731247 142500668 954575841
+ 2767 910560731 916245217
+ 252828 510071884 744769324
+ 411945 33596 812563328
+ 870284 130598690 851845146
+ 777803 34046 50500
+ 848617 804665840 823686087
+ 971835 39761 261896561
+ 184514 383260899 744769324
+ 296680 48171 413962369
+ 549007 383260899 820419396
+ 915074 248246363 933360419
+ 112947 744769324 932873500
+ 917379 673931294 946328393
+ 313352 272893496 812563328
+ 574179 112730174 942710478
+ 764893 510071884 933971983
+ 389768 130598690 910560731
+ 495304 41612328 148453517
+ 281451 142500668 383260899
+ 101905 30749 47205697
+ 909478 148453517 849402311
+ 640541 50500 849402311
+ 364501 142500668 947724661
+ 179346 47205697 744293392
+ 158799 21793 820419396
+ 818713 112730174 714657091
+ 855427 16414874 142500668
+ 776492 29030 812563328
+ 940825 142500668 248246363
+ 227111 41086 849402311
+ 273115 41612328 47205697
+ 676694 11215 728026545
+ 164548 16414874 849402311
+ 288652 41612328 924307373
+ 178621 413962369 744769324
+ 72584 11759 497544886
- 2767
+ 392470 728026545 744293392
- 72584
+ 267109 5778 851845146
+ 456141 812563328 958283730
+ 117342 9672 112730174
+ 209775 383260899 497544886
+ 182857 10691 272893496
+ 930312 567880164 812563328
+ 596571 497544886 919878187
- 77391
+ 570084 823686087 999216395
+ 9825 33557 130598690
+ 351557 20392 910560731
+ 742514 413962369 851845146
+ 163308 47798 41612328
- 9825
+ 760212 38578 337151869
+ 73628 16342 142500668
+ 843595 50500 497544886
+ 375179 261896561 820419396
- 73628
+ 341583 272893496 510071884
+ 173661 18794 47205697
+ 236063 510071884 942130125
+ 388399 32101 41612328
+ 683291 50500 744293392
+ 827446 497544886 910560731
- 82684
+ 574790 16414874 673931294
+ 466248 33030 744769324
- 101905
+ 481564 272893496 744293392
- 112947
+ 595997 849402311 922610780
+ 500069 851845146 981020841
+ 137000 29327 823686087
+ 360445 272893496 973987640
+ 274769 272893496 413962369
+ 596861 112730174 142500668
+ 120567 44128 673931294
+ 78632 9111 510071884
+ 312260 728026545 937865236
+ 674250 673931294 930897814
+ 740304 24789 383260899
+ 566329 130598690 938436373
+ 238735 47205697 272893496
+ 674017 22769 261896561
+ 880154 9196 744293392
+ 867207 37999 714657091
+ 757476 248246363 728026545
+ 246195 337151869 968014508
+ 347778 148453517 497544886
+ 241725 21075 567880164
+ 689712 728026545 955073735
+ 572064 11320 272893496
+ 44152 812563328 950590341
+ 459195 261896561 985988735
+ 152269 16046 337151869
+ 685552 20077 804665840
+ 252205 687 812563328
+ 314008 16414874 949773687
+ 500391 10860 812563328
+ 647738 33523 714657091
+ 725546 48375 148453517
+ 150710 28060 744769324
+ 48431 26807 728026545
+ 796579 41612328 248246363
+ 719246 41612328 823686087
+ 129360 5214 148453517
+ 853481 47205697 916245217
+ 702998 20586 673931294
+ 307287 50500 248246363
+ 22024 23328 823686087
+ 921768 112730174 744293392
+ 24020 148453517 804665840
+ 2705 42779 112730174
+ 598551 142500668 961351232
+ 352876 47205697 982850594
+ 36018 47205697 965201895
+ 979297 112730174 383260899
+ 826404 744769324 969875660
+ 532987 15638 413962369
+ 841563 248246363 966905723
+ 963010 47205697 413962369
+ 7816 33636 112730174
+ 87470 21326 413962369
- 2705
+ 104273 24493 497544886
+ 180661 497544886 916245217
+ 725266 812563328 983035571
+ 880833 130598690 510071884
+ 654568 728026545 823686087
+ 398855 21605 272893496
+ 733170 5126 272893496
+ 889575 714657091 979776992
+ 558493 34850 714657091
+ 818960 142500668 804665840
- 7816
+ 570534 261896561 744769324
+ 794758 16414874 938448538
- 22024
+ 763010 910560731 944140134
+ 732322 42409 820419396
+ 984902 112730174 744769324
+ 838663 112730174 804665840
+ 967928 50496 823686087
+ 6149 272893496 567880164
+ 315166 49296 744293392
+ 727016 272893496 820419396
+ 602579 567880164 990597470
+ 167391 272893496 849402311
- 6149
+ 336827 248246363 985460309
+ 299258 510071884 925440773
+ 298100 130598690 916245217
+ 151338 383260899 964322038
+ 702742 849402311 933451235
+ 755458 130598690 849402311
+ 688835 35518 823686087
+ 413558 40707 744769324
+ 419137 261896561 383260899
+ 863212 142500668 804665840
+ 342023 497544886 714657091
+ 153763 812563328 917658392
+ 466830 4374 497544886
+ 595529 5979 510071884
- 24020
+ 3278 851845146 935894414
+ 581959 8321 142500668
+ 530132 728026545 930776445
+ 120219 130598690 744293392
+ 81250 142500668 744769324
+ 447435 16414874 849402311
+ 829161 497544886 728026545
+ 543517 4753 851845146
+ 253508 21597 744293392
+ 837975 32086 50500
+ 778218 337151869 945875753
+ 41719 36579 728026545
+ 448743 50500 823686087
+ 967271 34104 272893496
+ 170732 44368 272893496
+ 430729 7391 820419396
+ 399288 261896561 956707210
- 3278
+ 905166 714657091 978200850
+ 712938 30729 851845146
+ 631123 5330 820419396
+ 238241 16414874 956530233
+ 627272 510071884 959654197
+ 995296 820419396 927565892
+ 131077 48380 804665840
+ 535171 48906 272893496
+ 265497 42730 112730174
+ 307895 50500 497544886
+ 198087 7302 820419396
+ 830779 3213 47205697
+ 8656 22908 804665840
+ 28233 34359 272893496
+ 724635 673931294 952473230
+ 218074 24135 849402311
+ 505249 851845146 916245217
+ 106075 142500668 941316196
+ 47531 18015 714657091
+ 810617 47205697 567880164
+ 216667 497544886 933091607
+ 90726 42683 261896561
+ 911858 567880164 916245217
+ 597251 849402311 985869990
+ 160859 248246363 956337929
+ 948286 910560731 964598987
+ 846774 31627 812563328
- 8656
- 28233
+ 150189 16414874 918930394
+ 689267 33727 849402311
+ 120707 29891 851845146
+ 752271 8271 910560731
+ 34121 910560731 958449642
+ 32148 148453517 960978869
+ 217710 19197 112730174
+ 914090 35337 248246363
+ 48018 261896561 916245217
+ 159042 383260899 510071884
+ 237573 41612328 112730174
+ 148774 112730174 918043511
+ 516234 261896561 916245217
+ 711544 148453517 510071884
+ 742592 50368 849402311
+ 534795 16414874 337151869
+ 348875 714657091 978957252
+ 119743 744293392 947932359
+ 525274 823686087 957798839
+ 532449 11514 337151869
+ 584985 41612328 956063843
+ 711337 18494 41612328
+ 104497 42128 804665840
+ 9312 41612328 849402311
+ 444354 27199 744293392
+ 115243 567880164 965392003
+ 834796 728026545 939375090
+ 418700 272893496 944803671
- 9312
+ 788361 112730174 947740789
+ 188888 32618 744769324
+ 563138 7016 47205697
+ 429124 851845146 953510801
+ 203947 41612328 804665840
- 32148
- 34121
- 36018
- 41719
- 44152
+ 675496 33846 744769324
+ 444455 673931294 910560731
+ 473341 130598690 510071884
+ 125476 148453517 849402311
+ 923190 714657091 920821756
+ 862733 34410 849402311
+ 282579 728026545 938829888
+ 629429 248246363 497544886
+ 895344 16414874 962447569
+ 947862 47205697 932557226
+ 61782 48460 16414874
+ 574448 44511 744769324
+ 571445 812563328 972405517
+ 822726 4756 744293392
+ 151680 49384 910560731
+ 97942 2717 148453517
+ 238309 41612328 935592496
+ 911904 148453517 567880164
+ 961220 16414874 823686087
+ 785020 20727 744769324
+ 699956 5078 820419396
+ 109420 16414874 142500668
+ 810757 21385 50500
+ 142775 16414874 673931294
+ 311251 916245217 999073755
+ 196208 820419396 950522352
+ 900790 47205697 851845146
+ 825074 916245217 948745646
+ 422801 337151869 510071884
+ 360929 272893496 941355518
+ 53838 148453517 248246363
+ 791399 567880164 714657091
+ 959532 851845146 938705258
+ 5659 261896561 823686087
+ 519025 690 248246363
+ 983142 16414874 248246363
- 5659
+ 497654 41612328 916245217
+ 437216 812563328 922705409
+ 764134 49182 248246363
+ 839324 17164 41612328
+ 187802 24543 728026545
+ 939237 14341 728026545
+ 344652 248246363 823686087
+ 730155 849402311 910560731
+ 841080 50278 383260899
+ 255532 248246363 948607856
+ 990121 744769324 992901042
+ 165867 27481 248246363
+ 508639 35683 804665840
+ 160797 40859 851845146
+ 732706 248246363 972869012
+ 53278 910560731 994723256
+ 758819 337151869 812563328
+ 371149 1439 744769324
- 47531
- 48018
+ 674841 20208 47205697
+ 671597 22705 820419396
+ 606847 31323 744293392
+ 894450 413962369 924560168
+ 59057 744293392 989997810
+ 208378 837 497544886
+ 789765 510071884 938034397
- 48431
- 53278
- 53838
+ 706763 27895 851845146
- 59057
+ 300683 673931294 820419396
+ 178337 567880164 812563328
- 61782
+ 951264 14975 50500
+ 780808 413962369 930983504
+ 131135 6186 567880164
+ 302097 20232 744293392
+ 150752 130598690 851845146
+ 457511 16976 812563328
+ 924130 248246363 941753745
+ 12729 41612328 934762119
+ 577161 16414874 925358455
+ 39005 29708 50500
+ 558242 849402311 935504839
+ 945901 16414874 714657091
+ 307147 16414874 272893496
+ 895346 248246363 984724055
+ 266568 21125 820419396
+ 600825 47205697 130598690
+ 331488 45772 744293392
+ 2570 851845146 927781867
+ 736980 34727 413962369
+ 456517 337151869 933004735
+ 479181 910560731 951548614
+ 481042 567880164 962099823
+ 267600 383260899 958623719
- 2570
+ 485228 820419396 925721150
+ 993557 849402311 945753312
+ 660119 851845146 956489212
+ 308932 23651 413962369
+ 769193 248246363 851845146
+ 992189 50500 714657091
+ 328693 148453517 851845146
+ 870290 112730174 935909582
+ 9356 16414874 964911273
+ 797127 272893496 413962369
+ 935050 567880164 812563328
+ 751589 812563328 916860927
+ 506820 851845146 980500236
- 9356
+ 19489 567880164 981221692
+ 509509 823686087 959309839
+ 976877 44103 812563328
+ 289854 112730174 142500668
+ 253017 714657091 959530148
+ 239761 413962369 932220671
+ 754394 42801 823686087
+ 186656 22010 41612328
+ 731332 673931294 946410304
+ 436951 673931294 744769324
+ 719067 337151869 849402311
+ 386157 47205697 910560731
+ 414018 50500 510071884
+ 202511 510071884 744293392
+ 315071 41612328 130598690
+ 788703 4058 16414874
- 12729
+ 682019 17730 812563328
- 19489
+ 529709 36084 41612328
+ 155203 142500668 261896561
+ 841211 714657091 980140134
+ 603939 22451 820419396
+ 450193 272893496 956059986
+ 296769 41612328 934359266
+ 626385 39877 567880164
+ 421331 19709 510071884
+ 30560 744293392 978386075
- 30560
+ 19061 21115 820419396
+ 158093 714657091 851845146
+ 3727 337151869 851845146
+ 814778 142500668 567880164
- 3727
+ 148815 50500 148453517
+ 52281 49288 248246363
+ 524155 2715 744769324
+ 14129 148453517 962200592
+ 524119 383260899 916245217
+ 443361 383260899 933924119
+ 454426 272893496 510071884
+ 29705 37842 50500
+ 301122 714657091 957552647
+ 642741 4063 383260899
+ 817407 148453517 964491403
+ 312321 413962369 951011377
+ 426058 820419396 976313213
+ 175091 5160 142500668
+ 51876 851845146 916245217
+ 480367 2573 714657091
+ 89072 30492 728026545
+ 755317 272893496 994208761
+ 945250 383260899 998963739
+ 601048 744293392 968574061
+ 123775 130598690 987591766
- 14129
+ 159928 41625 261896561
- 19061
+ 594763 22448 804665840
+ 461331 337151869 744293392
+ 485681 142500668 942064547
- 29705
+ 412548 851845146 935751450
+ 514683 272893496 976184501
+ 806641 9361 744769324
+ 533647 812563328 932658709
+ 65390 37173 413962369
+ 41916 337151869 383260899
+ 569634 41612328 974929445
+ 873036 261896561 927593888
+ 784622 31484 804665840
+ 907157 16680 130598690
- 39005
+ 752664 916245217 973511285
+ 175353 112730174 804665840
+ 600969 261896561 744769324
+ 546892 9925 142500668
+ 460872 744293392 952632014
+ 885006 849402311 916782493
+ 476200 248246363 728026545
+ 228440 804665840 978423205
+ 182577 14579 148453517
+ 221232 112730174 261896561
+ 912177 510071884 939819675
+ 307208 47205697 673931294
+ 114868 248246363 849402311
- 41916
+ 752390 10687 567880164
+ 463294 261896561 910560731
- 51876
+ 365437 30240 337151869
+ 61258 413962369 946265995
+ 635477 383260899 988586979
+ 616053 17782 497544886
+ 689279 497544886 849402311
- 52281
+ 941653 50500 744769324
+ 790883 112730174 990511771
+ 542487 804665840 954246899
+ 149278 16414874 413962369
- 61258
+ 157105 28532 47205697
+ 749769 248246363 994332229
+ 152465 744293392 823686087
+ 776644 19592 248246363
+ 716906 849402311 963100040
+ 212453 497544886 916245217
+ 416856 16414874 849402311
+ 973832 272893496 966726938
+ 838186 47392 728026545
+ 15120 673931294 714657091
+ 140777 510071884 938744335
+ 185984 820419396 917129653
+ 794247 823686087 955224454
+ 304983 383260899 849402311
+ 808342 744769324 940446552
+ 907159 510071884 966845050
- 15120
- 65390
+ 442717 44720 112730174
+ 885149 112730174 922680650
+ 349256 823686087 932799849
+ 757854 337151869 916245217
+ 296791 851845146 945524141
+ 793624 35288 47205697
+ 523062 510071884 744769324
- 78632
+ 85493 714657091 994630761
+ 740126 148453517 272893496
+ 411609 41612328 961080954
+ 353432 2403 497544886
+ 348794 383260899 910560731
+ 23037 41612328 994572377
+ 261099 849402311 993372058
+ 639036 567880164 988756886
+ 674850 29298 849402311
- 23037
+ 48422 916245217 938179703
+ 72054 148453517 926066206
+ 192235 38507 272893496
- 48422
+ 310404 383260899 936785793
+ 884943 42818 47205697
+ 941247 823686087 927691192
+ 498815 48721 16414874
+ 864309 849402311 992692947
+ 896851 47205697 142500668
+ 932043 823686087 977051273
+ 102199 50083 744769324
+ 875082 510071884 851845146
- 72054
+ 527834 25323 567880164
+ 785360 48342 567880164
+ 943348 31315 337151869
+ 449965 812563328 928069264
+ 49927 130598690 938066073
+ 136808 41612328 820419396
+ 45639 33291 497544886
+ 783032 50500 337151869
+ 923816 50500 41612328
+ 449870 4556 142500668
+ 94134 823686087 916245217
+ 952259 497544886 849402311
+ 53004 47205697 932802971
+ 208078 46575 383260899
+ 803391 47205697 413962369
+ 189824 130598690 744769324
+ 495029 10512 567880164
+ 955965 11885 820419396
+ 696073 35341 50500
- 45639
+ 438298 16414874 261896561
+ 626071 510071884 851845146
+ 945415 43984 47205697
+ 799685 47113 50500
+ 875559 41612328 714657091
+ 52688 413962369 942433094
+ 935572 44794 714657091
+ 515601 14059 804665840
+ 744423 337151869 714657091
+ 24607 820419396 823686087
- 24607
+ 366592 49278 337151869
+ 276094 10442 16414874
+ 512317 50134 812563328
+ 108369 812563328 823686087
+ 146072 744293392 916245217
+ 746199 9955 50500
+ 706907 19491 910560731
- 49927
+ 855144 148453517 979934599
+ 16682 142500668 383260899
+ 284784 16463 820419396
+ 49431 48526 383260899
- 16682
- 49431
+ 572791 47205697 272893496
+ 682177 823686087 993733262
+ 193120 130598690 916390961
+ 611432 261896561 823686087
+ 748540 497544886 916245217
+ 444410 41612328 984189109
+ 500650 812563328 851845146
+ 442192 34481 567880164
+ 260906 50500 41612328
+ 479358 272893496 823686087
- 52688
+ 373155 7375 148453517
+ 842296 41612328 47205697
+ 427904 383260899 820419396
+ 242115 42421 497544886
+ 349561 849402311 945897229
+ 789288 48055 728026545
+ 915188 142500668 820419396
+ 679860 261896561 910560731
+ 918161 248246363 744769324
+ 378139 17681 497544886
+ 101711 112730174 567880164
+ 440752 413962369 941500279
+ 773635 15761 823686087
+ 684607 112730174 130598690
+ 592915 3258 851845146
+ 267319 33306 497544886
+ 178834 823686087 928396462
+ 122905 261896561 497544886
+ 241781 112730174 965006880
+ 967477 3400 50500
+ 637607 804665840 952908086
+ 710679 24829 567880164
+ 237751 130598690 919632786
+ 894129 23803 261896561
+ 433605 337151869 962557222
+ 459996 17145 112730174
- 53004
- 81250
+ 684809 851845146 972428318
+ 931631 272893496 744293392
+ 134589 272893496 812563328
+ 427205 112730174 413962369
+ 578984 337151869 969388140
+ 666669 728026545 744293392
+ 395814 42751 910560731
- 85493
+ 956772 11721 728026545
+ 330073 19667 272893496
+ 612007 812563328 995551689
+ 808731 34165 50500
+ 817330 22148 812563328
+ 102793 851845146 927350258
+ 368475 24068 337151869
+ 378910 812563328 988971306
+ 90338 21552 41612328
+ 798453 397 823686087
+ 470444 849402311 971716524
- 87470
+ 865261 18551 510071884
+ 353911 337151869 812563328
+ 700765 823686087 926392281
+ 240347 21477 820419396
+ 352871 41264 673931294
+ 884346 13812 337151869
+ 30021 28762 851845146
+ 571863 7566 413962369
+ 762885 510071884 920955630
+ 792548 16007 261896561
+ 265893 567880164 812563328
+ 54497 19362 41612328
+ 533261 20664 851845146
+ 455979 27718 849402311
+ 569445 823686087 910560731
+ 179275 47861 41612328
- 30021
+ 348383 130598690 567880164
+ 628294 47205697 921708191
+ 122935 17855 673931294
+ 266558 11829 567880164
+ 94375 823686087 938507517
+ 735919 744293392 851845146
+ 728384 916245217 984704633
+ 916869 142500668 714657091
+ 971907 34358 910560731
+ 113243 804665840 950183397
+ 653516 47205697 945117189
+ 905745 11414 673931294
+ 246671 744769324 969178443
+ 169500 11580 812563328
- 54497
+ 622527 40220 142500668
+ 723009 47205697 965371424
+ 247287 50500 820419396
- 89072
+ 335602 37884 383260899
+ 821807 337151869 413962369
- 90338
- 90726
+ 39761 35682 510071884
- 39761
+ 744685 812563328 919707877
+ 43345 24119 673931294
+ 426196 7597 673931294
+ 961846 130598690 744293392
+ 460935 142500668 849402311
+ 992223 36764 820419396
- 43345
+ 901517 47205697 383260899
+ 352584 804665840 967856111
+ 702811 728026545 851845146
+ 118732 16414874 957004302
+ 216065 413962369 932293233
+ 780022 916245217 920053685
+ 538621 851845146 964667132
- 94134
+ 737047 47205697 567880164
+ 220773 37744 673931294
+ 573382 383260899 976058961
+ 24199 744293392 944195685
+ 198205 823686087 979027487
+ 299254 130598690 812563328
+ 801169 142500668 910560731
+ 728713 46418 383260899
- 24199
+ 163785 510071884 728026545
+ 693549 248246363 413962369
+ 882896 41612328 970379440
+ 563839 41612328 804665840
+ 648255 910560731 955176294
+ 117492 142500668 923360979
+ 148213 823686087 969116447
- 94375
+ 482968 12726 272893496
+ 504770 41612328 497544886
+ 612558 17260 744769324
+ 246965 35212 112730174
+ 715487 248246363 714657091
+ 532124 272893496 996685363
+ 158731 41612328 849402311
+ 656595 261896561 337151869
+ 620366 41612328 261896561
+ 723885 383260899 990425573
+ 158531 142500668 930338125
+ 43471 47205697 812563328
+ 618533 820419396 983612255
+ 350827 916245217 996251776
+ 503261 112730174 261896561
+ 832748 130598690 337151869
+ 334337 272893496 997434493
+ 559604 383260899 916245217
+ 519507 49751 47205697
+ 5814 46760 337151869
+ 985174 112730174 337151869
+ 887459 44620 112730174
+ 366837 16628 714657091
+ 206490 910560731 959360153
- 5814
+ 224273 744293392 945754969
+ 696864 248246363 812563328
+ 186654 413962369 991481460
+ 489604 29122 413962369
+ 660757 567880164 929977555
+ 497082 12514 497544886
- 43471
+ 611545 37796 383260899
+ 779234 812563328 982260818
+ 306125 673931294 953978415
+ 782687 50500 728026545
+ 919215 916245217 951613506
- 97942
+ 274035 849402311 918154873
- 101711
+ 900370 261896561 510071884
+ 353253 413962369 978936567
- 102199
+ 888067 50500 812563328
+ 631687 41612328 947567499
+ 593573 29749 261896561
+ 250527 24829 820419396
+ 311120 47205697 673931294
+ 822091 41612328 148453517
+ 181161 41612328 927522285
- 102793
+ 581489 50500 849402311
+ 568286 337151869 714657091
- 104273
+ 466695 820419396 931115588
+ 533966 112730174 958257464
+ 48726 47205697 849402311
+ 484037 148453517 812563328
+ 971010 112730174 938538962
+ 903420 46435 849402311
+ 268851 7450 383260899
+ 972886 18993 497544886
+ 153584 45788 112730174
+ 894888 49658 148453517
+ 321927 728026545 927370370
+ 332204 19200 337151869
+ 690967 4788 142500668
+ 405395 337151869 567880164
+ 499933 24573 510071884
+ 130541 673931294 954983693
+ 176296 148453517 337151869
+ 780576 248246363 928093473
+ 506689 714657091 823686087
+ 680230 16414874 930461125
+ 412736 148453517 413962369
+ 24114 112730174 261896561
+ 784885 272893496 972277481
+ 74943 744769324 954598572
+ 411796 16414874 728026545
+ 440899 19689 261896561
+ 27893 50284 142500668
+ 878855 142500668 993666411
- 24114
+ 607116 41612328 728026545
- 27893
+ 530757 38862 910560731
+ 224774 383260899 978664022
- 48726
+ 152647 510071884 744769324
+ 308214 413962369 994604923
+ 662547 510071884 673931294
+ 722469 20378 823686087
+ 479851 728026545 820419396
+ 645296 112730174 714657091
+ 30901 148453517 964177688
+ 694527 9319 820419396
+ 558684 41612328 744769324
+ 662736 804665840 981316886
+ 395193 20727 744769324
+ 46417 37818 820419396
+ 141672 42712 744769324
+ 802347 148453517 941630679
+ 521450 272893496 998352437
- 30901
- 46417
+ 565774 248246363 337151869
+ 625023 261896561 948477075
- 74943
+ 390307 673931294 961177291
- 104497
+ 363977 413962369 975641451
+ 761814 11694 820419396
+ 256789 910560731 994364611
+ 274976 383260899 812563328
+ 834080 23137 130598690
+ 621929 5287 413962369
+ 850354 36561 673931294
+ 334472 112730174 922554574
+ 675529 337151869 985056153
+ 518688 673931294 952778494
+ 527522 130598690 673931294
+ 823746 497544886 804665840
+ 189651 337151869 849402311
+ 690376 337151869 728026545
+ 203104 148453517 728026545
+ 296151 34510 337151869
+ 731974 714657091 820419396
+ 170997 24255 497544886
+ 275917 41612328 812563328
+ 899306 11419 148453517
+ 193642 46510 130598690
+ 265783 3618 728026545
+ 587554 497544886 921667206
- 106075
- 108369
+ 336742 16414874 851845146
+ 920210 41154 744769324
+ 883459 31419 823686087
+ 671108 510071884 953048942
+ 482139 383260899 974715056
+ 373478 916245217 949961722
+ 217650 6068 728026545
+ 512330 248246363 823686087
+ 224206 32432 50500
+ 544987 46339 272893496
+ 188703 12112 804665840
- 109420
+ 893234 823686087 923654417
+ 768634 148453517 918251713
+ 651517 22846 744769324
+ 736225 851845146 928592729
+ 775634 31655 41612328
- 113243
+ 280495 272893496 744293392
- 114868
+ 381094 1706 130598690
+ 859842 1004 851845146
+ 582137 130598690 728026545
+ 326173 744293392 972977086
+ 176779 112730174 510071884
+ 943592 728026545 995857846
+ 898379 744293392 995306636
+ 211638 50500 16414874
- 115243
+ 585310 47205697 130598690
- 117342
+ 609115 130598690 383260899
+ 741582 37635 849402311
+ 343695 728026545 962511991
+ 969725 823686087 990386625
+ 399360 744293392 931748341
+ 7807 820419396 994974352
+ 128281 383260899 804665840
+ 860845 744769324 930930300
+ 885603 413962369 497544886
+ 101747 48730 112730174
+ 604694 130598690 148453517
+ 277393 337151869 946125422
- 7807
+ 398281 5690 112730174
+ 319265 820419396 910560731
+ 420435 142500668 728026545
+ 845052 148453517 929965922
- 101747
+ 947170 112730174 148453517
+ 319084 413962369 916245217
+ 470481 383260899 714657091
+ 518007 130598690 851845146
+ 128561 24921 47205697
- 117492
+ 908123 272893496 985666858
+ 884018 34957 744769324
+ 303343 261896561 979197531
- 118732
+ 909334 40372 851845146
+ 607681 2105 272893496
+ 670762 714657091 946792542
+ 929962 413962369 849402311
+ 950044 28293 849402311
+ 221364 383260899 957852835
+ 277649 272893496 728026545
+ 474407 849402311 929185567
+ 254607 804665840 935003218
+ 413175 744293392 851845146
- 119743
+ 489578 46725 112730174
+ 657301 142500668 991659168
+ 603414 851845146 916779408
+ 424757 383260899 567880164
+ 343845 383260899 820419396
+ 514889 910560731 922778443
+ 316115 820419396 849402311
+ 84016 43067 41612328
+ 360642 142500668 510071884
+ 736485 714657091 920746520
- 84016
+ 486901 39985 47205697
+ 967529 40706 728026545
- 120219
+ 449017 337151869 921303116
+ 776211 728026545 949625116
+ 557336 383260899 567880164
+ 174031 5553 112730174
- 120567
+ 491856 804665840 928344475
+ 647226 714657091 998168247
+ 897996 383260899 744769324
+ 172798 31701 337151869
+ 25851 130598690 148453517
+ 963073 820419396 910560731
+ 450953 10884 728026545
+ 465291 35759 130598690
+ 461872 728026545 940855509
+ 95120 4200 510071884
+ 553721 16414874 112730174
+ 10834 148453517 962846940
+ 752452 44775 497544886
+ 331832 744769324 849402311
+ 279067 40305 41612328
+ 865382 9745 567880164
+ 943587 38339 148453517
+ 735941 37346 47205697
+ 845649 41612328 942993936
+ 540972 728026545 937772856
+ 69647 851845146 999453675
+ 449173 44659 148453517
+ 730265 383260899 940329437
+ 781066 261896561 567880164
+ 480102 812563328 947668920
+ 503286 714657091 987274235
+ 276474 130598690 673931294
+ 313520 148453517 962629387
+ 832776 804665840 916245217
+ 914348 261896561 744293392
+ 293891 31390 130598690
+ 526579 43563 148453517
+ 396274 383260899 673931294
+ 646118 691 413962369
+ 244573 497544886 820419396
+ 359151 142500668 919070267
+ 762865 497544886 970329789
+ 907818 7768 112730174
- 10834
+ 718421 823686087 916245217
+ 81848 142500668 567880164
+ 858738 47205697 955395396
+ 515988 47205697 978162535
+ 570193 12774 849402311
+ 322628 112730174 916245217
+ 119700 413962369 497544886
+ 949933 49428 804665840
+ 558997 383260899 970386824
+ 299789 14409 248246363
- 25851
+ 432376 567880164 812563328
+ 104219 47205697 728026545
+ 578751 261896561 974828652
+ 849923 16414874 337151869
+ 901729 849402311 983273406
+ 285433 413962369 995004235
- 69647
+ 742074 744769324 916245217
- 81848
+ 515566 804665840 940513822
+ 339882 29165 714657091
+ 22028 7160 851845146
+ 964744 44995 261896561
+ 435978 47205697 982265432
- 22028
+ 559668 11519 50500
+ 63876 41612328 148453517
+ 384244 11102 812563328
+ 73633 673931294 937431161
+ 548528 3528 272893496
+ 723998 497544886 979232907
- 63876
+ 160968 9633 567880164
+ 253246 567880164 823686087
- 73633
+ 376674 40482 248246363
+ 695216 248246363 413962369
+ 626358 21073 50500
+ 932104 19971 804665840
+ 325196 910560731 938029892
+ 436798 148453517 919234287
+ 856337 22356 744293392
+ 551000 272893496 383260899
- 95120
+ 929570 910560731 924001264
+ 260503 812563328 985188868
- 104219
+ 846627 16414874 142500668
+ 91543 812563328 916380415
+ 950358 50500 148453517
+ 30722 823686087 922605212
+ 371685 36742 41612328
- 30722
+ 474330 510071884 922707689
+ 908803 510071884 714657091
+ 683596 41545 812563328
+ 789613 261896561 823686087
+ 987565 567880164 989293627
+ 21551 14904 50500
- 21551
- 91543
+ 20385 27769 744293392
+ 202524 673931294 910560731
+ 775668 7380 41612328
+ 125423 714657091 960350706
+ 994958 130598690 272893496
+ 38769 510071884 922126628
+ 105499 510071884 567880164
+ 306101 148453517 851845146
+ 512926 383260899 744293392
+ 502278 142500668 927701207
+ 612408 910560731 949389463
+ 197227 272893496 728026545
+ 319095 148453517 261896561
+ 470447 413962369 744293392
+ 166914 744293392 917122553
+ 148009 11362 714657091
+ 180240 261896561 954343981
+ 199247 337151869 994494937
+ 96999 4954 248246363
+ 692566 20717 849402311
+ 426312 50500 413962369
+ 946186 16414874 497544886
+ 934327 567880164 804665840
+ 3946 804665840 947728900
+ 666428 744769324 964069886
+ 140471 820419396 916756687
+ 342552 383260899 413962369
+ 453001 812563328 964224503
+ 334914 261896561 917319107
- 3946
+ 643086 21620 142500668
+ 337867 49222 41612328
+ 119703 812563328 916245217
- 20385
+ 265456 21513 383260899
+ 746243 916245217 952165043
+ 110746 8843 851845146
+ 245587 812563328 916245217
+ 168409 142500668 823686087
+ 996618 272893496 928982273
+ 488973 50500 497544886
+ 666738 28455 728026545
+ 616949 142500668 938313821
+ 374351 148453517 728026545
+ 71070 851845146 917230841
+ 92384 337151869 744293392
+ 254785 272893496 567880164
+ 624823 13861 804665840
+ 537798 47205697 931342872
+ 938071 47955 714657091
+ 925428 148453517 851845146
+ 782844 497544886 926274427
- 38769
+ 83217 413962369 997456447
+ 571692 820419396 960805811
+ 257230 112730174 851845146
+ 967064 744293392 994906749
+ 753533 142500668 673931294
+ 725182 804665840 953222800
+ 481384 744293392 978284298
+ 789965 851845146 949644455
+ 339698 510071884 961482789
+ 155806 18579 851845146
+ 169877 248246363 984816157
+ 933238 43475 851845146
+ 937498 744769324 916331814
- 71070
+ 589990 21577 497544886
+ 356631 29104 41612328
+ 577933 112730174 916245217
+ 933703 248246363 851845146
+ 345112 33828 413962369
+ 989338 22053 910560731
- 83217
+ 203375 272893496 812563328
+ 462590 41632 744293392
- 92384
+ 338797 130598690 142500668
+ 482054 45983 337151869
+ 355247 46779 744293392
+ 68417 112730174 980720398
+ 137767 41612328 130598690
+ 18225 148453517 820419396
+ 44230 41612328 849402311
+ 853992 3265 16414874
+ 610745 673931294 744769324
+ 77484 46288 804665840
+ 111087 272893496 337151869
+ 115165 34826 16414874
- 18225
+ 745568 261896561 272893496
+ 630406 820419396 992484398
+ 210758 383260899 567880164
+ 786646 39283 47205697
+ 159243 142500668 966607130
+ 360542 728026545 997053814
+ 143437 744769324 920188898
- 44230
+ 322204 728026545 919121391
+ 676378 16414874 986503667
+ 147463 916245217 919144352
+ 510112 383260899 497544886
+ 253798 248246363 944510847
+ 621897 41174 47205697
+ 645440 38886 744769324
- 68417
+ 371301 30974 130598690
+ 31320 337151869 851845146
+ 551242 261896561 714657091
+ 308251 823686087 993526588
+ 698707 714657091 910560731
+ 38539 413962369 963513713
+ 169418 112730174 142500668
+ 553980 45170 130598690
+ 181510 41612328 916245217
+ 767352 804665840 999823497
+ 381868 744293392 973279984
+ 482957 29891 851845146
+ 794332 823686087 972810769
+ 434114 47205697 130598690
+ 40445 510071884 946213173
+ 535963 112730174 978060453
+ 745714 148453517 849402311
+ 87663 849402311 941318938
+ 936883 673931294 993852699
+ 657881 38470 820419396
+ 253388 47950 823686087
+ 45005 16414874 958344068
- 31320
+ 478341 148453517 943407502
- 38539
+ 135343 20538 714657091
+ 154735 3690 148453517
+ 784108 823686087 954795912
+ 413495 18756 910560731
+ 300518 39599 130598690
+ 853892 812563328 963521862
- 40445
+ 129213 34496 820419396
+ 542354 744769324 991769617
+ 741674 50403 744769324
+ 42378 744293392 849402311
+ 589912 248246363 927565742
+ 74208 383260899 934712113
+ 441023 383260899 936650147
+ 74340 130598690 920000398
+ 358200 497544886 510071884
+ 989817 50500 812563328
+ 598224 41612328 910560731
+ 167924 820419396 916245217
+ 588098 45326 910560731
+ 996704 42132 851845146
+ 459611 32871 148453517
+ 562299 497544886 673931294
+ 303813 383260899 728026545
+ 215245 510071884 980134707
+ 363623 15949 148453517
+ 97826 272893496 958160126
+ 706467 337151869 937463222
+ 808151 413962369 744769324
+ 607376 1847 744769324
+ 215176 823686087 996332452
- 42378
+ 7448 248246363 272893496
+ 358829 130598690 497544886
+ 466508 337151869 510071884
+ 654360 6871 112730174
+ 308026 22829 820419396
+ 494161 34958 804665840
+ 213660 36588 812563328
+ 962073 849402311 921806885
+ 796811 33630 823686087
- 7448
+ 883177 16414874 567880164
+ 467042 383260899 949382624
+ 768109 130598690 261896561
+ 618352 744769324 970467724
+ 382021 510071884 971847420
+ 196142 47205697 926019126
+ 451718 510071884 851845146
+ 165600 46655 112730174
+ 23500 714657091 804665840
+ 171090 851845146 998053967
+ 653734 849402311 969517939
+ 65898 728026545 940394273
+ 479186 46598 510071884
+ 349431 130598690 950873360
+ 303667 804665840 919526620
+ 732661 823686087 994357219
+ 227008 851845146 916245217
+ 70966 16414874 823686087
- 23500
+ 141896 812563328 916245217
+ 492026 34163 849402311
+ 941157 567880164 992267902
+ 857284 910560731 947419938
+ 177642 14504 148453517
+ 841286 25202 272893496
+ 332696 13265 497544886
+ 350127 673931294 944970698
- 45005
- 65898
- 70966
+ 410671 510071884 567880164
+ 159289 337151869 935777826
+ 609187 48900 41612328
- 74208
+ 709774 10754 248246363
+ 392574 673931294 939744809
- 74340
+ 501945 33592 50500
+ 455266 820419396 975301851
+ 489771 47205697 991061645
+ 475303 7878 112730174
+ 831618 25468 812563328
+ 520259 38576 337151869
+ 641023 130598690 995750801
+ 866630 38716 337151869
+ 844039 142500668 728026545
+ 636044 37166 248246363
+ 552624 142500668 960556991
- 77484
+ 975139 510071884 728026545
+ 643017 48715 728026545
+ 899090 50500 16414874
+ 89639 6447 261896561
+ 386644 148453517 849402311
+ 673393 673931294 849402311
+ 435921 28023 47205697
+ 596893 41612328 744769324
- 87663
- 89639
+ 274087 337151869 823686087
+ 817956 30255 804665840
+ 614475 148453517 673931294
+ 864404 41612328 142500668
- 96999
+ 464083 510071884 968612283
+ 202926 8747 41612328
+ 556659 142500668 383260899
- 97826
+ 878180 673931294 820419396
+ 792141 50500 820419396
+ 507147 337151869 942024963
- 105499
+ 258212 2256 16414874
+ 255718 823686087 930625946
+ 928537 714657091 921749161
+ 759756 38502 261896561
+ 885162 112730174 714657091
+ 135912 13709 142500668
+ 604509 130598690 910560731
+ 125473 6130 910560731
+ 646003 248246363 714657091
+ 37319 50500 272893496
+ 676956 47205697 849402311
+ 255010 38929 820419396
+ 34500 41963 673931294
+ 274808 130598690 940651999
+ 94968 130598690 148453517
+ 238224 383260899 932125378
+ 985422 248246363 413962369
+ 454598 744769324 937489274
+ 908924 130598690 714657091
+ 50969 112730174 744769324
+ 887717 142500668 744769324
- 34500
+ 647751 41235 47205697
+ 546963 261896561 337151869
+ 678515 728026545 961712262
+ 130146 272893496 804665840
+ 137471 47205697 261896561
+ 507082 28881 851845146
+ 27336 383260899 990366183
+ 422181 851845146 965487763
+ 704107 34204 112730174
+ 895156 567880164 812563328
+ 49183 112730174 941588443
+ 771373 851845146 947394548
+ 413847 248246363 849402311
+ 805897 47205697 673931294
+ 432994 10872 714657091
- 27336
+ 832592 910560731 987740129
+ 663312 497544886 919500354
+ 844576 673931294 937248747
+ 922218 32301 820419396
+ 360353 39284 142500668
+ 991277 130598690 142500668
+ 869796 849402311 910560731
- 37319
+ 629258 112730174 567880164
- 49183
+ 460555 42520 16414874
+ 703904 812563328 916245217
- 50969
- 94968
+ 560007 16414874 728026545
+ 92806 510071884 812563328
+ 473988 9318 851845146
+ 132791 5915 112730174
+ 570204 714657091 933690360
+ 686147 19271 148453517
+ 473037 567880164 954545069
+ 47001 248246363 383260899
+ 978264 728026545 744293392
+ 751301 497544886 921595102
+ 646637 47205697 383260899
+ 285378 27417 50500
- 47001
+ 541336 728026545 999336798
+ 931081 49708 567880164
+ 757032 6999 41612328
+ 955010 16414874 812563328
+ 908462 510071884 849402311
+ 770926 45158 261896561
+ 217104 413962369 510071884
+ 837014 130598690 497544886
+ 794137 29971 41612328
- 92806
+ 513173 248246363 972011504
+ 893627 47205697 714657091
+ 506845 142500668 935492628
+ 52113 27567 820419396
+ 14827 673931294 987274010
+ 991991 910560731 986356491
+ 728171 112730174 261896561
+ 363723 714657091 849402311
+ 73285 11492 510071884
- 14827
+ 425539 44727 50500
- 52113
+ 156739 744293392 944056597
+ 933036 567880164 910560731
+ 3903 337151869 851845146
+ 802176 34724 567880164
+ 45580 15691 714657091
+ 983793 26444 50500
+ 568501 16414874 148453517
+ 641787 567880164 714657091
+ 485174 383260899 812563328
+ 348628 112730174 728026545
+ 216381 567880164 916422501
+ 723865 820419396 969161080
+ 482302 714657091 958115851
+ 305347 47205697 942469227
+ 167429 3108 673931294
+ 445127 112730174 148453517
+ 273996 673931294 988312104
+ 930857 44753 804665840
+ 976778 744293392 985802392
+ 366483 673931294 823686087
+ 749401 130598690 970388293
- 3903
+ 861927 11087 50500
+ 188896 248246363 849402311
+ 985037 3380 728026545
+ 659124 112730174 673931294
+ 94432 383260899 929587913
+ 143994 50500 272893496
+ 186927 35142 497544886
- 45580
- 73285
+ 840417 5111 50500
- 94432
+ 801465 12537 47205697
+ 379979 673931294 927124484
+ 112448 36921 261896561
+ 762133 142500668 673931294
+ 843864 3809 497544886
- 110746
+ 616576 413962369 984837666
+ 917818 3555 510071884
+ 218641 4473 910560731
- 111087
- 112448
+ 763370 6738 744769324
+ 20198 24436 851845146
+ 887248 15955 50500
+ 459848 142500668 942710155
+ 405026 29474 148453517
+ 242746 910560731 925448771
+ 358358 142500668 910560731
+ 149510 37448 714657091
- 20198
+ 524680 41612328 804665840
+ 989848 910560731 918116432
+ 58226 812563328 849402311
+ 54835 41612328 272893496
+ 769364 35316 16414874
+ 363343 142500668 851845146
+ 369087 812563328 960675310
+ 573526 510071884 978451934
- 54835
+ 78986 7879 272893496
+ 937881 510071884 951767565
+ 307198 261896561 849402311
+ 999837 130598690 812563328
+ 481454 31900 16414874
- 58226
+ 431174 744769324 916643709
+ 345259 728026545 970475490
+ 263247 567880164 985974193
+ 295520 497544886 916245217
+ 674475 744293392 929843124
+ 585014 383260899 930376635
+ 893724 673931294 928971244
+ 170983 383260899 820419396
+ 265244 9386 851845146
+ 926008 261896561 950000064
+ 436831 383260899 510071884
+ 142976 16414874 985248740
- 78986
+ 326279 49647 47205697
+ 36167 383260899 916245217
+ 354237 42376 851845146
+ 933474 261896561 383260899
+ 38152 272893496 744293392
- 36167
+ 467522 497544886 938888922
+ 313327 47205697 916311779
+ 957754 130598690 960263906
+ 970006 16414874 41612328
+ 378569 16414874 934174237
+ 660811 910560731 953961587
+ 531934 46173 812563328
+ 649473 413962369 804665840
- 38152
- 115165
+ 950493 744293392 849402311
+ 152293 112730174 728026545
+ 269000 12166 510071884
+ 109588 41612328 942933354
+ 569308 22554 248246363
+ 538554 16414874 248246363
+ 108186 851845146 933511431
+ 178248 272893496 925392247
+ 318836 130598690 958825269
+ 416008 47205697 910560731
+ 801925 47205697 744769324
- 108186
+ 371177 510071884 945424114
+ 127679 11727 849402311
+ 603374 50500 142500668
+ 322573 15064 728026545
+ 184588 261896561 981626567
+ 66479 497544886 943664669
+ 836012 47205697 820419396
+ 433544 3586 413962369
+ 764327 47205697 991144433
+ 93531 33060 248246363
+ 853081 142500668 510071884
+ 670056 130598690 950106340
+ 957966 42924 851845146
- 66479
+ 554700 16414874 851845146
+ 543747 25128 142500668
+ 349375 744293392 820419396
+ 757744 38787 248246363
+ 906197 383260899 567880164
+ 414416 383260899 823686087
+ 509342 261896561 968196749
+ 173265 413962369 925497909
+ 239031 16414874 130598690
+ 991073 714657091 919055731
+ 864820 50218 849402311
+ 801150 16919 820419396
- 93531
+ 513104 413962369 851845146
+ 14121 820419396 922019208
+ 194556 337151869 744769324
+ 325979 673931294 981719021
+ 30516 7670 337151869
+ 176768 624 851845146
+ 446122 20973 849402311
+ 589442 248246363 261896561
+ 90118 28458 497544886
+ 309612 272893496 919052166
+ 932029 744769324 851845146
+ 591845 20187 413962369
+ 138257 248246363 744769324
+ 733191 4985 910560731
+ 218166 28262 510071884
+ 496598 16414874 744769324
- 14121
+ 612936 849402311 933024904
+ 419180 383260899 744769324
+ 977257 33105 812563328
+ 767441 337151869 934052618
+ 965822 30966 820419396
+ 157205 48703 673931294
- 30516
+ 623387 413962369 961495939
+ 256997 24138 41612328
+ 816728 413962369 935265272
+ 907715 12624 47205697
+ 678943 8028 910560731
+ 677106 510071884 567880164
+ 787536 16414874 148453517
- 90118
+ 114475 383260899 987376570
+ 350419 47542 261896561
+ 484469 41612328 851845146
+ 489024 16414874 971473479
+ 303319 19464 744293392
- 109588
+ 327330 148453517 959429522
+ 588647 497544886 968585441
+ 924385 45630 673931294
+ 895150 148453517 941137116
+ 788183 25852 728026545
+ 817241 804665840 935404065
+ 839140 39977 728026545
+ 108699 130598690 337151869
+ 614694 44050 47205697
+ 751005 820419396 943418846
+ 663450 130598690 934676620
- 108699
+ 574010 849402311 928042098
- 114475
+ 864174 45296 41612328
+ 861376 41612328 949564315
+ 971470 37911 728026545
+ 296225 497544886 975072691
+ 499595 21381 510071884
+ 116748 812563328 917580967
+ 150643 744769324 966599185
+ 622091 142500668 820419396
+ 565907 47499 820419396
+ 180984 261896561 987452840
+ 70872 130598690 383260899
- 70872
+ 686564 413962369 673931294
+ 629016 337151869 823686087
+ 995258 50500 130598690
+ 540635 37516 16414874
+ 849766 19776 248246363
+ 949923 41612328 919150837
+ 83825 413962369 510071884
+ 814667 36398 510071884
+ 51035 16414874 916245217
+ 675862 6543 413962369
- 51035
+ 539741 804665840 957629564
+ 816658 510071884 996819244
+ 675963 248246363 804665840
- 83825
- 116748
+ 927275 130598690 714657091
+ 169380 31453 744293392
+ 683538 41612328 969532616
+ 626542 567880164 931947813
+ 847976 567880164 971901058
+ 998126 148453517 728026545
+ 424006 34898 50500
+ 710274 12214 851845146
+ 887092 383260899 413962369
+ 492169 261896561 804665840
+ 35007 851845146 936773679
+ 341876 16414874 950874004
+ 467495 337151869 714657091
+ 78057 38655 744769324
+ 432532 112730174 943960258
+ 573280 17927 112730174
+ 971060 47205697 812563328
+ 840458 413962369 964382822
+ 481706 497544886 991716272
+ 162227 42247 823686087
+ 75644 7924 851845146
+ 364 50500 714657091
+ 776673 47205697 673931294
+ 57118 130598690 961520685
+ 512898 41612328 413962369
+ 594647 34619 261896561
+ 175576 673931294 933752840
+ 597500 27041 142500668
+ 557026 43487 744769324
+ 477924 47596 383260899
+ 227548 812563328 966683520
+ 839042 39624 510071884
+ 562190 47205697 148453517
+ 159234 41612328 849402311
+ 475785 10644 130598690
+ 619192 9022 248246363
+ 684957 744769324 990312295
+ 414615 46945 497544886
+ 828024 744769324 812563328
+ 6325 510071884 673931294
+ 356020 728026545 989559810
+ 149265 32330 261896561
+ 206448 24995 728026545
+ 642147 567880164 673931294
+ 216331 26489 337151869
+ 937238 851845146 989706645
- 364
+ 929527 26050 510071884
+ 622360 261896561 851845146
+ 925448 567880164 849402311
+ 788118 50500 673931294
+ 275172 849402311 982352517
+ 732078 32041 744769324
+ 311361 142500668 973100275
+ 292183 112730174 497544886
+ 770157 2221 823686087
+ 905189 248246363 510071884
+ 580294 714657091 910560731
+ 170355 510071884 744293392
- 6325
+ 158890 673931294 728026545
+ 519266 15955 497544886
+ 874787 130598690 337151869
+ 707492 804665840 823686087
+ 461466 17095 142500668
+ 683866 673931294 812563328
+ 854545 248246363 957659342
+ 119293 17925 383260899
+ 16111 714657091 963237704
+ 843917 112730174 849402311
+ 582326 18427 744293392
+ 847332 272893496 984163852
+ 136440 261896561 933910189
+ 828515 30522 714657091
+ 512170 35357 148453517
- 16111
+ 549416 337151869 497544886
+ 962170 25676 714657091
+ 12124 2376 744293392
+ 514594 916245217 941915867
+ 716921 14159 47205697
- 12124
+ 583706 812563328 999167266
+ 125106 17724 16414874
+ 619656 851845146 939417131
+ 581104 24363 714657091
+ 175447 849402311 966675810
+ 768033 130598690 812563328
+ 318043 41612328 940769303
+ 780087 413962369 998597226
+ 273537 18887 849402311
+ 221752 148453517 932356569
+ 149659 804665840 812563328
+ 102588 567880164 804665840
+ 730279 45301 820419396
- 35007
+ 382906 47205697 820419396
+ 611723 148453517 849402311
+ 713216 36854 261896561
- 57118
+ 119744 510071884 993619078
+ 98263 19820 337151869
+ 116055 744293392 977486620
+ 96367 46887 851845146
+ 723317 714657091 744293392
+ 501438 142500668 497544886
+ 645886 413962369 964441317
+ 119851 820419396 981943544
+ 935883 804665840 969284319
+ 310941 728026545 916245217
+ 728274 142500668 946667635
+ 509518 34336 804665840
+ 905535 142500668 248246363
+ 680117 673931294 970735179
+ 584383 47205697 714657091
+ 21824 261896561 965360964
+ 804560 11570 16414874
+ 800523 16414874 985589520
+ 244399 744769324 922476794
+ 659932 820419396 977966867
+ 566259 47437 41612328
+ 795734 849402311 930641104
+ 250673 130598690 812563328
+ 124761 47075 337151869
+ 474096 32130 510071884
+ 667603 148453517 804665840
+ 357533 673931294 804665840
+ 643160 916245217 973093104
+ 70620 497544886 922922841
+ 207715 728026545 938186119
+ 826963 42202 47205697
+ 175284 16414874 272893496
+ 687500 130598690 812563328
+ 415816 16943 744769324
- 21824
+ 603123 26345 744769324
+ 33273 45156 849402311
+ 190043 112730174 928560778
- 33273
+ 927042 567880164 673931294
+ 150438 383260899 510071884
+ 627651 142500668 916245217
+ 471327 41715 41612328
+ 113047 804665840 987349823
+ 888940 728026545 952726662
+ 533417 248246363 804665840
+ 198694 26961 910560731
+ 153276 142500668 944842363
+ 560564 6834 823686087
+ 100978 37385 849402311
+ 100390 567880164 673931294
+ 282913 413962369 673931294
+ 221779 567880164 942641943
+ 720240 248246363 935419936
- 70620
+ 991430 383260899 982532292
+ 391068 26364 510071884
+ 887294 15060 383260899
+ 402137 112730174 921230919
+ 367667 567880164 804665840
+ 684503 272893496 567880164
+ 729366 8543 510071884
+ 700834 130598690 823686087
+ 639446 46209 142500668
+ 985894 112730174 951408600
+ 380366 261896561 413962369
+ 58755 4613 148453517
+ 864682 744769324 985823704
+ 754829 5616 130598690
+ 908196 823686087 918179497
+ 158408 497544886 987309805
+ 696835 50500 849402311
+ 936762 8642 142500668
+ 325402 40661 714657091
+ 525175 112730174 130598690
+ 429313 142500668 947128909
+ 118423 41612328 673931294
- 58755
+ 988078 22113 823686087
+ 968019 673931294 714657091
+ 183423 16414874 142500668
+ 290791 16414874 812563328
+ 611037 248246363 804665840
+ 601718 337151869 744293392
+ 452776 130598690 744769324
+ 447671 49361 714657091
+ 118057 567880164 952194000
+ 179000 47005 673931294
+ 457033 142500668 261896561
+ 502774 148453517 916245217
+ 774811 42153 714657091
+ 410354 148453517 990703387
+ 402290 41612328 804665840
+ 934848 47205697 988430849
+ 832723 49143 413962369
- 75644
+ 991095 510071884 917584094
+ 282547 820419396 823686087
+ 718326 40006 413962369
+ 136082 728026545 996334951
+ 366072 11455 714657091
+ 306283 148453517 851845146
+ 627283 18240 413962369
+ 199019 248246363 961020795
+ 642409 744769324 823686087
+ 68569 148453517 413962369
+ 893740 142500668 510071884
+ 805759 50500 714657091
+ 727782 37628 728026545
+ 239168 112730174 918656516
+ 768324 510071884 673931294
+ 521523 744769324 998347505
+ 673717 32566 413962369
+ 335556 744769324 919049414
+ 24306 11751 130598690
- 24306
- 68569
- 78057
+ 898420 383260899 998265625
+ 881924 248246363 948675871
+ 290680 23743 910560731
+ 526683 383260899 744293392
+ 605593 804665840 981947911
+ 483377 47205697 130598690
+ 642795 112730174 248246363
+ 38244 130598690 934650709
+ 198008 910560731 970628058
+ 174155 148453517 976979852
+ 447020 728026545 910560731
+ 850476 142500668 497544886
- 38244
+ 378614 849402311 916245217
+ 139649 12300 910560731
+ 828280 714657091 973202921
+ 265912 112730174 960522758
+ 456901 337151869 823686087
- 96367
+ 704540 812563328 990966171
+ 617197 744293392 976195300
+ 620269 40662 744293392
+ 401630 510071884 977571164
+ 681713 744769324 910560731
+ 476935 16414874 916245217
+ 923512 44043 910560731
+ 601259 823686087 951410129
