2326156 997366010
2000
+ 252152 997366010 998437565
+ 570618 580274741 792295725
+ 117874 489516 861689101
- 117874
+ 339946 154117929 432340045
+ 632479 798790668 997668232
+ 32388 401669513 998535847
- 32388
- 252152
- 339946
+ 719968 983923846 998524760
+ 650228 1359246 541314163
+ 795377 596256709 997764221
- 570618
+ 966329 801486737 997874882
- 632479
- 650228
- 719968
+ 883121 1773638 61459569
+ 300076 716636085 999441040
+ 643931 250447 801486737
+ 684975 90641 664042175
+ 870495 996587441 998125536
+ 459472 348927853 999027549
- 300076
- 459472
+ 910753 2300610 213410250
+ 335726 2014176 552686661
+ 18225 388794309 475716009
+ 785251 97081192 997675825
+ 327931 89179050 586703239
+ 913729 26853285 136830039
+ 658435 184941168 861689101
- 18225
+ 187462 541314163 552686661
+ 554669 411927760 509804054
+ 348468 385250930 983923846
+ 346922 531898 432340045
+ 522437 1588086 666362221
- 187462
- 327931
+ 447516 509804054 996587441
- 335726
- 346922
+ 907457 761915806 801486737
- 348468
+ 279401 352642959 999968780
+ 541725 258935184 401669513
- 279401
- 447516
+ 712107 89392702 460351988
+ 964394 123769 13185901
- 522437
+ 63285 417451 649579749
+ 81465 620575394 997379095
+ 255588 552686661 998278113
+ 585216 191658 400149948
- 63285
+ 903814 181513983 723370550
- 81465
+ 897405 2021963 912486058
+ 336490 244866665 998573678
+ 823123 1015962 607229656
+ 567669 73098426 922674292
+ 786811 29149755 575546546
+ 423044 170169424 999087131
+ 17577 2086764 244866665
+ 978125 666362221 997913238
+ 712127 73308 579058119
- 17577
- 255588
- 336490
- 423044
+ 804299 66757373 801486737
+ 28037 11751972 344403361
- 28037
+ 870820 580274741 740173846
- 541725
+ 894944 66757373 359782644
- 554669
+ 749890 344403361 798790668
+ 204099 2119591 252759392
- 204099
+ 673412 89179050 998663523
+ 195982 716636085 999501253
+ 692529 304068 352642959
- 195982
+ 466647 798790668 876713859
- 466647
+ 65945 198670341 401669513
+ 859183 777561947 998434103
+ 736979 1861876 188771867
+ 260449 388794309 999357224
+ 982418 186934519 740173846
+ 223877 801486737 940998304
- 65945
+ 252889 326536298 998727129
- 223877
+ 73921 242216282 723370550
- 73921
+ 259889 1157601 664042175
- 252889
+ 447183 596256709 997991837
+ 206146 756680939 974697933
+ 939202 372888325 997440269
+ 75222 258935184 998644276
- 75222
+ 663708 753104537 999220800
+ 754430 1149389 162490936
- 206146
- 259889
+ 982490 1134547 181513983
+ 792717 29149755 326536298
- 260449
+ 498841 425994865 998367530
- 447183
- 498841
+ 656869 13185901 723370550
+ 271858 388794309 997595636
+ 932769 964776 274960364
+ 962332 388794309 740173846
+ 860442 580274741 999157613
- 271858
- 567669
- 585216
+ 531561 248201834 753104537
+ 599732 644212 649579749
+ 691055 2046596 867272912
+ 239601 867272912 998064353
+ 514945 258935184 664042175
+ 675084 592857103 922674292
+ 848697 674713205 999444050
- 239601
+ 307616 963154 912486058
+ 549773 1951528 411927760
+ 836006 1446163 401669513
- 307616
+ 522162 820245296 999206164
- 514945
+ 287780 592857103 831540507
+ 449447 25996540 660090762
+ 828405 912486058 997378084
- 287780
- 449447
- 522162
- 531561
- 549773
+ 233436 580274741 649579749
+ 751390 896358109 998070530
- 233436
- 599732
+ 855359 753104537 998942053
+ 51231 352642959 552686661
+ 561342 2013488 912486058
+ 60350 1181238 580274741
+ 149263 207722945 997543676
- 51231
+ 473279 617613016 997988398
- 60350
- 149263
+ 316248 207722945 350965062
+ 586392 831540507 999776280
- 316248
- 473279
- 561342
+ 559963 110661923 596256709
+ 554835 1379099 983923846
- 554835
+ 708059 896358109 999136910
+ 847182 211223897 649579749
- 559963
+ 953719 25996540 110661923
- 586392
+ 886028 695768282 896358109
+ 759613 248201834 997894616
+ 618715 660090762 896358109
- 618715
- 643931
+ 713195 2218807 792295725
+ 719461 1075491 213410250
- 656869
+ 789304 740173846 998287304
+ 461698 54248747 475716009
+ 172194 385250930 998591473
+ 533189 341012 695768282
- 172194
+ 170711 579058119 872649389
+ 384347 92705537 662275275
- 170711
- 384347
+ 346173 552686661 998327482
+ 484357 252759392 999475140
- 346173
- 461698
+ 586837 2322881 555690530
+ 826750 238497269 996587441
+ 896688 425994865 999750475
+ 665274 170169424 592857103
+ 771269 69313555 997366010
+ 458345 295236656 997508145
+ 969781 861689101 997698934
+ 866600 1546740 348927853
- 458345
+ 965394 1941365 991031102
+ 888781 1039019 584957572
+ 495921 820245296 997598668
+ 28918 186934519 580274741
- 28918
+ 333953 61459569 609747579
- 333953
- 484357
- 495921
+ 831854 820245296 996587441
- 533189
+ 481142 407005568 761915806
+ 565685 320834 609747579
+ 771237 409731588 997580029
+ 394521 612014 29149755
+ 860452 861689101 998797640
- 394521
+ 683555 284885 922674292
- 481142
+ 996690 184941168 212965246
+ 716616 393637 660090762
- 565685
+ 222753 25838 876713859
- 222753
+ 966531 295236656 326536298
+ 398708 154117929 997894822
+ 539407 175559 110661923
+ 870669 66757373 338824511
+ 502654 1043157 731614474
+ 795545 586703239 996587441
+ 470679 89392702 998630056
+ 291079 385250930 922662577
- 291079
+ 317772 377146086 998164075
+ 129319 215210 555690530
+ 86945 660090762 666362221
+ 810579 25996540 513213755
+ 608577 983923846 999907384
+ 617520 617613016 740173846
- 86945
- 129319
+ 496856 217488921 999438894
- 317772
+ 98217 1331334 940998304
+ 574110 389284 477324466
+ 458959 2202793 11751972
+ 961353 97081192 723370550
- 98217
+ 582582 589548562 991031102
+ 315779 589548562 998188164
+ 587637 407005568 998044231
+ 538130 88781510 999640094
+ 22441 584980307 998634985
- 22441
+ 414607 421429077 876713859
- 315779
+ 153177 88781510 940998304
+ 214142 198670341 729268646
+ 359751 198670341 997519184
+ 71713 432340045 607229656
- 71713
+ 517928 258935184 756680939
+ 224268 590859514 997484800
+ 284126 456980 25996540
+ 954366 660090762 999310822
+ 127782 266108 872649389
- 127782
+ 866133 1466065 338824511
+ 489452 91572891 997635580
- 153177
+ 368670 881591 395831230
- 214142
+ 980147 89392702 998145563
+ 335914 47478806 69313555
+ 816101 481069 11751972
+ 736920 1070891 244866665
- 224268
+ 251924 385250930 586703239
- 251924
+ 640539 13185901 609747579
- 284126
+ 525179 211223897 997393041
+ 330884 244866665 998385159
- 330884
+ 699046 801486737 999282402
+ 393155 801486737 997774885
+ 788831 820245296 998580628
- 335914
+ 155668 477324466 999034660
+ 682335 91572891 388794309
+ 163885 46689843 999245071
+ 452272 207722945 998148087
+ 55754 252759392 998612205
- 55754
+ 974446 723370550 999954016
+ 963454 628122255 997609050
+ 206291 626617465 999531006
- 155668
+ 305621 996587441 999781335
+ 981461 742395 97081192
- 163885
+ 899292 88781510 217488921
- 206291
+ 533653 336872987 998414781
- 305621
+ 588215 54644674 998808710
- 359751
+ 173796 1237506 401669513
+ 8288 2312963 61459569
+ 585847 54248747 509804054
- 8288
+ 108592 1061778 51671837
+ 268720 258935184 563763308
- 108592
+ 255147 425994865 940998304
+ 53005 590859514 626617465
- 53005
+ 704734 88781510 792295725
+ 217472 1812504 620575394
+ 711617 609747579 999588170
+ 788759 400149948 997928711
+ 41345 731614474 997445893
+ 273109 1487241 896358109
+ 375350 25996540 617613016
- 41345
+ 284346 1363802 186934519
+ 73581 47478806 998345788
- 73581
- 173796
+ 316369 29149755 997410869
+ 203313 47478806 996587441
+ 629275 401669513 998750124
+ 733815 2310314 104461173
+ 867426 1436575 400149948
+ 611960 997366010 998230162
- 203313
+ 327240 831540507 999630446
+ 748595 299738 756680939
- 217472
- 255147
- 268720
+ 818860 211223897 998602416
+ 181960 110661923 509804054
+ 473394 26853285 54644674
+ 426997 753104537 998438238
- 181960
+ 142308 2256479 541314163
+ 187173 460351988 999680970
+ 840925 407005568 831540507
+ 882071 1392847 89179050
+ 868992 475716009 999250772
+ 896782 1952749 25996540
+ 63241 860585 213410250
+ 851998 590859514 998239005
+ 553816 563763308 662275275
+ 453302 107584949 997618848
+ 327262 596256709 998703560
- 63241
+ 150614 51671837 359782644
- 142308
+ 417426 609747579 756680939
+ 222445 997366010 999735095
+ 333654 372888325 411927760
+ 28803 541314163 991031102
+ 63198 2177403 592857103
- 28803
- 63198
+ 624629 136830039 609747579
- 150614
- 187173
- 222445
- 273109
+ 676967 89392702 997444398
+ 285753 1149733 876713859
+ 52954 575546546 998725118
+ 16005 2326156 555690530
- 16005
+ 260203 2323086 150820865
+ 490981 377146086 432340045
- 52954
- 260203
+ 369919 1637853 252759392
- 284346
- 285753
+ 577201 150421 922662577
+ 755120 1244852 940998304
+ 742281 2085234 242216282
+ 555340 361825 238497269
+ 73346 978171 575546546
- 73346
+ 323107 211223897 326536298
+ 81199 784332 61459569
+ 417668 388794309 820245296
+ 740291 584957572 998678917
+ 255300 407005568 999740436
- 81199
+ 605153 820245296 998166333
+ 21806 753104537 998773141
+ 310649 806266 89179050
- 21806
+ 191277 186934519 997915687
+ 336211 272644 922674292
+ 810482 1273666 248201834
+ 766826 407696 563763308
- 191277
- 255300
+ 989781 244866665 876713859
+ 383128 104461173 584957572
+ 755158 723370550 867272912
- 310649
- 316369
+ 239776 555690530 974697933
+ 373046 104461173 731614474
+ 555938 601197 91572891
+ 662683 798790668 998240015
- 239776
+ 36312 626617465 998946525
- 36312
+ 555800 352642959 999196891
- 323107
+ 631070 1787474 372888325
+ 6209 2281438 753104537
+ 281657 54248747 580274741
+ 859851 25996540 411927760
+ 576425 872649389 997477429
- 6209
+ 276917 89179050 411927760
+ 950563 91572891 248201834
+ 453931 26853285 999191145
+ 119607 892963 89179050
+ 525512 552686661 999315746
- 119607
+ 689953 170169424 580274741
- 276917
+ 899317 13185901 66757373
+ 270844 161213 662275275
+ 814515 2297358 660090762
- 270844
- 281657
+ 497722 2053983 991031102
+ 49858 54644674 997641270
+ 951095 522192 753104537
- 49858
- 327240
+ 188173 562893 326536298
- 188173
- 327262
- 333654
- 336211
+ 194507 896358109 998923895
- 194507
- 368670
- 369919
- 373046
- 375350
+ 407638 1072501 252759392
+ 35621 2301607 649579749
+ 615964 723370550 983923846
+ 83950 996587441 997558920
+ 338937 186934519 513213755
+ 230611 592857103 801486737
- 35621
- 83950
+ 755822 248201834 666362221
+ 118458 970127 695768282
- 118458
+ 767458 154117929 586703239
+ 183250 180592 29149755
+ 28286 1809854 421429077
+ 785848 73098426 998170921
- 28286
+ 73011 867272912 999476481
- 73011
- 183250
- 230611
+ 294618 435225 723370550
+ 3374 73098426 999527978
+ 576737 25996540 563763308
+ 780648 359782644 998486247
- 3374
+ 637710 242216282 590859514
+ 458152 1381714 626617465
+ 365689 1622902 47478806
+ 81894 2022826 896358109
+ 146447 352642959 999527037
- 81894
+ 869050 1132296 212965246
+ 828946 220435 54644674
+ 354777 181513983 212965246
- 146447
- 294618
+ 594472 682854 89392702
+ 612484 186934519 248201834
- 338937
- 354777
- 365689
+ 747972 188771867 596256709
+ 553310 11751972 475716009
+ 998405 586703239 983923846
+ 68161 91572891 997791599
- 68161
+ 758550 217488921 997366010
+ 541035 1848797 513213755
+ 240788 1031466 991031102
+ 125979 460847 295236656
+ 219913 136830039 983923846
- 125979
+ 62397 89179050 213410250
+ 515915 344403361 876713859
- 62397
- 219913
+ 654277 1951497 580274741
- 240788
- 383128
+ 822501 1770900 385250930
+ 812267 677406853 997392620
+ 849838 563763308 922674292
+ 60234 162490936 400149948
- 60234
+ 827797 161309523 997366010
+ 372811 974697933 998947905
+ 172085 205861956 999610886
+ 191992 912486058 999832760
+ 888449 212945 731614474
- 172085
- 191992
+ 726661 175553 541314163
- 372811
- 393155
+ 955169 820245296 998842052
+ 926927 1019601 541314163
- 398708
- 407638
- 414607
+ 425767 584957572 867272912
+ 418841 81399 242216282
+ 592629 186934519 295236656
+ 546660 394130 2326156
- 417426
+ 601560 74390 181513983
- 417668
- 418841
- 425767
- 426997
- 452272
- 453302
+ 459451 559506 88781510
+ 306421 940998304 999512328
+ 101832 61459569 998836769
+ 714259 162490936 991031102
+ 523395 205861956 999940845
+ 651939 2234683 295236656
+ 538773 1871668 945399027
- 101832
+ 741688 258935184 999750191
+ 350692 54644674 999240103
+ 538526 596256709 792295725
+ 952223 1298026 626617465
- 306421
- 350692
- 453931
+ 332970 510181 729268646
+ 994114 54248747 244866665
+ 554012 372888325 999494450
+ 480817 1998425 592857103
+ 151789 286262 213410250
+ 162362 867272912 998890430
+ 128607 359782644 432340045
+ 781331 1835281 184941168
+ 54807 205861956 998838853
+ 369529 590859514 609747579
+ 75252 475716009 477324466
- 54807
+ 933211 662275275 991031102
+ 948603 1402993 761915806
+ 194896 91572891 211223897
- 75252
+ 16696 1115967 188771867
+ 740285 135070 596256709
+ 56622 707208 61459569
+ 100279 233755 831540507
- 16696
+ 658375 207722945 998262961
+ 146928 69313555 998613213
- 56622
+ 945354 344403361 867272912
- 100279
+ 699814 336872987 999119276
+ 394931 620575394 999742617
- 128607
- 146928
- 151789
- 162362
- 194896
+ 870234 2224936 338824511
+ 217968 338824511 677406853
+ 279481 110661923 552686661
+ 881340 580274741 999229297
+ 965976 1466581 628122255
+ 889818 252759392 998332432
- 217968
+ 207010 54248747 541314163
+ 904711 238497269 997602424
+ 413338 104461173 401669513
+ 645713 215454 589548562
+ 843533 344403361 998854648
+ 105570 238074 666362221
+ 758384 620575394 628122255
- 105570
+ 598252 411927760 999117088
+ 76814 640382 207722945
+ 922778 409731588 997644475
+ 796000 541314163 731614474
+ 979333 756615 92705537
- 76814
+ 218623 1296758 756680939
+ 709373 186934519 998947693
+ 825717 92705537 662275275
+ 25101 242216282 425994865
- 25101
+ 667326 664042175 999881136
+ 694374 477324466 991031102
+ 168120 951575 198670341
+ 432915 666362221 876713859
+ 511198 274960364 740173846
+ 988668 154117929 248201834
+ 150103 575546546 997758317
- 150103
+ 908777 1899964 326536298
+ 540437 66757373 999654368
+ 625675 401669513 460351988
+ 279190 2117362 584957572
+ 881765 97081192 998830871
+ 257756 662275275 998269349
+ 800374 2199602 831540507
- 168120
+ 379881 877643 586703239
+ 58980 252759392 723370550
+ 230461 425994865 513213755
+ 10968 92705537 609747579
+ 941564 295236656 999472917
+ 656431 912486058 999429782
+ 440862 217488921 999489074
- 10968
- 58980
+ 946688 1432437 761915806
+ 489177 13185901 801486737
+ 357645 820245296 999054363
- 207010
+ 779513 421429077 999198824
+ 791331 344403361 579058119
+ 876277 181513983 999961360
+ 301663 664920 344403361
+ 557698 2003326 477324466
+ 518031 198670341 589548562
- 218623
- 230461
+ 589785 13185901 997547676
+ 590810 11751972 999282763
+ 969239 716636085 999580934
+ 35722 1759109 716636085
- 35722
+ 849626 1019213 25996540
+ 968998 1473865 867272912
- 257756
- 279190
- 279481
+ 785873 66757373 104461173
+ 980779 73098426 998645719
+ 312915 54248747 395831230
- 301663
- 312915
+ 316996 1206717 25996540
+ 538440 513213755 999069674
+ 196540 753104537 999097765
+ 525504 922674292 999101786
+ 970229 68785 184941168
- 196540
+ 397400 2321374 198670341
- 316996
+ 630103 2227785 212965246
- 332970
+ 574395 344403361 753104537
- 357645
+ 404241 11751972 88781510
+ 954473 660090762 998109598
+ 234907 1618549 792295725
+ 66182 54644674 475716009
+ 68779 88781510 407005568
+ 665422 596256709 999474666
+ 454968 248201834 872649389
+ 132326 1026170 51671837
+ 442288 136830039 620575394
+ 553316 2078163 211223897
+ 728958 97081192 999806429
+ 128568 26853285 400149948
+ 823209 733194 211223897
+ 78487 326536298 998847539
+ 721995 73098426 596256709
- 66182
+ 719746 51671837 998811448
+ 774652 1932305 660090762
+ 477713 590859514 999878808
+ 512595 217488921 677406853
+ 346449 1958218 26853285
+ 382704 2047120 409731588
+ 862305 896358109 997366010
+ 768480 150820865 184941168
+ 625945 104461173 407005568
+ 5305 326536298 999051598
+ 138691 51671837 205861956
+ 619443 2098655 861689101
- 5305
+ 665300 372888325 945399027
- 68779
+ 241711 388794309 876713859
- 78487
+ 732254 536224 188771867
+ 97777 642624 97081192
+ 942792 89392702 997835386
- 97777
+ 65044 1047917 338824511
+ 966761 460351988 999302588
+ 836619 66757373 867272912
- 65044
- 128568
+ 42315 974697933 997746377
- 42315
+ 257064 1148143 867272912
+ 586402 2173803 350965062
- 132326
+ 86094 350965062 998199197
+ 357547 541314163 662275275
+ 389193 95344 831540507
- 86094
+ 161657 401669513 777561947
- 138691
- 161657
- 234907
- 241711
+ 498848 97081192 998791906
+ 467855 475716009 997719124
- 257064
- 346449
+ 126682 46689843 274960364
+ 918795 421429077 999848939
- 126682
+ 855711 1538992 740173846
+ 33797 242216282 999606147
+ 828837 348927853 997984116
+ 452087 596256709 999637662
+ 777259 1406762 107584949
+ 988384 584980307 998003933
+ 204693 779887 945399027
- 33797
+ 418883 2253942 372888325
- 204693
- 357547
+ 12382 407005568 997903615
+ 151000 377146086 861689101
- 12382
+ 370976 1296915 295236656
- 151000
+ 811797 2314416 154117929
+ 790800 89179050 400149948
+ 813561 205861956 999064411
+ 726817 372888325 589548562
+ 18051 295236656 716636085
- 18051
+ 951323 550157 89179050
+ 853227 63045699 999662091
+ 509798 759418 411927760
- 369529
+ 626452 244866665 996587441
+ 444723 69313555 359782644
+ 751952 212965246 338824511
- 370976
+ 664451 414577 983923846
+ 209679 1413943 350965062
+ 785399 2256763 664042175
+ 724949 107584949 580274741
+ 26080 11751972 372888325
+ 725431 242216282 377146086
+ 374737 552686661 974697933
+ 161212 1307802 596256709
+ 796851 188771867 998766204
- 26080
- 161212
- 209679
+ 965132 1719360 541314163
+ 398989 996587441 999419429
+ 781067 708317 242216282
+ 631850 674713205 999116127
+ 262536 1195169 217488921
+ 372975 238497269 999417358
+ 202932 377146086 997731767
+ 903351 563763308 753104537
+ 446566 568797 876713859
+ 946843 252759392 912486058
+ 352167 184941168 740173846
+ 579122 89392702 999202517
- 202932
- 262536
+ 991155 1177888 348927853
+ 921985 244866665 295236656
+ 479548 372888325 620575394
+ 160170 753104537 998187850
- 160170
+ 448867 350965062 998724238
+ 576606 92705537 350965062
+ 589559 46689843 563763308
- 352167
+ 358241 407005568 998744730
- 358241
- 372975
+ 283986 564861 89179050
- 283986
+ 521555 107584949 999343423
- 374737
- 379881
+ 456291 104461173 997639774
+ 655763 184941168 831540507
- 382704
+ 107582 47478806 161309523
+ 422642 552686661 999198842
- 107582
- 389193
+ 857800 198670341 999303469
- 394931
- 397400
+ 689099 207722945 609747579
- 398989
- 404241
- 413338
- 418883
+ 556250 242216282 997442893
+ 39422 27564756 998225411
+ 128953 327035 186934519
+ 449610 425994865 801486737
+ 44092 367776 207722945
+ 588811 54248747 999806751
+ 975608 51671837 359782644
+ 813937 211223897 584957572
+ 931150 344403361 421429077
+ 947117 590859514 998556922
+ 664245 338824511 998898393
+ 460089 1447856 198670341
+ 152790 136830039 998134216
+ 528242 753104537 999369683
+ 49194 25996540 205861956
+ 973568 89179050 998381028
- 39422
+ 689557 61459569 867272912
+ 673551 552686661 998473193
+ 92058 395831230 997873377
+ 496948 198670341 740173846
- 44092
+ 110860 716636085 998183457
- 49194
- 92058
+ 906295 513739 761915806
- 110860
+ 443105 632543 385250930
- 128953
+ 534823 609747579 998328315
+ 194643 798790668 999155831
+ 54303 696842 541314163
- 54303
+ 818033 11751972 922674292
+ 20480 97081192 997845083
- 20480
+ 927098 61459569 998156795
+ 541665 1200887 607229656
+ 297507 777561947 997408706
- 152790
+ 439172 54644674 922662577
+ 35103 1371070 660090762
+ 430663 2201080 867272912
+ 835946 899183 63045699
- 35103
+ 829639 1036339 563763308
+ 714540 107584949 999302225
+ 427864 1356030 107584949
+ 234244 61459569 584957572
+ 850226 856295 660090762
- 194643
- 234244
- 297507
+ 633916 592857103 998344873
+ 147897 1195240 352642959
- 147897
+ 756275 509804054 999016583
+ 596270 467164 777561947
+ 409749 213410250 999094791
+ 521395 372888325 867272912
+ 174488 181513983 999643347
+ 255766 110661923 912486058
+ 202498 756680939 792295725
- 174488
+ 870371 110661923 922674292
+ 615319 401669513 872649389
+ 521215 563397 238497269
+ 989773 395465 372888325
+ 411160 186934519 997960487
+ 543574 695768282 997981311
+ 207694 1728929 432340045
+ 329590 792205 244866665
+ 797566 586703239 999430793
- 202498
+ 126189 54644674 999319697
+ 610177 1357843 974697933
- 126189
+ 162215 1074276 666362221
+ 386768 248201834 998180230
+ 823235 377146086 999132435
+ 634116 1854681 940998304
- 162215
+ 552416 377146086 998920782
+ 12915 161309523 620575394
+ 201494 54248747 801486737
+ 147070 407005568 999977445
- 12915
- 147070
- 201494
- 207694
+ 549954 92705537 753104537
- 255766
- 329590
+ 806335 359782644 731614474
+ 110695 509804054 695768282
+ 836595 395831230 617613016
+ 185100 1741335 47478806
+ 236174 170169424 999176099
+ 67909 916506 912486058
+ 680023 154117929 922674292
+ 526577 584957572 753104537
- 67909
+ 132556 154117929 198670341
- 110695
+ 691139 326536298 998855181
+ 239703 89392702 872649389
+ 185660 1570798 460351988
- 132556
+ 903352 212965246 217488921
- 185100
+ 623376 607229656 999457200
- 185660
+ 331678 1155282 896358109
+ 617039 205861956 460351988
+ 140398 311499 589548562
- 140398
+ 182780 352642959 999561583
+ 224416 837088 991031102
+ 543886 798790668 998159289
+ 356411 626617465 801486737
+ 439158 1855736 628122255
+ 798116 831540507 999923070
- 182780
+ 693942 25996540 274960364
+ 783868 162490936 590859514
+ 544735 411927760 998246937
+ 787014 513213755 999762298
+ 588891 244866665 998495659
+ 760211 352642959 660090762
+ 163422 563763308 584980307
+ 889226 1667029 359782644
+ 690275 63402 896358109
- 163422
+ 368939 731614474 998089537
- 224416
+ 355973 662275275 998806058
+ 994008 628122255 998867425
+ 240637 338824511 801486737
+ 443424 61459569 617613016
+ 381082 1866311 212965246
- 236174
+ 744828 831540507 867272912
+ 776445 136830039 401669513
- 239703
- 240637
+ 196797 348927853 999538955
+ 270785 584980307 997896360
- 196797
+ 162381 861689101 997721467
- 162381
+ 372472 213410250 563763308
+ 337585 777561947 792295725
- 270785
+ 454145 592857103 912486058
+ 43798 92705537 295236656
+ 753438 97081192 998822567
- 43798
+ 987097 154117929 620575394
+ 693566 252759392 777561947
- 331678
+ 855161 1409292 61459569
+ 41684 664042175 974697933
+ 633912 184941168 359782644
+ 204081 13185901 590859514
- 41684
+ 574872 628122255 999168507
+ 940757 1432218 372888325
+ 860865 2237578 756680939
- 204081
+ 335456 17204 207722945
+ 138383 213410250 999667588
+ 259851 54248747 999181859
- 138383
+ 377054 740173846 998822712
+ 615906 46689843 999877122
+ 156817 638198 295236656
+ 287724 207722945 831540507
+ 76066 1765050 37326406
+ 107868 555690530 831540507
- 76066
+ 986455 372888325 999477226
- 107868
+ 948359 960967 555690530
+ 52803 1378482 411927760
+ 384458 761649 974697933
+ 745468 372888325 584980307
- 52803
- 156817
- 259851
+ 124301 421429077 997917054
- 124301
- 287724
- 335456
+ 149733 162490936 922662577
- 149733
- 337585
- 355973
+ 315310 27564756 104461173
- 315310
+ 198148 401669513 998859687
+ 460319 61459569 723370550
- 198148
+ 250465 716636085 998064705
+ 425159 1387683 258935184
+ 700385 749814 421429077
+ 848476 425994865 998514811
+ 674627 940998304 999622867
+ 19975 555690530 998699467
+ 560272 586703239 997424305
+ 674425 2046055 592857103
+ 345143 63045699 997682286
- 19975
+ 91701 344403361 998434423
- 91701
+ 776685 1718890 407005568
+ 752315 73098426 695768282
+ 280538 649579749 940998304
+ 279407 679103 896358109
+ 297848 198670341 820245296
- 250465
+ 274138 723370550 998665975
+ 645922 295236656 695768282
- 274138
+ 20952 242216282 867272912
+ 120985 188771867 211223897
- 20952
- 120985
+ 274807 460351988 867272912
+ 647113 1091008 867272912
+ 645152 198670341 626617465
- 274807
- 279407
+ 26830 940998304 999234811
+ 135550 205861956 997595218
- 26830
+ 384770 213410250 997426494
- 135550
+ 75616 54248747 73098426
+ 491671 170169424 998909293
+ 528539 801486737 998668846
+ 469820 88781510 91572891
- 75616
- 280538
- 297848
+ 308257 596256709 998098563
+ 159654 161309523 584957572
+ 809390 181513983 409731588
+ 61634 66757373 792295725
- 61634
- 159654
- 308257
+ 144726 626617465 998110683
+ 561271 326536298 674713205
+ 571080 1526719 753104537
+ 539268 47478806 998844195
+ 788162 29149755 238497269
- 144726
- 345143
+ 389687 2326156 421429077
- 356411
+ 943389 35439 740173846
- 368939
+ 912093 274960364 385250930
+ 95374 1868726 385250930
+ 921118 647903 867272912
+ 557092 352642959 753104537
- 95374
- 372472
+ 995103 314233 47478806
+ 371594 831540507 999327245
+ 427817 243345 740173846
- 371594
+ 993918 2236502 13185901
+ 118602 607229656 649579749
+ 979317 1130565 91572891
- 118602
- 377054
+ 218568 354566 207722945
+ 768154 212965246 997477594
+ 592579 660090762 998734328
+ 595610 1886112 61459569
+ 225081 37326406 421429077
+ 487805 27564756 998678805
+ 51119 89392702 716636085
+ 641051 11751972 407005568
+ 477072 940998304 999975068
+ 342543 248201834 460351988
- 51119
+ 969884 295236656 999095492
+ 280354 352642959 974697933
+ 872825 945399027 983923846
+ 790323 609747579 777561947
+ 907161 607229656 761915806
+ 406092 1144511 575546546
+ 43987 54248747 184941168
+ 813472 388794309 997633321
- 43987
+ 158072 996587441 999994171
- 158072
- 218568
+ 294791 51671837 998560230
- 225081
- 280354
+ 153014 2117697 188771867
- 153014
+ 455946 89392702 999415506
+ 188683 1009242 607229656
+ 356590 217488921 421429077
+ 248090 244866665 997728327
- 188683
- 248090
- 294791
+ 436367 70833 666362221
+ 784224 211223897 460351988
- 342543
- 356590
- 381082
- 384458
+ 812686 861689101 997981547
+ 711609 729268646 998905167
+ 986398 217488921 998882000
+ 864782 89392702 998325798
+ 60068 586703239 999615963
+ 847149 364893 154117929
- 60068
+ 47908 416195 37326406
+ 614624 639579 761915806
+ 654134 1187831 674713205
- 47908
+ 218360 1913676 248201834
+ 683883 2300696 348927853
- 218360
+ 522719 1379431 11751972
+ 751246 89179050 999627140
- 384770
+ 272910 107584949 513213755
- 272910
- 386768
+ 178161 1748489 350965062
+ 510861 815381 29149755
- 178161
- 389687
+ 399133 338803 609747579
+ 146962 154117929 945399027
+ 257696 475716009 997783942
+ 517960 66757373 997613200
+ 403608 575546546 999617151
- 146962
+ 296691 252759392 477324466
+ 40000 92705537 425994865
- 40000
+ 282352 1098986 801486737
+ 997385 2326156 400149948
+ 684323 592857103 999321588
- 257696
+ 812375 432275 677406853
- 282352
+ 243557 945399027 999640874
+ 553533 401669513 997587165
+ 429802 188771867 997762671
+ 667662 731614474 831540507
+ 302545 88781510 998548570
- 243557
+ 60365 89179050 998012393
- 60365
+ 353192 89179050 997529063
+ 85313 801486737 997854610
+ 92222 205861956 997606159
+ 478718 46689843 997916653
+ 213251 408693 88781510
- 85313
+ 655190 54644674 999101358
+ 152205 1472737 326536298
+ 712146 258935184 421429077
+ 936413 142244 26853285
+ 510371 107584949 590859514
- 92222
+ 313153 425994865 999639642
+ 633594 199521 110661923
+ 246718 782104 607229656
+ 75697 411927760 999966523
- 75697
+ 563180 388794309 731614474
+ 401245 244866665 998423207
- 152205
+ 116918 244866665 432340045
+ 834213 359782644 997702258
- 116918
+ 692990 552686661 792295725
+ 593343 1871175 54644674
- 213251
+ 626077 323564 88781510
+ 14121 25996540 997648264
- 14121
+ 655582 89179050 586703239
+ 754227 363747 592857103
+ 315419 27564756 998340390
+ 962732 756680939 861689101
+ 968971 352642959 997686669
+ 786818 2326156 47478806
+ 305748 91572891 181513983
- 246718
+ 118840 922674292 999108246
+ 512505 1475084 831540507
+ 458949 375172 575546546
+ 537372 336872987 999674934
+ 308854 1753513 475716009
+ 6867 158317 513213755
- 6867
+ 593462 596256709 999254914
+ 821035 723370550 999060682
- 118840
+ 407018 213410250 584957572
+ 942539 1216285 161309523
+ 693518 34052 896358109
+ 846832 866468 295236656
+ 826981 1159841 872649389
+ 174666 552686661 584980307
+ 983507 703796 388794309
- 174666
+ 73952 238497269 295236656
- 73952
+ 987641 1093169 620575394
- 296691
+ 75171 833567 348927853
+ 308642 1064588 205861956
+ 91981 186934519 716636085
+ 476458 974697933 999927561
+ 358720 89392702 252759392
+ 265733 51671837 998363714
- 75171
- 91981
+ 891650 136830039 997397958
+ 687022 107584949 761915806
+ 133217 1133426 922674292
+ 266417 991031102 997906679
+ 601376 586703239 997404974
+ 438624 1472302 25996540
+ 72378 104461173 998601798
- 72378
+ 666839 1139656 592857103
+ 634809 411927760 997672072
- 133217
+ 108740 212965246 400149948
+ 199259 51671837 997492197
- 108740
+ 454331 685038 563763308
+ 425817 1720732 425994865
+ 399243 395831230 999759751
+ 916360 1340538 740173846
+ 397792 47478806 997725494
+ 498343 295607 649579749
- 199259
+ 786026 716636085 999699378
+ 955516 937209 777561947
+ 212008 590859514 777561947
+ 580781 541424 861689101
+ 908240 1702663 584980307
+ 870393 92705537 912486058
+ 30352 1055143 150820865
+ 908176 2251652 242216282
+ 959743 18026 912486058
+ 1021 1473596 326536298
+ 997901 589548562 999311611
+ 475564 212965246 326536298
- 1021
- 30352
+ 960274 89179050 344403361
- 212008
- 265733
+ 960028 1403326 238497269
+ 704787 2228650 54248747
+ 24960 89179050 998363011
+ 682404 162490936 997424784
- 24960
- 266417
+ 723168 666362221 999131999
+ 625819 584957572 922662577
+ 833397 662275275 998137387
- 302545
+ 606845 69313555 998885698
+ 14927 716636085 997788841
+ 832182 407005568 997468409
- 14927
+ 980054 982715 425994865
+ 132548 368635 820245296
- 132548
- 305748
+ 328677 460351988 998395757
+ 129628 307003 620575394
+ 384658 1684595 89179050
+ 674616 634012 170169424
- 129628
- 308642
+ 658069 421429077 998299289
+ 655337 274960364 820245296
+ 143306 244866665 326536298
+ 805648 352642959 400149948
+ 725726 761915806 922674292
+ 603993 213410250 580274741
+ 63049 104461173 242216282
+ 203095 1743604 211223897
+ 62656 586703239 999394545
+ 704137 580274741 792295725
- 62656
- 63049
+ 530162 211223897 579058119
+ 47882 980515 388794309
+ 382703 385250930 513213755
+ 456214 1231644 104461173
+ 939242 293866 460351988
+ 339088 89392702 974697933
- 47882
+ 785488 460351988 998097796
- 143306
+ 683200 295236656 998978844
+ 147925 1788696 359782644
+ 229862 348927853 974697933
+ 804935 338824511 999760715
+ 369249 150820865 998212352
+ 798296 213410250 350965062
+ 83491 110661923 998622110
- 83491
+ 455582 15366 509804054
- 147925
- 203095
- 229862
- 308854
+ 842636 104461173 207722945
+ 483124 395876 974697933
+ 247015 315472 344403361
+ 584802 880975 258935184
- 247015
+ 89950 2032817 475716009
+ 689986 777561947 997963688
+ 935736 473969 831540507
+ 423967 258935184 998940264
+ 322284 52069 861689101
- 89950
+ 898383 723370550 998592042
- 313153
+ 985499 496709 731614474
+ 931327 29149755 664042175
+ 407853 628122255 998182070
+ 557013 555690530 617613016
+ 920708 997366010 998046419
- 315419
+ 427045 1168804 552686661
+ 200827 889129 25996540
+ 35327 731614474 997961583
+ 638094 217488921 998464775
+ 862298 255600 584980307
+ 876179 555690530 896358109
+ 984699 63045699 940998304
+ 410590 91572891 181513983
+ 120783 584957572 756680939
- 35327
+ 991644 626617465 695768282
+ 864251 37326406 940998304
+ 92922 872649389 998492122
+ 394614 407005568 999198336
- 92922
- 120783
- 200827
- 322284
+ 430466 108449 876713859
+ 889395 326536298 401669513
+ 245187 47478806 248201834
+ 632679 2131726 27564756
+ 339259 1187131 677406853
+ 391140 51671837 198670341
+ 821552 584957572 999186798
+ 173760 2237767 589548562
+ 448350 211223897 998469458
+ 723086 107584949 664042175
+ 535762 45421 792295725
+ 401143 974697933 999766234
+ 171250 88781510 154117929
+ 753995 563763308 997570732
+ 564061 2326156 940998304
- 171250
+ 76756 13185901 997600049
+ 627091 309390 922662577
+ 732697 609747579 649579749
+ 4379 723370550 731614474
+ 828006 388794309 432340045
+ 582164 666362221 997800972
+ 525235 1668148 792295725
+ 920762 2073815 723370550
+ 844151 162490936 997428716
+ 939077 592857103 998526650
+ 785213 2120090 377146086
+ 797090 241680 477324466
- 4379
+ 19771 2032693 211223897
+ 83145 609747579 999317369
+ 829954 326536298 998381637
- 19771
+ 779626 596256709 997619842
+ 85663 25996540 212965246
- 76756
- 83145
+ 184165 612973 723370550
+ 768276 592857103 729268646
+ 760985 97081192 998311636
- 85663
- 173760
+ 345586 29149755 372888325
+ 674454 660464 922674292
+ 460029 509804054 997809084
+ 423454 647054 181513983
+ 52692 61459569 161309523
+ 523160 372888325 999864636
+ 655713 1295587 213410250
+ 154107 92705537 97081192
+ 28508 731614474 792295725
+ 623789 46689843 731614474
- 28508
+ 49222 186934519 350965062
+ 639701 620575394 997676147
- 49222
+ 869419 792295725 999751791
- 52692
- 154107
+ 446369 1115766 945399027
+ 144493 51671837 998416144
- 144493
- 184165
+ 597201 51671837 274960364
- 245187
- 328677
- 339088
+ 70718 27564756 997713196
+ 496300 295236656 998804326
+ 189076 47478806 401669513
- 70718
+ 484705 377146086 999599001
+ 565267 326536298 385250930
+ 587553 579058119 998167549
+ 736106 538065 411927760
- 189076
+ 241516 170169424 922674292
+ 600066 13185901 589548562
- 241516
- 339259
- 345586
- 353192
+ 109277 92705537 999663493
+ 929005 1260290 731614474
+ 724792 250639 716636085
+ 91993 205861956 999064196
- 91993
+ 997575 853922 649579749
- 109277
- 358720
+ 48572 592857103 660090762
- 48572
+ 883687 1334275 348927853
+ 993440 238497269 997848167
+ 395874 372888325 999754329
+ 932558 649579749 666362221
+ 65492 2102396 592857103
+ 924970 2326156 662275275
+ 354855 385250930 999348679
+ 681835 563763308 998362841
+ 251347 1142745 407005568
- 65492
+ 214579 432340045 677406853
+ 584855 66757373 69313555
+ 185433 2326156 872649389
+ 509388 238497269 831540507
- 185433
+ 500982 181513983 421429077
+ 607376 1490451 252759392
- 214579
- 251347
+ 97969 421429077 998963171
- 97969
+ 858108 336872987 509804054
- 354855
- 369249
- 382703
+ 800679 298103 579058119
+ 619851 2271804 336872987
+ 907219 674713205 999814817
- 384658
+ 620717 820245296 998289263
+ 135167 575546546 695768282
+ 652821 61459569 999254423
+ 644058 922674292 997944674
+ 948276 170169424 407005568
+ 837830 181513983 579058119
- 135167
- 391140
+ 582782 27564756 198670341
- 394614
+ 853309 22262 477324466
+ 758139 400149948 999449976
- 395874
- 397792
- 399133
+ 709070 350965062 999074279
+ 923816 674713205 999214441
- 399243
+ 911050 1691057 377146086
+ 295021 586703239 649579749
- 295021
+ 93283 66757373 998960664
+ 191463 580374 867272912
+ 685500 26853285 181513983
- 93283
+ 645834 1255700 92705537
- 191463
+ 42572 674713205 999483910
+ 134179 297873 509804054
+ 109462 444711 61459569
+ 531990 27564756 110661923
+ 40157 586703239 999443340
+ 637949 205861956 660090762
+ 199798 11751972 753104537
- 40157
+ 571882 589548562 999427297
+ 926436 49892 756680939
+ 738495 198670341 217488921
+ 925589 1474389 867272912
+ 512915 1543707 801486737
+ 886745 1438980 110661923
+ 960102 400149948 998101112
+ 175498 626617465 997576920
+ 988854 727602 872649389
+ 811667 401669513 999285448
+ 527673 956228 217488921
- 42572
+ 985549 388794309 409731588
+ 63093 586470 460351988
+ 525139 411927760 999991928
+ 153566 660090762 876713859
+ 462560 91572891 92705537
+ 509814 89392702 677406853
+ 236136 180788 170169424
+ 911219 54644674 104461173
+ 222419 27564756 861689101
+ 183621 354803 88781510
+ 409508 713212 607229656
+ 155732 626617465 922674292
+ 419940 161309523 409731588
+ 14349 162490936 186934519
- 14349
+ 335663 590859514 999970655
+ 353635 2241676 777561947
- 63093
+ 856122 25291 89179050
- 109462
+ 982725 326536298 695768282
- 134179
+ 881139 718410 820245296
- 153566
+ 828862 626617465 999798297
+ 53679 409731588 999255483
+ 141334 563763308 997826465
+ 430994 162490936 731614474
+ 694674 248201834 912486058
+ 400714 66757373 252759392
- 53679
+ 25549 25996540 753104537
- 25549
- 141334
+ 82784 983923846 996587441
- 82784
+ 253427 344403361 997633313
+ 594064 124307 411927760
+ 8417 423983 861689101
+ 100536 344403361 998607291
+ 863954 1074184 729268646
+ 373541 170169424 998856919
- 8417
+ 463447 2106580 660090762
- 100536
+ 74312 1082673 359782644
+ 815759 1446670 579058119
+ 714450 607229656 999904822
- 74312
+ 119001 133803 660090762
- 119001
+ 478260 1597767 252759392
+ 701489 352642959 998284655
+ 260673 914783 188771867
+ 695009 425994865 922674292
- 155732
- 175498
+ 660570 409731588 997846525
+ 5437 63045699 475716009
+ 606954 666362221 999448750
- 5437
- 183621
- 199798
- 222419
+ 790175 28775 258935184
- 236136
- 253427
+ 624946 664042175 998774734
+ 238444 154117929 740173846
- 238444
- 260673
- 335663
+ 137656 1002549 73098426
- 137656
+ 125739 861689101 998077051
- 125739
+ 857891 1937072 475716009
- 353635
+ 100071 76395 831540507
- 100071
- 373541
+ 767535 541083 238497269
- 400714
+ 865454 609747579 999629454
- 401143
- 401245
+ 169836 46689843 584957572
+ 693050 336872987 400149948
- 169836
- 403608
+ 108010 695768282 731614474
+ 629291 274960364 997398485
+ 719390 238497269 999877157
+ 23721 649579749 997944907
- 23721
- 108010
- 406092
- 407018
+ 501027 245446 626617465
+ 723567 154117929 244866665
+ 810510 576292 350965062
+ 155428 823202 161309523
+ 392670 372888325 912486058
+ 499188 792295725 997738466
- 155428
+ 984754 181513983 999831696
+ 621468 820245296 997909773
+ 219119 181513983 896358109
+ 687201 1339051 867272912
+ 36864 198670341 820245296
+ 279899 29149755 997886250
- 36864
- 219119
- 279899
+ 623429 1011339 729268646
+ 777410 13185901 729268646
+ 477969 541314163 999292823
- 392670
- 407853
+ 875161 37326406 912486058
- 409508
+ 914767 205861956 998139966
- 409749
+ 379139 213410250 996587441
+ 714218 104461173 740173846
- 379139
+ 420861 2305114 252759392
+ 639417 66757373 876713859
+ 957307 664042175 998340434
- 410590
+ 464387 580274741 997801728
+ 898484 2131397 110661923
- 411160
+ 6357 342900 983923846
- 6357
+ 116531 213410250 998753085
+ 319249 1840483 409731588
+ 338289 1839994 589548562
- 116531
+ 291282 54248747 213410250
+ 952784 150820865 991031102
+ 951818 1358962 252759392
+ 247999 579058119 999939071
+ 93307 1153707 344403361
- 93307
+ 470832 421429077 998419398
+ 36231 234134 945399027
- 36231
+ 666084 1264233 609747579
+ 158101 217488921 400149948
+ 304754 162490936 997849173
+ 727799 73098426 609747579
+ 798986 954942 161309523
+ 830617 586703239 999485853
- 158101
- 247999
+ 865452 289168 207722945
+ 781126 2134728 61459569
+ 255243 46689843 607229656
- 255243
- 291282
- 304754
- 319249
- 338289
- 419940
+ 282882 207722945 997458211
+ 182093 73098426 999638709
- 182093
+ 509868 37326406 861689101
- 282882
+ 722168 801486737 998013394
- 420861
+ 144612 73098426 777561947
+ 946174 1548421 664042175
+ 62092 1427673 248201834
- 62092
+ 41755 1943181 27564756
- 41755
+ 73515 69313555 154117929
+ 348256 348927853 999732012
+ 146019 229776 753104537
+ 233896 896358109 998080473
+ 572489 607229656 998508737
+ 262980 89179050 997622887
- 73515
+ 947731 181513983 207722945
+ 122241 1813317 348927853
+ 741006 1073514 861689101
+ 692618 217488921 999109612
+ 175320 27564756 997785129
+ 615637 586616 161309523
- 122241
- 144612
+ 697984 198670341 401669513
- 146019
+ 235003 425994865 997366010
- 175320
+ 562538 407005568 998741233
- 233896
+ 202744 249240 716636085
+ 600021 637920 104461173
+ 430292 777561947 997979920
+ 437263 89179050 998691267
+ 63696 477324466 997437621
+ 322420 914722 756680939
+ 766195 37326406 716636085
- 63696
+ 184821 51671837 998878060
+ 820602 798790668 998168427
- 184821
+ 25516 938006 295236656
+ 689596 234684 563763308
+ 339744 867272912 999807406
+ 682139 729268646 896358109
+ 922808 184941168 997366010
- 25516
+ 737763 46689843 999648408
- 202744
+ 639560 11751972 162490936
+ 20163 213410250 998336660
+ 954066 27564756 801486737
+ 947553 2013621 186934519
+ 573895 386766 213410250
+ 304166 2262430 344403361
- 20163
+ 199431 27564756 998231905
- 199431
- 235003
+ 721449 344403361 997932843
- 262980
+ 105314 136830039 336872987
+ 91312 731614474 999818748
+ 567581 184941168 753104537
+ 512222 170169424 999058215
+ 551869 248201834 867272912
- 91312
- 105314
+ 877365 432340045 477324466
+ 863836 810894 92705537
+ 927855 400149948 513213755
+ 910529 664042175 998402358
+ 760983 731614474 997826816
- 304166
+ 361079 893854 92705537
- 322420
+ 681285 136830039 998407141
+ 991344 170333 607229656
- 339744
- 348256
+ 558987 51671837 198670341
- 361079
+ 459237 195049 620575394
- 422642
- 423454
+ 595115 740173846 820245296
+ 993919 46689843 513213755
- 423967
- 425159
+ 150122 405503 336872987
+ 687109 620575394 922674292
- 150122
- 425817
+ 996050 69313555 998517242
- 427045
- 427817
- 427864
+ 953596 61459569 998965472
+ 981679 1795067 212965246
- 429802
- 430292
+ 890204 922674292 999594784
- 430466
+ 496922 1216028 212965246
+ 685723 54248747 998696239
- 430663
+ 2108 645291 861689101
+ 459122 238497269 660090762
+ 564314 212965246 338824511
+ 178757 1172388 831540507
+ 769540 425994865 999631353
+ 472655 592857103 997366010
- 2108
+ 562973 690117 54248747
- 178757
+ 961181 1942329 820245296
+ 770432 460351988 998189192
- 430994
- 432915
+ 65034 1789511 996587441
+ 612255 252759392 274960364
- 65034
+ 145548 162490936 552686661
- 145548
+ 921922 1873190 460351988
- 436367
+ 722555 575546546 731614474
+ 393023 73098426 740173846
- 393023
+ 309571 244866665 997557424
- 309571
+ 157321 2093542 607229656
- 157321
- 437263
+ 583224 432340045 596256709
+ 84403 350965062 586703239
- 84403
+ 369289 466598 541314163
- 369289
- 438624
- 439158
+ 957537 1433090 876713859
- 439172
- 440862
+ 457605 82980 63045699
+ 662309 460351988 896358109
+ 896366 1049360 88781510
- 442288
+ 136771 1388620 401669513
- 136771
+ 144841 242216282 999899342
+ 358172 1948045 348927853
+ 94127 2124000 940998304
+ 222194 504474 37326406
+ 293179 107584949 628122255
+ 815524 170169424 609747579
- 94127
+ 877124 91572891 996587441
+ 595246 51671837 61459569
+ 942120 606400 761915806
+ 515562 26853285 731614474
- 144841
+ 360439 975648 872649389
+ 816426 1064078 51671837
+ 686860 589548562 609747579
- 222194
- 293179
- 358172
+ 648515 552686661 997643295
- 360439
+ 267664 617613016 756680939
+ 286179 2058266 92705537
+ 362282 620575394 999164910
+ 456963 731614474 974697933
- 267664
- 286179
+ 401014 1839618 432340045
+ 737073 2284138 590859514
- 362282
- 401014
+ 509165 1697630 11751972
+ 162997 110661923 999368738
- 162997
+ 465069 475716009 876713859
+ 72023 89392702 997458040
+ 186439 97081192 999079675
+ 59125 252759392 352642959
+ 717046 586703239 998667494
- 59125
- 72023
- 186439
+ 893608 579058119 997756103
+ 640111 181513983 998465073
+ 75187 25996540 999439734
- 75187
+ 241651 198670341 695768282
+ 582346 1789504 37326406
+ 764497 188771867 998280748
- 241651
+ 33898 912486058 999451533
+ 838942 704707 872649389
- 33898
+ 8994 683560 338824511
- 8994
- 443105
+ 70746 1017211 27564756
- 70746
- 443424
- 444723
- 446369
+ 109125 1081270 252759392
+ 988262 184941168 620575394
- 109125
+ 215726 2161517 181513983
+ 459368 1587881 69313555
- 215726
+ 345514 92705537 509804054
+ 622431 258935184 792295725
+ 677690 579058119 998479775
+ 431243 847870 649579749
+ 795465 589548562 617613016
+ 599282 2295020 61459569
+ 786760 154117929 999105428
+ 421548 162490936 997529135
- 345514
+ 511854 400149948 999364204
+ 682133 1274133 184941168
+ 541892 820245296 997937433
+ 896324 400149948 998399346
- 421548
- 431243
- 446566
+ 632820 609747579 867272912
+ 590312 1906351 47478806
+ 763938 61459569 998629349
+ 459128 118245 477324466
- 448350
+ 708786 238497269 997810233
+ 366304 475716009 820245296
+ 93116 154117929 998747018
+ 603532 275274 51671837
+ 477261 407720 401669513
+ 49836 513213755 998509905
+ 159980 508468 596256709
- 49836
- 93116
+ 674517 211223897 997444099
- 159980
+ 696905 912486058 999973679
- 366304
+ 912413 198670341 401669513
- 448867
+ 989183 729268646 999167790
+ 269203 808891 674713205
+ 9168 580274741 867272912
+ 121104 91572891 729268646
+ 507212 664042175 998049034
- 9168
- 121104
- 269203
