15 50
437345 325744 342180 497151 461358 533994 293724 559126 441888 474625 336137 368342 341367 472645 504500 353144 305162 342340 351158 421668 541207 410781 289495 435483 533600 506114 505743 457886 444587 371431 556258 432380 564587 327648 487649 483195 440042 319260 479111 369560 560063 372670 547866 523301 362931 493704 331722 333415 408539 548997
442135 330534 346970 501941 466148 538784 298514 563916 446678 479415 340928 373133 346158 477435 509290 357934 309952 347131 355948 426458 545997 415571 294285 440273 538390 510905 510533 462676 449377 376221 561049 437171 569377 332438 492439 487985 444832 324051 483901 374350 564853 377460 552656 528092 367721 498494 336512 338206 413330 553787
464864 353263 369699 524670 488877 561513 321243 586645 469407 502144 363656 395861 368887 500164 532019 380663 332681 369859 378677 449187 568726 438300 317014 463002 561119 533633 533262 485405 472106 398950 583777 459899 592106 355167 515168 510714 467561 346779 506630 397079 587582 400189 575385 550820 390450 521223 359241 360934 436058 576516
413538 301937 318373 473344 437551 510187 269917 535319 418081 450818 312330 344536 317561 448838 480693 329337 281355 318533 327351 397861 517400 386974 265688 411676 509793 482308 481936 434079 420780 347624 532452 408574 540780 303841 463842 459388 416235 295454 455304 345753 536256 348863 524059 499495 339124 469897 307915 309609 384733 525190
535050 423450 439885 594856 559064 631699 391429 656831 539593 572330 433843 466048 439073 570350 602206 450849 402867 440046 448864 519373 638912 508486 387200 533188 631306 603820 603448 555591 542292 469136 653964 530086 662293 425353 585354 580900 537747 416966 576817 467265 657769 470375 645571 621007 460636 591409 429427 431121 506245 646703
539428 427827 444262 599233 563441 636076 395806 661209 543971 576707 438220 470425 443450 574727 606583 455226 407244 444423 453241 523750 643290 512863 391578 537565 635683 608197 607825 559968 546669 473513 658341 534463 666670 429730 589731 585277 542125 421343 581194 471643 662146 474752 649949 625384 465013 595786 433804 435498 510622 651080
467247 355646 372081 527052 491260 563895 323625 589027 471790 504526 366039 398244 371269 502546 534402 383045 335063 372242 381060 451569 571109 440682 319396 465384 563502 536016 535644 487787 474488 401332 586160 462282 594489 357549 517550 513096 469944 349162 509013 399462 589965 402571 577767 553203 392832 523605 361623 363317 438441 578899
438199 326598 343034 498005 462212 534848 294578 559980 442742 475479 336991 369196 342221 473499 505354 353998 306016 343194 352012 422522 542061 411635 290349 436336 534454 506968 506597 458740 445441 372285 557112 433234 565441 328502 488502 484049 440896 320114 479965 370414 560917 373524 548720 524155 363785 494557 332576 334269 409393 549851
564591 452990 469426 624397 588604 661240 420970 686372 569134 601871 463384 495589 468614 599891 631747 480390 432408 469587 478404 548914 668453 538027 416741 562729 660847 633361 632989 585132 571833 498677 683505 559627 691833 454894 614895 610441 567288 446507 606357 496806 687309 499916 675112 650548 490177 620950 458968 460662 535786 676243
562469 450868 467304 622275 586482 659118 418848 684250 567012 599749 461262 493467 466492 597769 629624 478268 430286 467465 476282 546792 666331 535905 414619 560607 658724 631239 630867 583010 569711 496555 681383 557505 689711 452772 612773 608319 565166 444385 604235 494684 685187 497794 672990 648426 488055 618828 456846 458540 533664 674121
482818 371217 387653 542624 506831 579467 339197 604599 487361 520098 381610 413815 386840 518118 549973 398617 350635 387813 396631 467141 586680 456254 334968 480955 579073 551587 551216 503359 490060 416904 601731 477853 610060 373121 533121 528668 485515 364733 524584 415033 605536 418143 593339 568774 408404 539176 377195 378888 454012 594470
482116 370515 386950 541921 506129 578764 338495 603897 486659 519396 380908 413113 386138 517415 549271 397915 349933 387111 395929 466439 585978 455552 334266 480253 578371 550885 550514 502656 489357 416201 601029 477151 609358 372418 532419 527965 484813 364031 523882 414331 604834 417440 592637 568072 407701 538474 376492 378186 453310 593768
556843 445243 461678 616649 580856 653492 413222 678624 561386 594123 455636 487841 460866 592143 623999 472642 424660 461839 470657 541166 660705 530279 408993 554981 653099 625613 625241 577384 564085 490929 675757 551879 684086 447146 607147 602693 559540 438759 598610 489058 679562 492168 667364 642800 482429 613202 451220 452914 528038 668496
391643 280042 296478 451449 415656 488292 248022 513424 396186 428923 290436 322641 295666 426943 458799 307442 259460 296639 305456 375966 495505 365079 243793 389781 487899 460413 460041 412184 398885 325729 510557 386679 518885 281946 441947 437493 394340 273559 433409 323858 514361 326968 502164 477600 317229 448002 286020 287714 362838 503296
520301 408700 425136 580107 544314 616950 376680 642082 524844 557581 419093 451299 424324 555601 587456 436100 388118 425296 434114 504624 624163 493737 372451 518439 616556 589071 588699 540842 527543 454387 639215 515336 647543 410604 570605 566151 522998 402217 562067 452516 643019 455626 630822 606258 445887 576660 414678 416371 491496 631953
