14 42
521715 531204 399862 342991 362071 315785 398947 321865 294280 342868 473017 492175 389281 388906 332021 286963 301594 399624 435715 352560 340885 378167 490309 503675 294647 353836 277499 443996 357181 536024 285655 444852 314520 535480 295167 433462 400127 495003 526313 378134 338658 300385
464861 474350 343008 286137 305217 258931 342092 265011 237426 286014 416163 435321 332427 332052 275167 230109 244740 342770 378861 295706 284031 321313 433455 446821 237793 296982 220645 387142 300327 479170 228801 387998 257666 478626 238313 376608 343273 438149 469459 321280 281804 243530
758186 685869 241408 566117 474478 396885 259147 401443 170237 347027 412152 439662 276604 456876 494810 400124 344142 454979 309682 217804 256363 592938 521680 386820 183810 437170 431736 591786 372610 670703 487843 587320 484445 621964 302105 618584 479388 416029 404518 485786 443755 527589
726271 696759 464388 425755 424645 482048 532879 232718 414932 542792 364745 729978 481127 273795 455997 360213 170163 589073 485625 579846 497681 487746 455848 685265 472963 420612 447563 481727 465888 657997 416461 594811 275065 620930 453251 355863 587725 488558 526487 473454 603403 513246
572965 327148 401698 120367 177687 259439 337685 276358 291045 428441 385518 281148 383297 489591 483167 261963 86993 423469 356810 423118 500240 267960 601442 627470 256088 448441 197773 333321 248673 467983 284081 412358 217943 454800 131501 481612 304618 544542 295600 481716 497325 362523
431762 634733 270538 368985 615989 566390 422280 246983 370472 542133 388564 687225 541788 626755 540159 319379 394745 327219 388271 571537 330405 584583 454478 659677 245427 296425 165576 324250 570327 448881 506722 636238 422218 570738 266993 701700 669303 580175 478237 524612 275160 487919
831249 602764 643442 594799 610786 332246 332791 301434 472783 381943 686981 816602 670110 423165 527924 395457 524748 429445 635537 551884 363812 541513 485440 613003 571154 378139 410309 514350 552560 550005 528523 458677 548579 786513 250011 420667 369254 612056 570615 379950 586100 325610
489355 498843 367501 310630 329710 283424 366586 289504 261919 310507 440656 459814 356920 356545 299660 254602 269233 367263 403354 320199 308524 345806 457948 471314 262286 321475 245138 411635 324820 503663 253294 412492 282159 503119 262806 401101 367766 462642 493952 345773 306297 268024
572003 632294 375128 362154 170622 186087 335334 446605 155984 448871 342330 532584 352171 245650 524018 222866 283487 432026 435694 282689 347373 186492 581581 451856 130976 238879 400288 268765 277452 648133 399679 395272 145373 538244 151505 589781 279235 518398 415014 460840 447411 397564
581128 447299 482505 309856 619587 303079 516056 494048 225155 490484 692975 723242 430426 642982 441522 291136 219571 486166 411815 263941 249011 280355 486575 743183 291770 352006 274883 610360 607073 749353 368325 492536 478613 531715 204093 319873 488183 468294 677505 297384 233923 280759
560485 834303 697749 573706 414326 422686 680969 398787 346534 517391 452459 599489 352872 637839 546256 339847 473322 533781 608569 596808 363375 682200 611182 717618 224039 396534 315480 370253 513895 776399 476387 386404 404317 701194 348379 636975 587360 661413 520360 614820 598978 434465
804183 752227 460746 578471 530477 435766 507581 312256 248089 350582 687114 719689 357976 567815 499864 541156 478344 324574 421754 588866 610951 449882 762217 529867 514912 614070 239164 587408 662472 748067 378788 693576 305333 594622 232623 503666 325741 593166 695609 401075 499672 587624
665909 437942 401710 447648 164863 258405 418585 203656 297432 371730 270391 409936 509802 381535 246878 357929 101039 463795 419883 236816 393590 333944 491916 348176 85883 387928 95120 430069 380232 702622 234988 487138 473156 566033 321291 544508 195101 635963 327143 438135 227668 443259
419949 705057 509220 522105 445278 357349 380567 436873 555885 280648 482001 550070 332578 525116 525423 537280 535331 327649 461156 435651 465379 451996 703713 399600 376553 553330 545109 585907 600526 527573 364158 644832 590120 767265 419098 554351 406846 535668 737765 450559 488308 522763
