15 48
610051 592493 537987 474741 526302 398048 654246 404188 468939 374911 644168 528268 600975 434121 399726 471999 417620 370192 434575 376333 576389 401599 628664 547947 378020 464446 419158 538954 485830 463597 425099 394904 442999 583568 633966 586642 394997 562088 656747 372955 375277 457584 407870 576506 425068 437724 655843 617306
590990 573432 518926 455679 507240 378987 635185 385127 449878 355849 625107 509207 581913 415060 380665 452938 398559 351130 415514 357271 557328 382538 609603 528886 358959 445385 400096 519893 466769 444536 406038 375842 423938 564506 614905 567581 375936 543027 637685 353894 356216 438522 388809 557444 406007 418663 636782 598245
533254 515696 461190 397943 449504 321251 577449 327391 392142 298113 567371 451471 524177 357324 322929 395202 340823 293395 357778 299535 499592 324802 551867 471150 301223 387649 342360 462157 409033 386800 348302 318106 366202 506770 557169 509845 318200 485291 579949 296157 298480 380786 331073 499708 348271 360927 579046 540509
538905 521347 466841 403594 455155 326901 583100 333041 397793 303764 573022 457122 529828 362975 328580 400853 346474 299046 363429 305186 505243 330453 557518 476801 306873 393300 348011 467808 414683 392451 353953 323758 371853 512421 562820 515496 323851 490942 585600 301809 304131 386437 336724 505359 353922 366578 584697 546159
606459 588901 534395 471149 522710 394456 650654 400596 465347 371319 640576 524676 597383 430529 396134 468407 414028 366600 430983 372741 572797 398007 625072 544356 374428 460854 415566 535362 482238 460005 421507 391312 439407 579976 630374 583050 391405 558496 653154 369363 371685 453992 404278 572914 421476 434132 652251 613714
622185 604627 550121 486874 538435 410181 666380 416321 481073 387044 656302 540402 613108 446255 411860 484133 429754 382326 446709 388466 588523 413733 640798 560081 390154 476580 431291 551088 497963 475731 437233 407037 455133 595701 646100 598776 407131 574222 668880 385089 387411 469717 420004 588639 437202 449858 667977 629439
565700 548142 493636 430389 481950 353697 609895 359837 424588 330559 599817 483917 556623 389770 355375 427648 373269 325841 390224 331981 532038 357248 584313 503596 333669 420095 374806 494603 441479 419246 380748 350552 398648 539216 589615 542291 350646 517737 612395 328604 330926 413232 363519 532154 380717 393373 611492 572956
547101 529543 475037 411790 463351 335098 591296 341237 405989 311960 581218 465318 538024 371171 336776 409049 354670 307242 371625 313382 513439 338649 565714 484997 315069 401496 356207 476004 422879 400647 362149 331953 380049 520617 571016 523692 332047 499138 593796 310005 312327 394633 344920 513555 362118 374774 592893 554355
477554 459996 405490 342243 393804 265551 521749 271691 336442 242413 511671 395771 468477 301624 267229 339502 285123 237695 302078 243835 443892 269102 496167 415450 245522 331949 286660 406457 353333 331100 292602 262406 310502 451070 501469 454145 262500 429591 524249 240458 242780 325086 275373 444008 292571 305227 523346 484809
624311 606753 552247 489000 540561 412307 668506 418447 483199 389170 658428 542528 615234 448381 413987 486259 431880 384452 448835 390592 590649 415859 642924 562207 392279 478706 433417 553214 500089 477857 439359 409163 457259 597827 648226 600902 409257 576348 671006 387215 389537 471843 422130 590765 439328 451984 670103 631565
598023 580465 525959 462712 514273 386020 642218 392160 456911 362882 632140 516240 588946 422093 387698 459971 405592 358164 422547 364304 564361 389571 616636 535919 365992 452418 407129 526926 473802 451569 413071 382875 430971 571539 621938 574614 382969 550060 644718 360927 363249 445555 395842 564477 413041 425696 643815 605278
573779 556221 501715 438468 490029 361776 617974 367916 432667 338638 607896 491996 564702 397849 363454 435727 381348 333920 398303 340060 540117 365327 592392 511675 341748 428174 382885 502682 449558 427325 388827 358631 406727 547295 597694 550370 358725 525816 620474 336683 339005 421311 371598 540233 388796 401452 619571 581034
624508 606950 552444 489198 540759 412505 668703 418645 483396 389367 658625 542725 615432 448578 414183 486456 432077 384649 449032 390790 590846 416056 643121 562404 392477 478903 433615 553411 500287 478054 439556 409361 457456 598025 648423 601099 409454 576545 671203 387412 389734 472041 422327 590963 439525 452181 670300 631763
598717 581159 526653 463406 514967 386713 642912 392853 457605 363576 632834 516934 589640 422787 388392 460665 406286 358858 423241 364998 565055 390265 617330 536613 366685 453112 407823 527620 474495 452263 413765 383569 431665 572233 622632 575308 383663 550754 645412 361621 363943 446249 396536 565171 413734 426390 644509 605971
561568 544010 489504 426258 477819 349565 605763 355705 420456 326428 595685 479785 552492 385638 351243 423516 369137 321709 386092 327850 527906 353116 580181 499464 329537 415963 370675 490471 437347 415114 376616 346421 394516 535085 585483 538159 346514 513605 608263 324472 326794 409101 359387 528023 376585 389241 607360 568823
