13 50
369765 404470 262397 489887 283439 406017 225867 254206 457951 313874 400961 332684 334298 426372 467329 213763 319772 247937 451860 292292 381302 356027 277388 270242 340039 362642 401671 468067 455480 274617 241045 293302 424361 289089 458096 309548 356886 467002 394832 374829 266299 218918 270423 441370 214104 369272 413465 242091 381941 346872
461687 496391 354318 581809 375359 497937 317789 346128 549872 405795 492883 424606 426220 518292 559249 305684 411693 339857 543781 384213 473223 447949 369310 362163 431960 454563 493592 559987 547401 366538 332966 385223 516281 381011 550017 401470 448808 558924 486752 466749 358220 310840 362344 533292 306025 461194 505386 334012 473861 438792
409412 444118 302044 529535 323086 445664 265515 293853 497599 353520 440609 372331 373946 466018 506976 253410 359420 287584 491507 331939 420950 395674 317035 309890 379686 402290 441317 507713 495128 314264 280693 332950 464008 328736 497743 349195 396534 506649 434479 414475 305947 258566 310070 481017 253751 408920 453113 281739 421587 386519
514152 548857 406784 634275 427825 550404 370255 398594 602339 458261 545348 477072 478686 570759 611716 358150 464160 392324 596247 436679 525689 500414 421776 414629 484427 507029 546058 612453 599868 419004 385433 437690 568748 433477 602482 453936 501273 611389 539219 519215 410686 363306 414811 585757 358490 513660 557853 386479 526328 491258
459798 494503 352430 579920 373471 496049 315900 344238 547983 403906 490993 422717 424331 516403 557361 303796 409805 337968 541891 382324 471335 446060 367420 360274 430071 452674 491702 558099 545512 364649 331077 383334 514393 379122 548127 399580 446919 557034 484864 464861 356332 308950 360456 531402 304136 459305 503497 332123 471973 436904
475250 509956 367882 595372 388924 511502 331352 359691 563437 419358 506446 438169 439784 531857 572814 319248 425258 353421 557344 397777 486788 461513 382873 375728 445525 468127 507156 573551 560965 380103 346530 398788 529845 394574 563581 415033 462372 572487 500316 480314 371785 324404 375908 546855 319589 474757 518951 347576 487425 452356
396869 431574 289501 516991 310542 433120 252971 281310 485055 340977 428065 359788 361402 453476 494432 240867 346876 275040 478963 319396 408406 383131 304492 297346 367143 389746 428775 495170 482584 301721 268149 320406 451464 316193 485199 336652 383990 494106 421935 401932 293403 246022 297527 468474 241207 396376 440569 269195 409044 373975
369624 404329 262257 489746 283298 405876 225727 254065 457810 313732 400820 332543 334157 426231 467187 213623 319632 247795 451719 292151 381161 355886 277247 270102 339899 362502 401529 467925 455340 274477 240905 293162 424220 288948 457955 309407 356746 466862 394690 374688 266159 218777 270282 441230 213962 369132 413324 241950 381800 346730
431363 466069 323995 551485 345036 467615 287466 315805 519549 375471 462560 394283 395896 487969 528927 275361 381371 309534 513457 353890 442900 417626 338986 331841 401637 424240 463269 529665 517078 336215 302643 354901 485958 350688 519694 371147 418485 528600 456430 436426 327897 280516 332022 502968 275701 430871 475064 303689 443538 408469
533371 568077 426003 653494 447045 569623 389473 417812 621557 477480 564568 496290 497905 589977 630935 377369 483378 411543 615466 455898 544908 519634 440994 433849 503645 526248 565276 631672 619087 438224 404652 456909 587967 452696 621701 473154 520492 630608 558438 538434 429905 382524 434030 604976 377709 532879 577072 405697 545547 510477
385291 419996 277924 505414 298964 421542 241393 269733 473477 329400 416487 348211 349824 441898 482854 229289 335298 263463 467385 307818 396828 371553 292915 285768 355565 378169 417197 483593 471007 290143 256572 308828 439886 304616 473622 325075 372412 482529 410357 390355 281826 234444 285950 456896 229629 384798 428992 257617 397466 362398
401778 436482 294409 521899 315450 438029 257879 286219 489963 345886 432974 364696 366310 458383 499341 245776 351784 279948 483871 324304 413315 388040 309401 302254 372052 394654 433682 500078 487492 306630 273057 325315 456372 321101 490107 341561 388898 499015 426844 406840 298312 250930 302435 473383 246115 401284 445477 274103 413952 378884
475917 510622 368549 596039 389591 512169 332019 360358 564103 420026 507113 438836 440450 532524 573481 319915 425924 354089 558012 398444 487454 462179 383540 376395 446191 468794 507823 574219 561632 380769 347197 399454 530513 395241 564248 415700 463038 573154 500984 480981 372451 325070 376575 547522 320256 475424 519617 348243 488093 453024
