15 40
495592 388876 325728 325166 507117 393701 440947 351398 523029 284403 227976 309165 450423 333818 310665 237118 270675 384559 344561 284251 504841 394193 420539 234274 302383 373130 370844 299237 245750 345960 505904 239417 388912 271578 386494 478883 333790 428659 290068 397066
539636 432919 369771 369209 551160 437744 484991 395442 567073 328447 272020 353208 494467 377863 354709 281162 314718 428602 388604 328295 548885 438237 464582 278318 346426 417174 414888 343281 289793 390004 549947 283461 432955 315622 430537 522927 377834 472702 334112 441109
493555 386838 323690 323128 505079 391663 438910 349361 520992 282365 225939 307127 448386 331781 308628 235081 268637 382521 342523 282214 502804 392156 418501 232237 300345 371093 368807 297200 243712 343923 503866 237380 386874 269541 384456 476846 331753 426621 288031 395028
578056 471339 408191 407629 589580 476164 523411 433862 605493 366866 310440 391628 532887 416282 393129 319582 353138 467022 427024 366715 587305 476657 503002 316738 384846 455594 453308 381701 328213 428424 588367 321881 471375 354042 468957 561347 416254 511122 372532 479529
646039 539322 476174 475612 657563 544147 591394 501844 673475 434849 378422 459611 600869 484265 461111 387565 421121 535005 495007 434697 655287 544640 570985 384721 452829 523576 521290 449684 396196 496407 656350 389864 539358 422025 536940 629329 484236 579105 440515 547512
603913 497196 434048 433486 615437 502021 549268 459719 631350 392723 336297 417485 558744 442139 418986 345439 378995 492879 452881 392572 613162 502514 528859 342595 410703 481451 479165 407558 354070 454281 614224 347738 497232 379899 494814 587204 442111 536979 398389 505386
505971 399254 336106 335544 517495 404079 451326 361777 533408 294781 238355 319543 460802 344197 321044 247497 281053 394937 354939 294630 515220 404572 430917 244653 312761 383509 381223 309616 256128 356339 516282 249796 399290 281957 396872 489262 344169 439037 300447 407444
533939 427222 364074 363512 545463 432047 479294 389745 561376 322750 266323 347511 488770 372165 349012 275465 309021 422905 382907 322598 543188 432540 458885 272621 340729 411477 409191 337584 284096 384307 544250 277764 427258 309925 424840 517230 372137 467005 328415 435412
638747 532030 468882 468320 650271 536855 584102 494553 666184 427557 371131 452319 593578 476973 453820 380273 413829 527713 487715 427406 647996 537348 563693 377429 445537 516285 513999 442392 388904 489116 649058 382572 532066 414733 529648 622038 476945 571813 433223 540220
527453 420736 357588 357026 538977 425561 472808 383259 554890 316263 259837 341025 482284 365679 342526 268979 302535 416419 376421 316112 536702 426054 452399 266135 334243 404991 402705 331098 277610 377821 537764 271278 420772 303440 418354 510744 365651 460519 321929 428927
614117 507400 444252 443691 625641 512225 559472 469923 641554 402928 346501 427689 568948 452343 429190 355643 389200 503083 463085 402776 623366 512718 539063 352799 420907 491655 489369 417762 364274 464485 624428 357942 507436 390103 505018 597408 452315 547184 408593 515590
621165 514448 451300 450738 632689 519273 566520 476971 648602 409975 353549 434737 575996 459391 436238 362691 396247 510131 470133 409824 630414 519766 546111 359847 427955 498703 496417 424810 371323 471533 631476 364990 514484 397151 512066 604456 459363 554231 415641 522638
581973 475256 412108 411546 593497 480081 527328 437779 609410 370783 314357 395545 536804 420199 397046 323499 357055 470939 430941 370632 591222 480574 506920 320655 388763 459511 457225 385618 332130 432341 592284 325798 475292 357959 472874 565264 420171 515039 376449 483446
639794 533077 469929 469367 651318 537902 585149 495600 667231 428604 372178 453366 594626 478020 454867 381320 414876 528760 488762 428453 649043 538395 564740 378476 446584 517332 515046 443439 389951 490162 650105 383619 533113 415780 530695 623085 477992 572860 434270 541267
524165 417448 354300 353738 535689 422273 469520 379971 551602 312975 256549 337737 478996 362391 339238 265691 299247 413131 373133 312824 533414 422766 449111 262847 330955 401703 399417 327810 274322 374533 534476 267990 417484 300151 415066 507456 362363 457231 318641 425638
