15 45
478559 465779 379022 359113 282746 346836 449398 267245 233956 492173 325098 345395 425993 226542 512402 415768 262735 385359 389449 419660 255181 436236 358411 351159 293877 499731 509860 230545 271787 225469 514309 421948 366876 345099 276098 451290 407586 413007 287052 283680 381633 247121 384703 482881 403100
617895 605115 518358 498449 422082 486172 588734 406581 373293 631509 464434 484731 565329 365878 651738 555104 402071 524695 528785 558996 394518 575572 497747 490495 433213 639067 649196 369881 411123 364805 653645 561285 506212 484435 415434 590627 546922 552343 426389 423016 520969 386457 524039 622217 542436
572594 559814 473057 453148 376781 440871 543433 361280 327991 586208 419133 439430 520028 320577 606437 509803 356770 479394 483484 513695 349217 530271 452446 445194 387912 593766 603895 324580 365822 319504 608344 515983 460911 439134 370133 545326 501621 507042 381087 377715 475668 341156 478738 576916 497135
471408 458627 371871 351962 275595 339685 442246 260093 226805 485022 317947 338244 418842 219391 505251 408616 255584 378208 382298 412508 248030 429085 351259 344007 286725 492579 502708 223393 264636 218317 507157 414797 359724 337948 268947 444139 400435 405855 279901 276528 374482 239969 377552 475729 395949
561985 549205 462448 442539 366172 430262 532823 350671 317382 575599 408524 428821 509419 309968 595828 499193 346161 468785 472875 503086 338607 519662 441837 434584 377302 583156 593285 313970 355213 308894 597735 505374 450302 428525 359524 534716 491012 496432 370478 367106 465059 330547 468129 566306 486526
470941 458161 371404 351495 275128 339218 441780 259627 226339 484555 317480 337777 418375 218924 504784 408150 255117 377741 381831 412042 247564 428618 350793 343541 286259 492113 502242 222927 264169 217851 506691 414331 359258 337481 268480 443673 399968 405389 279435 276063 374015 239503 377085 475263 395482
530410 517630 430873 410964 334597 398687 501249 319096 285808 544024 376949 397246 477844 278393 564253 467619 314586 437210 441300 471511 307033 488088 410262 403010 345728 551582 561711 282396 323638 277320 566160 473800 418727 396950 327949 503142 459437 464858 338904 335531 433484 298972 436554 534732 454951
540896 528116 441359 421450 345083 409173 511735 329582 296293 554510 387435 407732 488330 288879 574739 478105 325072 447696 451786 481997 317519 498573 420748 413496 356214 562068 572197 292882 334124 287806 576646 484286 429213 407436 338435 513628 469923 475344 349390 346017 443970 309458 447040 545218 465437
643443 630663 543906 523997 447630 511720 614281 432129 398840 657057 489982 510279 590877 391426 677286 580651 427619 550243 554333 584544 420065 601120 523295 516042 458760 664614 674743 395428 436671 390353 679193 586832 531760 509983 440982 616174 572470 577890 451936 448564 546517 412005 549587 647765 567984
566428 553647 466890 446982 370615 434705 537266 355113 321825 580042 412967 433263 513862 314410 600271 503636 350604 473227 477318 507528 343050 524105 446279 439027 381745 587599 597728 318413 359656 313337 602177 509817 454744 432968 363967 539159 495455 500875 374921 371548 469502 334989 472572 570749 490968
537569 524788 438032 418123 341756 405846 508407 326254 292966 551183 384108 404405 485003 285552 571412 474777 321745 444369 448459 478669 314191 495246 417420 410168 352886 558740 568869 289554 330797 284478 573318 480958 425885 404109 335108 510300 466596 472016 346062 342689 440643 306130 443713 541890 462109
502355 489575 402818 382909 306542 370632 473194 291041 257752 515969 348894 369191 449789 250338 536198 439563 286531 409155 413245 443456 278977 460032 382207 374954 317672 523527 533656 254340 295583 249265 538105 445744 390672 368895 299894 475086 431382 436802 310848 307476 405429 270917 408499 506677 426896
529444 516664 429907 409998 333631 397721 500283 318130 284842 543058 375983 396280 476879 277427 563287 466653 313620 436244 440334 470545 306067 487122 409296 402044 344762 550616 560745 281430 322673 276354 565194 472834 417761 395984 326984 502176 458471 463892 337938 334565 432519 298006 435589 533766 453985
621736 608955 522199 502290 425923 490013 592574 410421 377133 635350 468275 488572 569170 369719 655579 558944 405912 528536 532626 562836 398358 579413 501588 494335 437053 642907 653036 373721 414964 368645 657486 565125 510053 488276 419275 594467 550763 556183 430229 426856 524810 390298 527880 626057 546277
504919 492139 405382 385473 309107 373197 475758 293605 260317 518533 351459 371755 452354 252902 538763 442128 289096 411719 415810 446020 281542 462597 384771 377519 320237 526091 536220 256905 298148 251829 540669 448309 393236 371460 302459 477651 433947 439367 313413 310040 407994 273481 411064 509241 429460
