15 50
373559 373559 373559 373559 373559 373559 373559 373559 373559 373559 373559 373559 373559 373559 373559 373559 373559 373559 373559 373559 373559 373559 373559 373559 373559 373559 373559 373559 373559 373559 373559 373559 373559 373559 373559 373559 373559 373559 373559 373559 373559 373559 373559 373559 373559 373559 373559 373559 373559 373559
458028 458028 458028 458028 458028 458028 458028 458028 458028 458028 458028 458028 458028 458028 458028 458028 458028 458028 458028 458028 458028 458028 458028 458028 458028 458028 458028 458028 458028 458028 458028 458028 458028 458028 458028 458028 458028 458028 458028 458028 458028 458028 458028 458028 458028 458028 458028 458028 458028 458029
434780 434780 434780 434780 434780 434780 434780 434780 434780 434780 434780 434780 434780 434780 434780 434780 434780 434780 434780 434780 434780 434780 434780 434780 434780 434780 434780 434780 434780 434780 434780 434780 434780 434780 434780 434780 434780 434780 434780 434780 434780 434780 434780 434780 434780 434780 434780 434780 434781 434781
524713 524713 524713 524713 524713 524713 524713 524713 524713 524713 524713 524713 524713 524713 524713 524713 524713 524713 524713 524713 524713 524713 524713 524713 524713 524713 524713 524713 524713 524713 524713 524713 524713 524713 524713 524713 524713 524713 524713 524713 524713 524713 524713 524713 524713 524713 524713 524714 524714 524714
157297 157297 157297 157297 157297 157297 157297 157297 157297 157297 157297 157297 157297 157297 157297 157297 157297 157297 157297 157297 157297 157297 157297 157297 157297 157297 157297 157297 157297 157297 157297 157297 157297 157297 157297 157297 157297 157297 157297 157297 157297 157297 157297 157297 157297 157297 157298 157298 157298 157298
689727 689727 689727 689727 689727 689727 689727 689727 689727 689727 689727 689727 689727 689727 689727 689727 689727 689727 689727 689727 689727 689727 689727 689727 689727 689727 689727 689727 689727 689727 689727 689727 689727 689727 689727 689727 689727 689727 689727 689727 689727 689727 689727 689727 689727 689728 689728 689728 689728 689728
335112 335112 335112 335112 335112 335112 335112 335112 335112 335112 335112 335112 335112 335112 335112 335112 335112 335112 335112 335112 335112 335112 335112 335112 335112 335112 335112 335112 335112 335112 335112 335112 335112 335112 335112 335112 335112 335112 335112 335112 335112 335112 335112 335112 335113 335113 335113 335113 335113 335113
747260 747260 747260 747260 747260 747260 747260 747260 747260 747260 747260 747260 747260 747260 747260 747260 747260 747260 747260 747260 747260 747260 747260 747260 747260 747260 747260 747260 747260 747260 747260 747260 747260 747260 747260 747260 747260 747260 747260 747260 747260 747260 747260 747261 747261 747261 747261 747261 747261 747261
114339 114339 114339 114339 114339 114339 114339 114339 114339 114339 114339 114339 114339 114339 114339 114339 114339 114339 114339 114339 114339 114339 114339 114339 114339 114339 114339 114339 114339 114339 114339 114339 114339 114339 114339 114339 114339 114339 114339 114339 114339 114339 114340 114340 114340 114340 114340 114340 114340 114340
538953 538953 538953 538953 538953 538953 538953 538953 538953 538953 538953 538953 538953 538953 538953 538953 538953 538953 538953 538953 538953 538953 538953 538953 538953 538953 538953 538953 538953 538953 538953 538953 538953 538953 538953 538953 538953 538953 538953 538953 538953 538954 538954 538954 538954 538954 538954 538954 538954 538954
411467 411467 411467 411467 411467 411467 411467 411467 411467 411467 411467 411467 411467 411467 411467 411467 411467 411467 411467 411467 411467 411467 411467 411467 411467 411467 411467 411467 411467 411467 411467 411467 411467 411467 411467 411467 411467 411467 411467 411467 411468 411468 411468 411468 411468 411468 411468 411468 411468 411468
700394 700394 700394 700394 700394 700394 700394 700394 700394 700394 700394 700394 700394 700394 700394 700394 700394 700394 700394 700394 700394 700394 700394 700394 700394 700394 700394 700394 700394 700394 700394 700394 700394 700394 700394 700394 700394 700394 700394 700395 700395 700395 700395 700395 700395 700395 700395 700395 700395 700395
235915 235915 235915 235915 235915 235915 235915 235915 235915 235915 235915 235915 235915 235915 235915 235915 235915 235915 235915 235915 235915 235915 235915 235915 235915 235915 235915 235915 235915 235915 235915 235915 235915 235915 235915 235915 235915 235915 235916 235916 235916 235916 235916 235916 235916 235916 235916 235916 235916 235916
326804 326804 326804 326804 326804 326804 326804 326804 326804 326804 326804 326804 326804 326804 326804 326804 326804 326804 326804 326804 326804 326804 326804 326804 326804 326804 326804 326804 326804 326804 326804 326804 326804 326804 326804 326804 326804 326805 326805 326805 326805 326805 326805 326805 326805 326805 326805 326805 326805 326805
450674 450674 450674 450674 450674 450674 450674 450674 450674 450674 450674 450674 450674 450674 450674 450674 450674 450674 450674 450674 450674 450674 450674 450674 450674 450674 450674 450674 450674 450674 450674 450674 450674 450674 450674 450674 450675 450675 450675 450675 450675 450675 450675 450675 450675 450675 450675 450675 450675 450675
