15 15
619182 619182 619182 619182 619182 619182 619182 619182 619182 619182 619182 619182 619182 619182 619182
716093 716093 716093 716093 716093 716093 716093 716093 716093 716093 716093 716093 716093 716093 716094
580486 580486 580486 580486 580486 580486 580486 580486 580486 580486 580486 580486 580486 580487 580487
257220 257220 257220 257220 257220 257220 257220 257220 257220 257220 257220 257220 257221 257221 257221
59013 59013 59013 59013 59013 59013 59013 59013 59013 59013 59013 59014 59014 59014 59014
177389 177389 177389 177389 177389 177389 177389 177389 177389 177389 177390 177390 177390 177390 177390
251988 251988 251988 251988 251988 251988 251988 251988 251988 251989 251989 251989 251989 251989 251989
656579 656579 656579 656579 656579 656579 656579 656579 656580 656580 656580 656580 656580 656580 656580
422105 422105 422105 422105 422105 422105 422105 422106 422106 422106 422106 422106 422106 422106 422106
408469 408469 408469 408469 408469 408469 408470 408470 408470 408470 408470 408470 408470 408470 408470
129510 129510 129510 129510 129510 129511 129511 129511 129511 129511 129511 129511 129511 129511 129511
322322 322322 322322 322322 322323 322323 322323 322323 322323 322323 322323 322323 322323 322323 322323
98013 98013 98013 98014 98014 98014 98014 98014 98014 98014 98014 98014 98014 98014 98014
513074 513074 513075 513075 513075 513075 513075 513075 513075 513075 513075 513075 513075 513075 513075
344419 344420 344420 344420 344420 344420 344420 344420 344420 344420 344420 344420 344420 344420 344420
