15 5
516631 516631 516631 516631 516631
585925 585925 585925 585925 585926
349523 349523 349523 349524 349524
654425 654425 654426 654426 654426
41812 41813 41813 41813 41813
297141 297141 297141 297141 297141
738050 738050 738050 738050 738050
360616 360616 360616 360616 360616
52703 52703 52703 52703 52703
674844 674844 674844 674844 674844
394314 394314 394314 394314 394314
674515 674515 674515 674515 674515
70782 70782 70782 70782 70782
275641 275641 275641 275641 275641
702979 702979 702979 702979 702979
