15 5
500000 500000 500000 500000 500000
500000 500000 500000 500000 750000
500000 500000 500000 750000 750000
500000 500000 750000 750000 750000
500000 750000 750000 750000 750000
750000 750000 750000 750000 750000
750000 750000 750000 750000 750000
750000 750000 750000 750000 750000
750000 750000 750000 750000 750000
750000 750000 750000 750000 750000
750000 750000 750000 750000 750000
750000 750000 750000 750000 750000
750000 750000 750000 750000 750000
750000 750000 750000 750000 750000
750000 750000 750000 750000 750000
