15 50
69420 69420 69420 69420 69420 69420 69420 69420 69420 69420 69420 69420 69420 69420 69420 69420 69420 69420 69420 69420 69420 69420 69420 69420 69420 69420 69420 69420 69420 69420 69420 69420 69420 69420 69420 69420 69420 69420 69420 69420 69420 69420 69420 69420 69420 69420 69420 69420 69420 69420
69420 69420 69420 69420 69420 69420 69420 69420 69420 69420 69420 69420 69420 69420 69420 69420 69420 69420 69420 69420 69420 69420 69420 69420 69420 69420 69420 69420 69420 69420 69420 69420 69420 69420 69420 69420 69420 69420 69420 69420 69420 69420 69420 69420 69420 69420 69420 69420 69420 69420
69420 69420 69420 69420 69420 69420 69420 69420 69420 69420 69420 69420 69420 69420 69420 69420 69420 69420 69420 69420 69420 69420 69420 69420 69420 69420 69420 69420 69420 69420 69420 69420 69420 69420 69420 69420 69420 69420 69420 69420 69420 69420 69420 69420 69420 69420 69420 69420 69420 69420
69420 69420 69420 69420 69420 69420 69420 69420 69420 69420 69420 69420 69420 69420 69420 69420 69420 69420 69420 69420 69420 69420 69420 69420 69420 69420 69420 69420 69420 69420 69420 69420 69420 69420 69420 69420 69420 69420 69420 69420 69420 69420 69420 69420 69420 69420 69420 69420 69420 69420
69420 69420 69420 69420 69420 69420 69420 69420 69420 69420 69420 69420 69420 69420 69420 69420 69420 69420 69420 69420 69420 69420 69420 69420 69420 69420 69420 69420 69420 69420 69420 69420 69420 69420 69420 69420 69420 69420 69420 69420 69420 69420 69420 69420 69420 69420 69420 69420 69420 69420
69420 69420 69420 69420 69420 69420 69420 69420 69420 69420 69420 69420 69420 69420 69420 69420 69420 69420 69420 69420 69420 69420 69420 69420 69420 69420 69420 69420 69420 69420 69420 69420 69420 69420 69420 69420 69420 69420 69420 69420 69420 69420 69420 69420 69420 69420 69420 69420 69420 69420
69420 69420 69420 69420 69420 69420 69420 69420 69420 69420 69420 69420 69420 69420 69420 69420 69420 69420 69420 69420 69420 69420 69420 69420 69420 69420 69420 69420 69420 69420 69420 69420 69420 69420 69420 69420 69420 69420 69420 69420 69420 69420 69420 69420 69420 69420 69420 69420 69420 69420
69420 69420 69420 69420 69420 69420 69420 69420 69420 69420 69420 69420 69420 69420 69420 69420 69420 69420 69420 69420 69420 69420 69420 69420 69420 69420 69420 69420 69420 69420 69420 69420 69420 69420 69420 69420 69420 69420 69420 69420 69420 69420 69420 69420 69420 69420 69420 69420 69420 69420
69420 69420 69420 69420 69420 69420 69420 69420 69420 69420 69420 69420 69420 69420 69420 69420 69420 69420 69420 69420 69420 69420 69420 69420 69420 69420 69420 69420 69420 69420 69420 69420 69420 69420 69420 69420 69420 69420 69420 69420 69420 69420 69420 69420 69420 69420 69420 69420 69420 69420
69420 69420 69420 69420 69420 69420 69420 69420 69420 69420 69420 69420 69420 69420 69420 69420 69420 69420 69420 69420 69420 69420 69420 69420 69420 69420 69420 69420 69420 69420 69420 69420 69420 69420 69420 69420 69420 69420 69420 69420 69420 69420 69420 69420 69420 69420 69420 69420 69420 69420
69420 69420 69420 69420 69420 69420 69420 69420 69420 69420 69420 69420 69420 69420 69420 69420 69420 69420 69420 69420 69420 69420 69420 69420 69420 69420 69420 69420 69420 69420 69420 69420 69420 69420 69420 69420 69420 69420 69420 69420 69420 69420 69420 69420 69420 69420 69420 69420 69420 69420
69420 69420 69420 69420 69420 69420 69420 69420 69420 69420 69420 69420 69420 69420 69420 69420 69420 69420 69420 69420 69420 69420 69420 69420 69420 69420 69420 69420 69420 69420 69420 69420 69420 69420 69420 69420 69420 69420 69420 69420 69420 69420 69420 69420 69420 69420 69420 69420 69420 69420
69420 69420 69420 69420 69420 69420 69420 69420 69420 69420 69420 69420 69420 69420 69420 69420 69420 69420 69420 69420 69420 69420 69420 69420 69420 69420 69420 69420 69420 69420 69420 69420 69420 69420 69420 69420 69420 69420 69420 69420 69420 69420 69420 69420 69420 69420 69420 69420 69420 69420
69420 69420 69420 69420 69420 69420 69420 69420 69420 69420 69420 69420 69420 69420 69420 69420 69420 69420 69420 69420 69420 69420 69420 69420 69420 69420 69420 69420 69420 69420 69420 69420 69420 69420 69420 69420 69420 69420 69420 69420 69420 69420 69420 69420 69420 69420 69420 69420 69420 69420
69420 69420 69420 69420 69420 69420 69420 69420 69420 69420 69420 69420 69420 69420 69420 69420 69420 69420 69420 69420 69420 69420 69420 69420 69420 69420 69420 69420 69420 69420 69420 69420 69420 69420 69420 69420 69420 69420 69420 69420 69420 69420 69420 69420 69420 69420 69420 69420 69420 69420
