1
500
349
..#.#..#....#....#..####.#...#..#.#.#......###.........#..#...#........##..##...#.#.#.....##......###.##.......#.#....#..###.#.#...#..#.....#..#....#....###......#......#.....####.##....#.##......#...#....#.#.#.#.#.#..##.......#.#....##..#.##...#..#...#.........#...#.#...#.#..#...##.#...##.....#..#S##...#..#.##............#.........#..#.....#..#...#.......##......##..#.#.#.....#......#..#..#.#.##..#.#.......#.#....#...##..##..........##..#.#..#.#...####...#.#...#...#..##.##.....#....#......#....
1 429
1 341
1 61
1 40
1 254
1 271
1 43
1 331
1 47
1 183
1 472
1 326
1 377
1 237
1 330
1 223
1 258
1 476
1 94
1 255
1 417
1 117
1 354
1 175
1 425
1 116
1 366
1 39
1 382
1 65
1 204
1 195
1 157
1 493
1 80
1 458
1 12
1 287
1 158
1 494
1 270
1 98
1 131
1 392
1 416
1 31
1 244
1 418
1 470
1 333
1 465
1 441
1 395
1 323
1 231
1 222
1 462
1 322
1 298
1 227
1 386
1 16
1 88
1 57
1 469
1 136
1 376
1 125
1 421
1 109
1 25
1 67
1 307
1 444
1 378
1 106
1 291
1 468
1 483
1 403
1 288
1 286
1 167
1 6
1 281
1 266
1 400
1 384
1 334
1 308
1 459
1 350
1 90
1 356
1 41
1 111
1 143
1 9
1 240
1 410
1 82
1 192
1 173
1 218
1 217
1 209
1 353
1 196
1 60
1 130
1 185
1 150
1 332
1 438
1 460
1 487
1 342
1 259
1 127
1 328
1 264
1 321
1 284
1 166
1 87
1 184
1 498
1 180
1 51
1 276
1 102
1 84
1 147
1 243
1 481
1 480
1 380
1 385
1 390
1 121
1 69
1 107
1 435
1 279
1 159
1 19
1 199
1 432
1 406
1 372
1 492
1 205
1 164
1 169
1 113
1 191
1 11
1 247
1 70
1 364
1 1
1 436
1 262
1 473
1 397
1 188
1 272
1 50
1 142
1 303
1 27
1 48
1 229
1 203
1 10
1 265
1 194
1 426
1 407
1 221
1 198
1 415
1 95
1 313
1 252
1 446
1 260
1 160
1 256
1 53
1 89
1 491
1 257
1 86
1 409
1 108
1 168
1 139
1 365
1 145
1 215
1 20
1 357
1 15
1 2
1 379
1 488
1 148
1 234
1 280
1 71
1 75
1 58
1 346
1 118
1 431
1 343
1 7
1 466
1 317
1 434
1 294
1 327
1 153
1 274
1 225
1 319
1 297
1 442
1 36
1 500
1 17
1 213
1 97
1 129
1 447
1 349
1 110
1 251
1 4
1 62
1 411
1 329
1 389
1 14
1 314
1 363
1 68
1 64
1 352
1 420
1 248
1 120
1 138
1 370
1 453
1 358
1 96
1 305
1 115
1 38
1 304
1 449
1 146
1 310
1 49
1 224
1 32
1 479
1 348
1 337
1 497
1 490
1 74
1 140
1 226
1 152
1 151
1 174
1 320
1 393
1 134
1 66
1 362
1 295
1 324
1 339
1 499
1 433
1 316
1 137
1 345
1 186
1 52
1 387
1 495
1 261
1 318
1 413
1 232
1 79
1 34
1 293
1 233
1 374
1 451
1 28
1 193
1 383
1 401
1 452
1 29
1 369
1 486
1 161
1 408
1 437
1 336
1 422
1 277
1 405
1 238
1 211
1 245
1 355
1 430
1 482
1 340
1 105
1 171
1 93
1 200
1 464
1 42
1 165
1 207
1 485
1 78
1 250
1 315
1 292
1 162
1 268
1 361
1 54
1 55
1 133
1 172
1 202
