1
500
299
##..##..##.####..#..##....#..###.###.##..#....##.....##.#....#.#.....##....##.####.#.#........#...##..#.##.....##.#..##.#..#..#...#...#.###..#..#.#....##..##.#..#..#...##...#..#.#.#..#..#.....####.#....##..#......#....#...##.###.##.....##..#.#.#..#.....#..#.#..#.#.#..#........##..#......#..#.#.##...#...#.#####.#..###.#.....#.##.....##.#..#...#.#.#.....##.##......##.####.#.#.##..#........#.#..........#####...#..###..###.##...###.#.#.....#..#.#..###.###.....#S#.#.#..#..#.#...##.#..#.##..##...#..##
1 200
1 98
1 160
1 383
1 83
1 175
1 432
1 397
1 172
1 251
1 414
1 252
1 443
1 218
1 229
1 120
1 490
1 427
1 66
1 117
1 255
1 351
1 102
1 419
1 232
1 129
1 97
1 281
1 368
1 350
1 413
1 457
1 327
1 396
1 126
1 306
1 400
1 143
1 78
1 144
1 498
1 68
1 285
1 459
1 222
1 442
1 164
1 16
1 293
1 344
1 134
1 154
1 60
1 51
1 109
1 176
1 128
1 439
1 437
1 8
1 267
1 209
1 206
1 428
1 171
1 11
1 284
1 280
1 155
1 130
1 377
1 216
1 186
1 287
1 45
1 234
1 304
1 380
1 158
1 472
1 409
1 399
1 26
1 43
1 362
1 331
1 360
1 65
1 221
1 93
1 247
1 72
1 385
1 314
1 236
1 246
1 423
1 452
1 271
1 375
1 343
1 69
1 458
1 333
1 497
1 302
1 29
1 75
1 20
1 7
1 111
1 390
1 136
1 104
1 476
1 74
1 242
1 46
1 178
1 363
1 348
1 125
1 268
1 87
1 61
1 148
1 190
1 197
1 89
1 286
1 101
1 381
1 403
1 312
1 167
1 168
1 361
1 63
1 440
1 300
1 41
1 357
1 261
1 445
1 182
1 489
1 388
1 319
1 365
1 202
1 59
1 364
1 324
1 373
1 334
1 217
1 53
1 387
1 315
1 166
1 23
1 466
1 19
1 133
1 49
1 290
1 392
1 183
1 460
1 323
1 233
1 180
1 17
1 33
1 205
1 337
1 24
1 325
1 273
1 28
1 471
1 67
1 192
1 146
1 189
1 185
1 270
1 265
1 474
1 256
1 52
1 477
1 274
1 96
1 4
1 395
1 275
1 210
1 40
1 436
1 123
1 250
1 339
1 90
1 56
1 448
1 468
1 141
1 116
1 401
1 212
1 352
1 276
1 434
1 114
1 239
1 110
1 188
1 298
1 411
1 140
1 353
1 283
1 235
1 398
1 332
1 132
1 384
1 249
1 486
1 173
1 456
1 91
1 321
1 481
1 483
1 108
1 211
1 402
1 161
1 92
1 288
1 438
1 303
1 418
1 58
1 426
1 253
1 122
1 3
1 291
1 73
1 44
1 495
1 354
1 94
1 272
1 260
1 478
1 394
1 346
1 447
1 330
1 410
1 85
1 263
1 220
1 215
1 493
1 386
1 225
1 37
1 342
1 484
1 322
1 389
1 464
1 258
1 25
1 340
1 295
1 244
1 199
1 50
1 107
1 151
1 88
1 208
1 299
1 191
1 150
1 213
1 469
1 149
1 494
1 277
1 240
1 163
1 201
