1
11 950
1
1 1
1 1 1 1
1 1 1 1 1 1 1 1
1 1 1 1 1 1 1 1 1 1 1 1 1 1 1 1
1 1 1 1 1 1 1 1 1 0 1 1 1 1 1 1 1 1 1 1 1 1 1 1 1 1 1 1 1 1 1 1
1 1 1 1 1 1 1 1 1 1 1 1 1 1 1 1 1 1 0 0 1 1 1 1 1 1 1 1 1 1 1 1 1 1 1 1 1 1 1 1 1 1 1 1 1 1 1 1 1 1 1 1 1 1 1 1 1 1 1 1 1 1 1 1
1 1 1 1 1 1 1 1 1 1 1 1 1 1 1 1 1 1 0 1 1 1 1 1 1 1 1 1 1 1 1 1 1 1 1 1 0 0 0 0 1 1 1 1 1 1 1 1 1 0 1 1 1 1 1 1 1 1 1 1 1 1 1 1 1 1 1 1 1 1 1 1 1 1 1 1 1 1 1 1 1 1 1 1 1 1 1 1 1 1 1 1 1 1 1 1 1 1 1 1 1 1 1 1 1 1 1 1 1 1 1 1 1 1 1 1 1 1 1 1 1 1 1 1 1 1 1 1
1 1 1 1 1 1 1 1 1 1 1 1 1 1 1 1 1 1 1 1 1 1 1 1 1 1 1 1 1 1 1 1 1 1 1 1 0 0 1 1 1 1 1 1 1 1 1 1 1 1 1 1 1 1 1 1 1 1 1 1 1 1 1 1 1 1 1 1 1 1 1 1 0 0 0 0 0 0 0 0 1 1 1 1 1 1 1 1 1 1 1 1 1 1 1 1 1 1 0 0 1 1 1 1 1 1 1 1 1 1 1 1 1 1 1 1 1 1 1 1 1 1 1 1 1 1 1 1 1 1 1 1 1 1 1 1 1 1 1 1 1 1 1 1 1 1 1 1 1 1 1 1 1 1 1 1 1 1 1 1 1 1 1 1 1 1 1 1 1 1 1 1 1 1 1 1 1 1 1 1 1 1 1 1 1 1 1 1 1 1 1 1 1 1 1 1 1 1 1 1 1 1 1 1 1 1 1 1 1 1 1 1 1 1 1 1 1 1 1 1 1 1 1 1 1 1 1 1 1 1 1 1 1 1 1 1 1 1 1 1 1 1 1 1 1 1 1 1 1 1 1 1 1 1 1 1
1 1 1 1 1 1 1 1 1 1 1 1 1 1 1 1 1 1 1 1 1 0 1 1 1 1 1 1 1 1 1 1 1 1 1 1 1 1 1 1 1 1 1 1 1 1 1 1 1 1 1 1 1 1 1 1 1 1 1 1 1 1 1 1 1 1 1 1 1 1 1 1 0 0 0 0 1 1 1 1 1 1 1 1 1 1 1 1 1 1 1 1 1 1 1 1 1 1 1 1 1 1 1 1 1 1 1 1 1 1 1 1 1 1 1 1 1 1 1 1 1 1 1 1 1 1 1 1 1 1 1 0 1 1 1 1 1 1 1 1 1 1 1 1 0 0 0 0 0 0 0 0 0 0 0 0 0 0 0 0 1 1 1 1 1 1 1 1 1 1 1 1 1 1 1 1 1 1 1 1 1 1 1 1 1 1 1 1 1 1 1 1 1 1 1 1 0 0 0 0 1 1 1 1 1 1 1 1 1 1 1 1 1 1 1 1 1 1 1 1 1 1 1 1 1 1 1 1 1 1 1 1 1 1 1 1 1 1 1 1 1 1 1 1 1 1 1 1 1 1 1 1 1 1 1 1 1 1 1 1 1 1 1 1 1 1 1 1 1 1 1 1 1 1 1 1 1 1 1 1 1 1 1 1 1 1 1 1 1 1 1 1 1 1 1 1 1 1 1 1 1 1 1 1 1 1 1 1 1 1 1 1 1 1 1 1 1 1 1 1 1 1 1 1 1 1 1 1 1 1 1 1 1 1 1 1 1 1 1 1 1 1 1 1 1 1 1 1 1 1 1 1 1 1 1 1 1 1 1 1 1 1 1 1 1 1 1 1 1 1 1 1 1 1 1 1 1 1 1 1 1 1 1 1 1 1 1 1 1 1 1 1 1 1 1 1 1 1 1 1 1 1 1 1 1 1 1 1 1 1 1 1 1 1 1 1 1 1 1 1 1 1 1 1 1 1 1 1 1 1 1 1 1 1 1 1 1 1 1 1 1 1 1 1 1 1 1 1 1 1 1 1 1 1 1 1 1 1 1 1 1 1 1 1 1 1 1 1 1 1 1 1 1 1 1 1 1 1 1 1 1 1 1 1 1 1 1 1 1 1 1 1 1 1 1 1 1 1 1 1 1 1 1 1 1 1 1 1 1 1 1 1
1 1 1 1 1 1 1 1 1 1 1 1 1 1 1 1 1 1 1 1 1 0 1 1 1 1 1 1 1 1 1 1 1 1 1 1 1 1 1 1 1 1 0 0 1 1 1 1 1 1 1 1 1 1 1 1 1 1 1 1 1 1 1 1 1 1 1 1 1 1 1 1 1 1 1 1 1 1 1 1 1 1 1 1 1 1 1 1 1 1 1 1 1 1 1 1 1 1 1 1 1 1 1 1 1 1 1 1 1 1 1 1 1 1 1 1 1 1 1 1 1 1 1 1 1 1 1 1 1 1 1 1 1 1 1 1 1 1 1 1 1 1 1 1 0 0 0 0 0 0 0 0 1 1 1 1 1 1 1 1 1 1 1 1 1 1 1 1 1 1 1 1 1 1 1 1 1 1 1 1 1 1 1 1 1 1 1 1 1 1 1 1 1 1 1 1 1 1 1 1 1 1 1 1 1 1 1 1 1 1 1 1 1 1 1 1 1 1 1 1 1 1 1 1 1 1 1 1 1 1 1 1 1 1 1 1 1 1 1 1 1 1 1 1 1 1 1 1 1 1 1 1 1 1 1 1 1 1 1 1 1 1 0 0 1 1 1 1 1 1 1 1 1 1 1 1 1 1 1 1 1 1 1 1 1 1 1 1 0 0 0 0 0 0 0 0 0 0 0 0 0 0 0 0 0 0 0 0 0 0 0 0 0 0 0 0 0 0 0 0 1 1 1 1 1 1 1 1 1 1 1 1 1 1 1 1 1 1 1 1 1 1 1 1 1 1 1 1 1 1 1 1 1 1 1 1 1 1 1 1 1 1 1 1 1 1 1 1 1 1 1 1 1 1 1 1 1 1 1 1 1 1 1 1 1 1 0 1 1 1 1 1 0 0 0 0 0 0 0 0 1 1 1 1 1 1 1 1 1 1 1 1 1 1 1 1 1 1 1 1 1 1 1 1 1 1 1 1 1 1 1 1 1 1 1 1 1 1 1 1 1 1 1 1 1 1 1 1 1 1 1 1 1 1 1 1 1 1 1 1 1 1 1 1 1 1 1 1 1 1 1 1 1 1 1 1 1 1 1 1 1 1 1 1 1 1 1 1 1 1 1 1 1 1 1 1 1 1 1 1 1 1 1 1 1 1 1 1 1 1 1 1 1 1 1 1 1 1 1 1 1 1 1 1 1 1 1 1 1 1 1 1 1 1 1 1 1 1 1 1 1 1 1 1 1 1 1 1 1 1 1 1 1 1 1 1 1 1 1 1 1 1 1 1 1 1 1 1 1 1 1 1 1 1 1 1 1 1 1 1 1 1 1 1 1 1 1 1 1 1 1 1 1 1 1 1 1 1 1 1 1 1 1 1 1 1 1 1 1 1 1 1 1 1 1 1 1 1 1 1 1 1 1 1 1 1 1 1 1 1 1 1 1 1 1 1 1 1 1 1 1 1 1 1 1 1 1 1 1 1 1 1 1 1 1 1 1 1 1 1 1 1 1 1 1 1 1 1 1 1 1 1 1 1 1 1 1 1 1 1 1 1 1 1 1 1 1 1 1 1 1 1 1 1 1 1 1 1 1 1 1 1 1 1 1 1 1 1 1 1 1 1 1 1 1 1 1 1 1 1 1 1 1 1 1 1 1 1 1 1 1 1 1 1 1 1 1 1 1 1 1 1 1 1 1 1 1 1 1 1 1 1 1 1 1 1 1 1 1 1 1 1 1 1 1 1 1 1 1 1 1 1 1 1 1 1 1 1 1 1 1 1 1 1 1 1 1 1 1 1 1 1 1 1 1 1 1 1 1 1 1 1 1 1 1 1 1 1 1 1 1 1 1 1 1 1 1 1 1 1 1 1 1 1 1 1 1 1 1 1 1 1 1 1 1 1 1 1 1 1 1 1 1 1 1 1 1 1 1 1 1 1 1 1 1 1 1 1 1 1 1 1 1 1 1 1 1 1 1 1 1 1 1 1 1 1 1 1 1 1 1 1 1 1 1 1 1 1 1 1 1 1 1 1 1 1 1 1 1 1 1 1 1 1 1 1 1 1 1 1 1 1 1 1 1 1 1 1 1 1 1 1 1 1 1 1 1 1 1 1 1 1 1 1 1 1 1 1 1 1 1 1 1 1 1 1 1 1 1 1 1 1 1 1 1 1 1 1 1 1 1 1 1 1 1 1 1 1 1 1 1 1 1 1 1 1 1 1 1 1 1 1 1 1 1 1 1 1 1 1 1 1 1 1 1 1 1 1 1 1 1 1 1 1 1 1 1 1 1 1 1 1 1 1 1 1 1 1 1 1 1 1 1 1
948
0 0 1 1 0 0 0 1 0 1 0 1 0 0 0 1 1 0 1 1 1 0 0 0 0 1 0 0 0 0 0 1 0 1 0 1 0 0 1 1 1 1 1 0 0 0 0 1 0 0 1 0 1 1 0 1 1 1 0 1 0 1 1 0 0 0 0 1 0 0 0 0 0 0 0 1 0 1 1 1 1 0 0 0 0 0 1 0 1 1 0 1 0 0 1 1 1 0 0 0 1 1 0 1 0 1 1 0 0 0 0 0 0 1 0 1 1 1 0 1 0 1 0 1 1 0 0 1 1 1 0 0 0 1 1 1 0 1 1 1 1 0 0 0 0 1 1 1 1 1 1 1 1 0 0 0 1 0 0 1 1 1 0 0 0 1 0 0 1 0 1 0 1 1 0 0 0 0 1 1 1 1 1 1 1 1 0 1 0 0 1 1 1 1 0 0 0 0 1 1 1 1 1 1 1 0 0 0 0 1 1 1 1 1 0 0 0 1 1 0 0 1 0 1 1 0 0 1 1 1 0 1 0 1 0 0 1 1 1 0 1 0 1 0 1 0 1 1 0 1 0 0 0 1 0 0 0 1 1 1 0 1 0 0 0 1 1 0 1 1 0 0 0 0 0 0 0 1 0 0 0 1 0 1 0 0 0 0 1 1 0 0 1 0 1 0 0 1 0 0 0 0 0 1 1 1 1 0 1 0 1 0 1 1 1 0 1 0 0 0 0 1 0 0 0 0 0 0 1 0 0 1 0 1 1 1 0 0 1 0 0 0 0 1 0 1 0 1 1 1 0 0 0 0 1 0 1 0 0 0 0 1 0 1 1 0 0 1 0 1 0 1 0 0 1 1 1 1 0 0 0 1 1 1 0 1 1 0 1 0 0 1 1 1 0 0 0 0 1 1 1 1 0 1 0 1 0 1 1 1 0 1 1 1 0 1 0 0 0 1 1 1 1 0 0 0 1 0 0 0 1 0 0 0 1 1 0 1 0 0 0 1 0 0 0 1 0 0 1 0 0 0 1 0 0 0 1 0 0 1 1 0 0 1 0 1 1 1 0 0 1 0 0 1 0 0 1 0 0 1 1 1 0 0 0 1 1 0 0 0 0 1 0 0 0 1 1 1 1 1 0 0 0 1 1 0 1 1 0 0 0 1 1 0 0 1 0 1 0 0 1 0 1 0 1 0 1 0 1 1 0 0 1 0 1 0 1 0 0 0 0 1 0 0 0 0 0 0 1 0 0 0 0 0 0 0 0 1 0 0 0 1 1 0 0 0 0 0 0 0 0 0 0 1 1 0 1 1 1 1 1 1 0 1 0 0 0 1 1 1 1 0 1 0 0 0 1 1 0 0 0 1 0 0 0 1 0 0 1 0 0 0 0 1 0 0 1 0 0 1 0 1 1 1 1 0 0 0 1 0 1 0 1 1 1 0 0 0 0 0 1 1 1 0 0 1 0 1 0 1 0 1 1 1 1 0 1 1 1 0 0 1 1 1 0 1 0 1 0 1 0 0 1 0 1 0 0 0 1 1 0 0 1 0 0 1 1 1 1 1 1 0 0 0 0 0 0 1 1 0 1 1 1 0 0 0 0 1 0 0 1 1 1 0 0 1 0 0 1 0 0 0 0 0 0 0 1 1 0 1 1 1 1 1 0 1 0 1 1 0 1 1 1 1 1 0 0 0 0 1 0 0 0 1 0 0 0 1 0 1 0 1 1 1 0 0 1 1 0 0 0 0 1 1 0 0 0 0 1 1 0 0 1 0 0 0 1 0 0 1 0 0 0 0 0 0 0 1 0 0 1 1 0 1 0 1 0 1 1 0 1 0 0 0 0 0 0 1 0 1 1 1 1 0 0 1 0 0 0 1 1 0 1 1 0 0 1 1 0 1 1 0 1 1 1 1 0 0 0 0 1 0 0 1 0 0 0 0 0 0 0 1 1 0 1 1 0 1 0 1 0 1 1 1 1 1 0 1 1 0 0 1 0 1 0 0 0 0 1 0 0 0 0 1 1 0 1 1 0 1 0 0 0 1 1 0 1 1 0 0 1 1 0 1 0 0 0 1 1 0 0 0 0 0 1 1 1 1 0 0 1 0 0 1 0 1 0 0 0 1 1 1 0 0 0 0 1 1
949
1 1 1 1 0 0 0 1 1 1 0 1 1 1 1 1 0 1 0 0 0 0 1 0 0 0 1 0 0 0 0 0 0 1 0 0 0 1 0 1 1 0 1 0 1 1 1 1 1 1 1 0 0 0 0 0 1 0 0 0 1 1 1 0 0 0 1 0 0 1 0 1 0 0 1 0 0 1 0 0 0 1 1 0 0 1 1 0 1 1 1 0 0 0 1 0 1 1 0 0 0 0 1 0 0 1 0 1 0 0 0 1 1 0 0 0 0 1 1 0 0 0 1 1 1 0 0 1 0 1 1 0 0 0 1 1 0 1 0 0 1 0 0 0 0 1 0 1 0 1 1 1 0 0 1 0 1 0 1 0 0 0 1 0 0 1 1 0 1 0 1 0 1 1 0 0 0 1 0 0 0 1 1 0 1 0 0 0 0 1 0 0 1 1 0 0 0 0 0 1 1 1 0 0 1 0 0 1 0 1 1 1 0 1 0 0 1 1 1 0 0 1 1 1 0 1 1 0 1 0 0 1 0 1 0 1 1 1 0 1 0 0 0 1 1 1 0 1 0 0 0 1 0 1 1 0 0 1 1 1 0 1 1 0 0 1 0 0 0 1 1 0 1 0 0 1 0 0 1 1 0 1 0 0 0 0 0 1 1 1 0 1 0 1 1 0 0 1 1 0 1 0 1 1 1 1 1 0 1 0 0 1 1 0 0 0 0 1 0 1 1 0 0 0 0 0 0 1 1 0 0 1 1 0 1 1 0 1 1 0 0 0 0 1 0 0 1 1 1 0 0 0 1 1 1 1 0 0 0 1 0 0 0 1 1 1 1 1 0 0 0 0 1 0 1 0 1 0 0 1 1 0 1 0 0 1 0 0 1 0 1 0 1 0 0 0 1 0 0 0 0 0 1 1 0 0 0 1 1 1 0 0 0 1 1 0 0 0 1 1 0 1 0 1 0 0 1 1 0 1 1 1 0 1 0 0 1 1 0 0 0 0 1 0 1 0 1 1 0 1 0 0 1 0 1 1 0 0 1 1 1 0 0 0 0 1 1 0 1 1 1 0 0 1 1 0 0 1 1 0 0 0 1 0 1 0 0 1 1 0 1 1 0 0 0 1 1 1 1 0 1 1 0 1 0 0 1 0 1 1 1 1 0 1 1 0 0 1 0 0 0 1 1 0 0 1 1 0 1 1 0 0 0 0 0 1 1 1 0 1 0 1 1 0 1 1 0 1 0 0 0 0 1 0 1 0 1 1 1 0 0 0 0 1 0 0 0 0 1 1 1 0 0 1 1 1 0 1 1 1 0 0 0 0 1 1 0 1 0 0 0 0 0 0 1 0 1 0 0 1 1 0 1 1 0 0 0 1 1 0 1 0 0 0 0 0 1 1 1 0 1 1 1 1 1 0 0 1 1 0 1 1 1 0 1 1 0 0 1 1 0 1 0 1 0 0 1 0 0 0 1 0 0 0 1 0 1 0 0 0 1 1 1 0 0 0 1 1 0 0 0 1 0 0 1 1 1 0 1 0 0 0 1 0 1 0 0 1 1 1 0 0 0 1 0 1 0 0 1 0 1 1 0 0 0 1 0 1 1 0 1 0 0 0 0 0 1 0 0 0 1 0 1 0 0 0 1 1 0 0 1 0 1 1 1 1 0 1 0 0 1 0 0 1 0 0 0 0 1 0 1 1 0 0 0 0 1 1 0 0 1 1 0 0 0 0 1 1 1 0 1 1 1 1 0 1 1 0 0 1 0 1 0 0 1 1 0 1 1 1 1 0 0 0 0 1 0 0 1 1 1 1 0 0 1 1 0 1 0 1 1 1 0 0 1 1 1 1 1 0 0 1 0 0 0 0 0 0 0 0 1 0 1 0 0 0 1 0 1 0 1 1 1 0 1 1 0 1 0 1 1 0 0 1 0 1 1 0 0 1 1 0 0 0 0 0 1 1 0 1 1 0 0 0 1 0 0 1 1 0 1 1 1 1 0 0 1 0 0 1 0 1 1 1 0 0 0 1 1 0 1 0 0 0 0 1 1 0 0 1 0 0 0 0 1 1 0 1 1 1 1 1 1 0 0 0 0 0 0 0 0 1 0 1 0 1 0 0 0 0 1 1 1 1 0 0 0 1 1
