15 5
10000000 20000000 30000000 40000000 50000000 60000000 70000000 80000000 90000000 100000000 110000000 120000000 130000000 140000000 150000000
5 5 5 5 5 5 5 5 5 5 5 5 5 5 5
18 29 33 43 40
1272140 8415171 3903110 6765183 8037858
51 8 11 54 14
7770641 7047980 4175484 2434118 6460427
3 61 15 36 32
7600619 6788263 6621190 7988065 3806654
9 47 20 17 10
6856251 9102624 4508184 1008299 2947752
62 2 25 48 63
439901 2241174 7705438 3468142 9825100
26 45 24 69 21
3929643 757631 2105828 7049148 7167632
44 41 22 31 57
8955075 2386754 3810552 7769929 3091040
50 7 58 65 30
6092686 2020510 9965797 5254791 5086633
42 71 1 34 73
8246696 63648 1973347 6160913 4952777
66 12 49 23 4
6661517 5600944 106070 2364023 8879699
46 64 52 56 39
4925374 6166555 5025647 2268522 9395407
55 53 5 27 16
3753809 6630896 4516071 8425933 4888953
75 35 37 74 70
7957257 9250297 8262941 6811798 3916626
38 28 6 13 67
2734870 7074682 3585338 2384866 8393953
72 59 19 60 68
875518 1393188 5884460 4107240 6996691
