1000 1000000000 10000000
322079 394051
686141 815334
1046227 1369387
1664484 1729819
2035474 2148331
2387174 2698609
2756075 3049106
3282388 3376695
3639512 3896961
4105406 4159866
4286766 4418112
4751094 5070748
5355918 5551955
5839860 6075711
6181468 6399647
6577864 6602485
6867422 7025599
7141743 7425422
7469193 7782133
8089751 8114799
8347297 8605809
8686836 8924238
9208443 9438731
9659939 9834235
10019574 10232752
10368812 10590631
10618236 10805082
10821277 10887518
11121896 11305583
11512325 11591785
11680321 11879403
12201759 12428741
12602137 12798198
13012996 13247261
13261243 13486342
13527156 13667406
13819341 13981017
14198360 14222736
14484445 14668057
14859338 14984736
15132512 15437433
15689208 15850435
15938931 15998072
16177927 16194107
16438551 16703435
16889012 16982421
16993438 17125430
17443848 17585545
17621983 17902695
17912047 18156473
18193324 18404335
18655912 18978145
19211138 19304530
19511247 19748464
19994935 20157442
20399866 20721049
20837402 20907390
20917408 21199931
21261383 21528863
21562303 21733361
21804836 21833178
21973354 21995638
22100247 22419390
22654945 22855788
23008793 23069579
23250524 23570629
23612867 23738876
24048207 24233739
24529851 24588499
24634248 24715111
24984911 25172938
25355607 25490901
25712230 25785871
26071709 26197146
26316479 26546921
26741785 26888469
26988442 27016143
27304096 27502222
27508446 27555459
27798350 28034017
28083055 28360929
28598336 28805695
28914377 29140782
29154487 29328927
29350743 29652500
29781819 30007261
30221984 30352129
30468761 30647275
30845917 31126120
31193178 31403617
31480227 31545170
31844421 31929937
32145596 32336812
32479804 32518014
32556414 32659302
32701098 32827420
32874230 33146258
33252520 33472123
33698965 33783089
33970770 34162855
34339195 34502711
34807191 34939579
35038911 35315321
35511630 35703460
35960973 36246095
36285738 36363418
36402332 36691272
36871993 37001779
37044866 37148244
37273719 37281189
37555826 37817781
37854970 38103591
38222182 38277785
38560363 38712985
38839166 39062402
39354776 39450258
39666393 39721153
39922435 40219539
40520571 40626518
40662686 40734333
40761871 40985363
41081847 41163218
41191431 41322237
41351552 41684427
41689376 41944259
42171902 42474650
42725120 42768789
42912726 43030625
43065857 43371572
43664983 43871278
44099119 44118698
44220715 44332392
44456655 44754621
44928729 44980294
45267095 45453369
45555753 45795193
45871624 46054771
46315799 46489973
46761247 46854306
46947710 47201420
47261817 47315468
47350534 47674911
47947534 47985053
48049429 48053311
48353525 48502405
48600596 48760133
48924745 49012427
49271963 49301467
49435225 49759913
49792691 49798355
50078240 50260372
50566440 50817910
51015676 51106528
51142071 51217360
51281815 51333031
51617558 51824410
51938209 52014942
52085459 52169508
52445581 52583632
52784461 52870621
53142228 53372104
53466366 53708256
53983512 54058958
54330836 54616498
54648610 54758490
54836359 55047730
55166144 55493987
55615913 55817188
55948189 56065233
56283455 56316133
56446724 56707288
56855433 57138632
57449712 57567401
57769793 57892907
58150330 58186399
58498506 58763766
59052770 59279777
59329275 59503004
59818192 59960248
60173681 60196940
60500956 60548031
60599751 60884041
60955344 60984654
60990445 61127475
61237838 61411110
61624679 61840490
62112854 62317802
62628745 62887854
63130138 63401278
63431634 63696335
64005999 64022261
64121380 64139167
64422602 64428595
64727146 65034034
65182072 65241576
65468358 65736981
65822630 65968661
66161471 66421240
66517790 66807132
67087871 67215740
67383752 67500425
67592535 67890211
68059317 68121472
68152126 68355634
68659009 68701996
68845580 69108699
69152520 69190262
69373163 69460139
69567227 69745325
69832124 69842099
70008119 70179917
70184124 70461787
70672264 70934484
71162482 71273498
71497262 71653415
71852570 71899103
72148789 72334883
72631901 72786132
73092923 73306944
73584728 73913735
73954868 74192174
74225777 74455051
74525315 74685139
74748593 74915260
75019286 75060268
75274661 75326675
75650009 75669227
75895170 76027049
76173530 76359723
76379281 76493473
76533897 76744547
77067040 77272925
77596865 77667929
77751401 78013156
78192524 78439742
78516501 78606156
78618378 78906944
79207937 79483436
79574258 79685729
79792843 80044069
80083150 80332683
80615634 80938810
81230303 81300834
81621379 81883751
82059525 82082689
82313432 82568897
82894324 82923965
83129912 83286938
83371930 83503475
83638164 83833287
83836504 84098452
84239241 84430272
84713415 84999162
85053301 85147764
85470848 85640786
85863445 86003837
86033335 86293230
86562655 86818149
86914174 87095822
87179358 87220564
87222677 87325044
87474351 87619243
87761152 87832195
87949549 88146036
88168559 88395489
88634607 88803076
89110575 89282710
89320244 89322583
89359286 89577455
89854499 89932558
90250569 90512817
90644190 90852912
91012379 91241748
91416055 91516808
91836950 92124049
92175856 92413967
92646685 92976695
93186585 93278254
93400833 93526368
93544229 93818263
93844613 93996508
94236863 94520126
94565136 94825179
94838164 95093407
95232487 95560570
95623011 95932293
95957731 96249236
96330915 96474316
96749266 97014301
97014774 97019512
97279074 97457194
97733502 97869794
97878739 97936039
98234568 98439931
98651597 98892716
99008757 99297600
99437524 99756329
99896628 100065989
100182831 100359341
100469919 100789814
100964628 101028520
101042334 101115897
101408338 101543086
101605775 101715969
101893597 101959846
102237557 102240042
102475513 102733590
102747014 102977267
103298739 103335819
103595817 103628339
103943126 104003420
104215495 104327488
104355536 104459852
104670687 104763869
104981659 105134958
105167691 105459221
105609392 105663630
105896441 106096088
106232324 106449465
106770480 106982673
107241190 107494614
107599896 107770819
107973482 108029000
108098585 108356810
108612502 108859364
109034530 109067666
109101175 109395455
109492223 109721611
109889344 110144105
110427628 110470683
110492544 110576845
110801783 110956356
111245081 111521503
111698421 111875623
111881306 112204219
112218161 112312624
112318762 112618548
112879515 113183861
113497820 113615968
113793168 114016530
114337217 114437699
114649830 114843800
114997120 115108347
115324697 115543093
115780784 115949313
116280607 116566656
116585107 116841703
117119392 117135900
117240100 117538863
117659660 117675741
117810396 117888622
118159602 118435645
118711627 118749753
118867634 118915650
119187417 119316546
119628154 119678904
119718168 119745224
120009695 120328934
120343898 120633737
120904403 121198638
121456041 121643537
121922921 121925816
122147562 122432697
122728056 122933928
123244993 123362876
123618427 123662490
123938023 124206433
124425359 124432655
124509826 124706335
124879487 125190807
125343223 125348715
125485350 125598129
125823261 125878434
126150175 126155306
126277913 126608558
126702714 126828496
127085113 127366583
127529939 127856824
127917487 128011985
128077680 128298387
128464107 128589451
128619604 128896952
129142129 129433205
129593645 129839762
130153401 130176251
130429609 130482162
130685014 130942030
131099001 131246425
131482475 131663006
131678975 131912522
132005853 132290520
132475695 132584857
132652479 132806386
132967234 132984917
133135389 133238010
133386499 133399038
133513026 133624244
133842035 133999438
134261267 134512222
134614606 134831255
134927476 134963207
135203293 135207409
135461644 135785291
135969743 136017027
136149148 136157223
136245552 136571801
136876738 137207461
137377922 137664370
137782016 137802463
137906679 138226813
138371091 138430476
138563332 138709455
138923132 139171453
139423636 139657737
139942801 140250774
140463544 140618148
140670920 140879125
140925385 140984183
141189586 141277538
141322268 141436830
141543074 141602915
141769175 141939205
142134152 142402791
142559812 142600171
142608062 142773189
142858914 143145144
143417544 143681633
143944264 144068301
144347053 144562048
144723896 144989733
145112250 145273210
145293342 145331223
145600170 145640756
145642462 145961210
146289833 146562989
146798248 146826226
147140142 147305766
147607129 147774040
147982858 148033253
148085859 148351161
148574013 148698546
148783309 148831317
148911125 149193034
149442339 149495565
149559615 149635060
149809730 149817133
150098457 150174968
150204757 150334057
150649069 150746377
151039557 151074112
151267003 151457063
151692974 152016404
152237983 152420388
152602785 152704563
152882258 152928768
152945046 153124818
153325344 153440181
153446356 153597715
153707374 153955463
154074496 154075834
154121452 154444043
154726019 155051852
155250009 155326289
155651213 155980066
155982971 156095100
156383203 156415900
156578168 156820562
156919457 156936041
157265999 157468614
157501386 157696187
157703017 157968600
158153729 158457477
158590980 158722862
158917542 159164898
159461408 159716876
160026214 160065177
160300669 160518869
160658496 160804018
160925382 160943978
161001751 161002429
161315026 161554900
161578968 161756471
161860360 161884059
162080478 162168936
162453429 162537241
162575458 162857256
162929013 163238481
163570188 163785491
163926002 164018620
164273887 164309682
164310426 164481137
164724619 164734949
164831435 165111037
165237010 165342339
165434267 165448827
165466046 165475951
165546973 165855164
166131369 166241420
166252810 166482336
166658644 166894659
167197188 167373620
167638443 167869890
168099267 168194695
168453671 168491797
168797197 169080419
169401575 169661388
169980440 170098648
170352241 170646999
170658046 170919228
171061742 171188187
171285482 171604466
171860889 171971684
172244546 172437803
172716907 172906248
173118308 173166060
173332012 173609722
173777924 174049059
174315378 174647052
174958586 175262584
175345958 175544295
175604277 175909434
176064184 176183656
176346285 176420750
176597132 176739012
176826951 177075114
177242468 177304939
177571042 177687703
177966953 178243816
178356542 178532023
178581297 178794298
179101294 179114723
179189237 179422937
179700067 179773019
179928151 180097478
180131584 180282252
180549417 180743143
180765041 181010139
181155008 181362641
181634222 181924039
182113560 182123184
182205429 182459035
182474686 182630402
182749613 182886494
183060441 183072214
183165717 183467642
183622013 183796998
184055589 184341993
184670288 184951789
185207203 185350036
185371290 185552190
185835219 185952780
186158492 186373633
186521670 186838473
186839007 187072308
187377919 187573705
187722955 187861226
187870386 187945256
188270528 188593776
188823960 188994536
189293033 189314867
189548593 189588046
189842804 190070909
190098724 190279617
190366735 190627195
190717072 190957695
191205878 191378374
191526509 191564302
191752957 191879683
192208621 192445151
192501248 192821358
192966297 193222363
193284753 193501275
193818608 193852962
194134037 194209974
194346768 194568065
194773836 194922785
194929066 195196859
195370173 195664327
195984894 196306553
196475808 196581251
196827559 197094285
197170174 197261091
197406759 197414051
197507177 197657947
197790378 197900586
198178694 198273643
198384741 198607239
198729549 199031927
199281522 199311919
199467452 199476003
199714355 199850593
199885566 200162333
200381942 200617184
200860430 201040901
201211828 201270801
201604019 201857536
202131357 202206828
202461238 202776818
202913967 203029303
203175297 203481331
203810726 203839303
204127246 204324458
204642990 204765194
204969595 205225489
205243758 205420137
205513492 205651144
205964346 206101991
206386880 206481980
206705474 206775202
206859026 206960342
207109430 207134219
207180671 207439653
207665997 207818430
207935712 208127233
208407145 208470051
208573782 208857611
209082654 209346195
209548963 209863443
210152682 210174578
210329235 210570659
210779535 210840094
210884593 211151685
211313911 211320623
211385109 211599816
211831734 211841674
211923781 212177457
212328251 212515808
212786494 212795988
212834933 212894589
212952609 212954177
213240100 213281701
213386506 213677245
213679478 213827140
213875582 214095117
214258443 214468932
214691271 214784435
214951573 214972239
215008411 215320029
215361846 215422684
215436998 215702025
215819805 215936571
216048223 216249033
216493183 216719348
216998766 217257544
217265120 217332480
217645396 217872295
218130952 218220920
218553005 218642907
218963627 218999213
219066665 219100828
219401346 219426390
219697282 219828453
220085674 220317139
220542666 220776083
220927614 221097417
221279055 221283478
221436838 221754678
221939752 222020333
222320176 222354019
222672720 222910722
223157937 223205746
223409070 223520138
223641853 223884819
224012520 224095381
224235425 224530301
224543446 224777249
225078102 225370894
225646147 225737631
225924110 226178179
226346672 226430166
226727544 227018147
227061724 227358082
227684234 228014555
228067007 228149790
228211826 228512723
228777896 228965626
229293917 229374205
229528471 229738963
230011559 230084693
230351562 230600482
230840444 231014476
231302825 231311406
231635955 231783180
231989744 232176512
232323421 232445102
232757930 232811252
233133193 233172388
233267129 233298235
233583908 233888972
233984560 234073609
234138656 234273780
234530839 234604133
234718232 234732611
234852558 235151686
235195441 235227103
235273139 235315057
235396225 235623192
235805752 235890974
236216610 236313002
236487583 236806041
236817908 236876872
236943962 237056064
237352297 237520490
237740823 237968244
237981702 238045652
238048793 238216543
238528286 238610806
238871108 238928427
239051426 239210082
239516534 239768614
239825946 240090662
240202022 240460691
240496036 240533687
240607728 240739196
240870347 240892108
241052038 241378424
241600546 241789177
242028882 242266666
242517388 242747342
243041757 243283361
243600782 243730108
243872554 243976674
244100528 244159172
244371037 244431498
244558272 244566682
244889396 244911182
245103352 245163682
245343960 245664728
245813791 246083430
246363376 246596988
246926092 247125073
247290743 247440677
247761470 247936815
248253092 248475759
248743399 248939980
249102595 249423303
249429223 249454124
249509153 249539627
249677400 249923470
250184039 250193412
250485569 250558212
250780535 250831563
251161702 251404145
251485987 251516657
251604495 251806300
251991028 252284309
252296316 252514817
252741522 252833928
253118829 253299967
253391297 253583240
253888036 254020120
254084327 254305208
254502558 254547430
254636292 254748677
254785928 254904872
254938592 254943310
255102667 255409828
255535786 255844259
256024544 256304190
256622860 256670582
256839302 256907100
256981736 257042544
257331180 257428184
257737425 257878787
258006458 258267632
258440521 258572849
258577378 258872309
258922063 259200177
259253816 259546060
259610465 259877840
259905800 260220029
260309576 260477907
260617691 260814227
261143708 261256739
261546278 261763304
262094452 262345660
262399353 262441751
262610170 262912244
263020472 263183658
263423135 263530834
263731473 263884389
263945391 264031161
264079336 264265873
264413907 264533004
264613016 264692899
264960021 265172583
265311328 265608677
265758588 265929283
266139118 266238107
266426493 266577170
266610373 266614148
266924746 267088011
267111357 267235865
267271754 267556372
267789620 267904567
268136241 268159014
268433183 268724293
268985363 269191253
269523045 269817844
270038859 270101249
270106728 270165535
270274652 270373224
270421452 270544453
270638174 270707255
271016945 271127681
271420105 271718715
271890285 271929436
272175855 272247546
272432157 272498500
272727867 272808568
272822268 273005853
273251948 273346832
273603464 273853946
274067921 274370221
274664845 274817423
275026740 275245337
275355874 275570420
275695611 275903662
275913621 276201357
276372367 276423268
276565505 276669931
276933805 277157060
277473046 277715689
278000975 278199865
278528666 278672732
278719412 279000472
279273239 279461841
279713829 279880272
280186485 280386521
280527559 280620170
280804511 280843303
281038498 281152212
281291837 281312773
281558384 281872262
281928158 282001038
282015716 282269496
282565990 282892310
283113449 283138631
283280128 283504496
283811611 283869009
283992423 284253018
284389424 284660466
284815408 285093184
285289874 285595609
285845293 286003825
286054525 286242047
286261520 286271141
286556188 286638164
286902442 286913133
287040449 287125433
287247523 287262658
287400592 287688485
287701938 287831843
288149947 288298081
288370678 288408220
288728665 288952517
289151432 289388574
289712737 290036478
290362616 290684195
290821948 291006162
291249044 291284955
291398914 291713808
292002953 292297202
292409919 292416683
292501906 292553315
292764855 293092391
293229484 293470820
293618128 293813074
293917450 294246199
294389406 294505477
294553434 294653454
294715653 294998988
295308198 295353209
295490703 295775098
295817926 295827080
296028447 296131089
296267415 296444324
296698994 296897051
297091628 297380483
297630428 297879459
298092982 298148432
298199710 298346861
298599243 298599344
298661720 298860806
299021996 299234511
299309069 299357468
299382024 299385775
299677504 299829552
300064885 300236977
300526718 300690896
300883831 301080177
301099503 301144401
301437267 301513565
301833549 301919440
302220551 302537286
302700858 302749030
303066563 303288602
303346552 303469492
303577116 303878702
303981801 304216976
304373030 304490647
304761201 304865082
305078539 305101968
305233897 305394725
305650332 305822789
305907532 305995160
306256862 306505085
306675226 306776920
306803754 306869827
306887727 307075826
307352807 307448905
307702429 307928542
308252398 308406212
308523759 308670926
308931137 309175713
309274010 309387920
309412278 309471203
309799506 309818816
309997754 310222831
310382297 310649272
310708046 310714227
310982806 311058589
311085685 311313938
311470732 311529780
311679170 312011651
312068522 312346919
312593990 312761322
312793596 312798569
313089484 313121909
313245863 313556454
313825348 314077053
314142144 314311570
314527337 314587805
314588608 314916938
315222624 315512790
315639472 315656467
315932365 316263847
316341308 316485537
316562017 316626667
316839020 316997311
317202274 317349783
317436125 317728369
317886256 318192537
318258520 318453417
318754195 318971849
319125172 319205297
319456864 319579152
319663386 319675333
319851349 320022927
320094391 320427285
320573037 320804565
320952706 321251358
321463647 321720952
321924447 322184338
322386117 322508957
322601397 322606077
322747237 322940427
323205519 323443415
323633890 323911596
323967234 324034963
324125306 324304220
324322365 324502090
324569410 324825585
325049844 325189579
325194586 325490045
325640849 325769225
326010040 326231651
326276123 326465343
326651198 326747817
326857439 327012545
327046028 327266971
327436977 327487177
327817281 327927370
328143944 328293374
328527873 328710515
328724736 328980901
329062148 329244631
329369933 329529911
329684909 329822383
329948247 330243711
330385476 330683221
330705993 331012318
331165875 331432647
331620730 331710191
331732180 331783787
331797113 331876273
332095166 332421013
332520843 332554165
332722783 332968683
333085506 333106069
333428366 333526542
333656513 333856776
333953122 334067274
334330510 334471628
334740899 334760751
334945154 335183804
335284742 335539233
335688437 335999861
336106715 336360470
336407661 336437129
