1000 1000000000 50000000
67664 223598
225478 528062
742780 943297
1239992 1564844
1801880 2101915
2186962 2400084
2493658 2584560
2736526 2991514
3200681 3342731
3440819 3532696
3752708 3951143
4002165 4043582
4136822 4450533
4632388 4775714
4960028 4995092
4998056 5317847
5473303 5558739
5871898 6147678
6232638 6341291
6672406 6856755
7181623 7333511
7392268 7634567
7962244 8245778
8565989 8574624
8838713 8932468
9228540 9435686
9528007 9725854
9817298 9988455
10152098 10432661
10473847 10756621
11062131 11388862
11551713 11600109
11656355 11659438
11776163 12013203
12151134 12202549
12307377 12382967
12624498 12911154
13014188 13231003
13337275 13418335
13511068 13836312
13948367 14252536
14575109 14746557
15043424 15125956
15294028 15376648
15675673 15914267
15923414 16170555
16220373 16375719
16514581 16754504
17029817 17215566
17336952 17554379
17645369 17805402
18058991 18164526
18428743 18606640
18633301 18849507
19176718 19502112
19660276 19909127
20007746 20085459
20406122 20491917
20606625 20692836
20708827 20797503
21104394 21362368
21532084 21546045
21860774 22128304
22264150 22271392
22591378 22777019
22879607 23073360
23326553 23594255
23806204 24012062
24251789 24383778
24636031 24693263
24793227 24992093
25010976 25241161
25495648 25740327
25940991 26028127
26293836 26537289
26547166 26578159
26686594 26863661
27017143 27022510
27153025 27427044
27518468 27543149
27554488 27826401
28018544 28160959
28336111 28550582
28669765 28996497
29196990 29423560
29571890 29802820
30076681 30290168
30409622 30739160
30947736 31232320
31477802 31637746
31800098 32090145
32276247 32294683
32580392 32640896
32677658 32908186
32994647 33031238
33257541 33292217
33449845 33500508
33803356 33907680
34077685 34334044
34618159 34747725
34773351 34998818
35165370 35292426
35494890 35500320
35570032 35899808
35902123 35988464
36145642 36408238
36413172 36513946
36534097 36600949
36784052 37006918
37052370 37314245
37606101 37642644
37681136 37847890
37859468 38185724
38226262 38426243
38510775 38675362
38974750 39079551
39365431 39403611
39445394 39712073
39973315 40019037
40072901 40276357
40326250 40387952
40687999 40732456
40819964 40924899
41247693 41538144
41854426 41899062
41929390 42137154
42461384 42643689
42855015 42944530
43029372 43041032
43308667 43477091
43804477 44125520
44281372 44372504
44420841 44659807
44757943 45055972
45111069 45206378
45378005 45406487
45619368 45811805
45869277 46162618
46210268 46260931
46468634 46553208
46803115 46867531
46957948 47068840
47341804 47395551
47529988 47816546
47940960 48216485
48469230 48733520
48972610 48978011
49269214 49584557
49645174 49906381
50096243 50171124
50404284 50679591
50845829 51073974
51125651 51249957
51367388 51523281
51533780 51677786
51715510 51747608
51846039 51881614
52050397 52366083
52630892 52804434
52913035 53026763
53174181 53354369
53446289 53449545
53511688 53559936
53737858 53946998
54244346 54282611
54354121 54382777
54636514 54911803
55226882 55382447
55619407 55706713
55762868 55914983
55990216 56169012
56400979 56437550
56521464 56756068
56909744 56915736
57111127 57230080
57548645 57811165
58141062 58442974
58766578 58997085
59019704 59337431
59540400 59833139
59970811 60288410
60579483 60689521
60856533 61181004
61291851 61309038
61324532 61552722
61645121 61833010
62070120 62325052
62560150 62645547
62675486 62998668
63301236 63521309
63793019 63868822
64028661 64276863
64416209 64526881
64620234 64697953
64792554 64802960
65127212 65423104
65615457 65770913
65950533 66198744
66371134 66569526
66817432 67115770
67379304 67652064
67816170 68125500
68211289 68217379
68286886 68460416
68743705 68746370
68919424 69055002
69296318 69548156
69634998 69726664
69946876 70228150
70249186 70355547
70506874 70585596
70586601 70700425
70913014 71157161
71489497 71581203
71617116 71801509
71848962 71851030
71959638 72132437
72339822 72480593
72630169 72800314
73051418 73095766
73192132 73505108
73806292 74063096
74341981 74522636
74569326 74753723
74853267 75162685
75315068 75355720
75589376 75856141
75950572 76090867
76196590 76463000
76629524 76772447
76850442 76901721
77219713 77326878
77625093 77918741
78226660 78477553
78626399 78801907
78844880 78911066
79170893 79210173
79479728 79660247
79700683 79716551
79889023 79921672
80164473 80424755
80556619 80658803
80743453 81021429
81342643 81481945
81688004 81702569
81867675 81912382
82148446 82471105
82495640 82817821
82930478 82966042
82972789 83007206
83042876 83110922
83275917 83495864
83635728 83751610
83904090 83984748
84046653 84104298
84201525 84360680
84624943 84789456
84961584 85232130
85391729 85723518
85899220 85938906
86210165 86240299
86304473 86310009
86481913 86661289
86945356 87048137
87205181 87470855
87757245 87986087
88141598 88212537
88325781 88347981
88583661 88900872
89226913 89428662
89650612 89722760
90005998 90213694
90461388 90594039
90909312 91091583
91259513 91443600
91672260 91874473
91879733 91948804
92026621 92052597
92377797 92486348
92664324 92740023
92824140 93084142
93291702 93517350
93819237 94087306
94238740 94284161
94373830 94483960
94684641 94920899
95242525 95449345
95597048 95784909
95950170 96282678
96472662 96501895
96514669 96781466
96874248 97189213
97207731 97491121
97551007 97788943
97909159 98194653
98383139 98412903
98696943 98746207
99059050 99101047
99328313 99615392
99890164 99902196
100040161 100249838
100259100 100299750
100623518 100644886
100908376 101209468
101275247 101378750
101629318 101778450
101925366 102113482
102269779 102485675
102807419 102917502
102936922 102986548
103151747 103352665
103415983 103422016
103631311 103705434
103864674 104120861
104332066 104598322
104787475 105079383
105284181 105488718
105790705 105883157
106076246 106080626
106352322 106665104
106922162 107078193
107264317 107307198
107478521 107678696
108005898 108045856
108236934 108261309
108505177 108723906
108974972 109063522
109348361 109587177
109768370 109792119
109835480 110003778
110105938 110204375
110395405 110598942
110731994 110825628
110934967 110946884
111096634 111134683
111296494 111611414
111690388 111885039
111964104 112172490
112373801 112444311
112648999 112658085
112922179 113048985
113310207 113532483
113581713 113848675
114036297 114044008
114172476 114367305
114661469 114716416
114952534 115169871
115414468 115547591
115647161 115847472
115855534 116185924
116329977 116457259
116780293 116986453
117122344 117220452
117279230 117420110
117456921 117457199
117703144 118029149
118269688 118557478
118680999 118837142
118848954 119038360
119149512 119226246
119454545 119711251
119946136 120152779
120290590 120565496
120779009 120985955
121180129 121351407
121413802 121619573
121659000 121759305
121794548 121903597
122225153 122473608
122486776 122813126
122953536 123097491
123416848 123555930
123615112 123629324
123846296 124042334
124320466 124322701
124356545 124637172
124725394 124944070
125244145 125342463
125566185 125884867
125974655 126255850
126324686 126381210
126453790 126501320
126750831 126766656
126775654 126778911
127107121 127428979
127657332 127768178
127828830 127944431
128000058 128267076
128374168 128486325
128636605 128752440
128924118 129085882
129168267 129226472
129277073 129325377
129463996 129632483
129736754 129895407
129962518 129962623
130166301 130329529
130537664 130838818
130969508 131233633
131555052 131606549
131703881 131786567
131965026 131986835
132004506 132165907
132217979 132398466
132637110 132741082
132949964 133181698
133447748 133538531
133807983 134043138
134201451 134488933
134632382 134817132
135100022 135261818
135435821 135738253
135749794 135821050
135933878 136033103
136289858 136329262
136479979 136733143
137024813 137321216
137578499 137833995
137970972 138129886
138308791 138634819
138683572 138838126
138971998 139271065
139574453 139730964
140063510 140190687
140298244 140326613
140659065 140989610
141266670 141513779
141738342 141865591
141977798 142257276
142346274 142378134
142637515 142912752
143221952 143307546
143488763 143503945
143515890 143723700
143907883 144017637
144049874 144135774
144211068 144443720
144674593 144695459
144765983 144910322
145159109 145316518
145529065 145845975
146098976 146342971
146647777 146834017
147147801 147216521
147344997 147584774
147825800 147986448
148193215 148425074
148615969 148796082
148957162 149191483
149294315 149451067
149478434 149591322
149916519 149957539
150059515 150119856
150287488 150436139
150524866 150779286
150922556 151140509
151220062 151328324
151557452 151851229
152164391 152330714
152440679 152489178
152499677 152760313
152771821 152881673
152970406 153026453
153276278 153390881
153443889 153545825
153715530 153825540
153997957 154068588
154399771 154647787
154746900 154990922
155298592 155421724
155642992 155956380
155993995 156134920
156350458 156556041
156804088 156839984
156941205 157023542
157030015 157104835
157431532 157557755
157796317 158009943
158248455 158476089
158686038 158777742
159080346 159349268
159422561 159547091
159828940 160144053
160395259 160688713
160941749 161109102
161168317 161183527
161365041 161428937
161505492 161716488
162040233 162172906
162458862 162484018
162545774 162584994
162740807 162973198
163258181 163279425
163425978 163671543
163936005 164009049
164251738 164529610
164549649 164589440
164631634 164764293
164957632 165019921
165163258 165236506
165521092 165839353
166095136 166127727
166360981 166623884
166800872 167009908
167287892 167324467
167382360 167517781
167646041 167750605
167754673 168036265
168301931 168546343
168801483 168836681
169057509 169276488
169287333 169432885
169735318 169874010
169968885 170111680
170169706 170388912
170504597 170649661
170815445 171146751
171289056 171464209
171685545 171804966
172066700 172314375
172338388 172485233
172705860 172759154
173005700 173223357
173346098 173373779
173688528 173752645
174040070 174302373
174408451 174649181
174799212 174800058
174839825 175105475
175163774 175481908
175685074 175959853
176219050 176235194
176566373 176651728
176676609 176983658
177053492 177179286
177265172 177591813
177696182 177703064
178014476 178222225
178435627 178670270
178684690 178986021
179000902 179163402
179185058 179282831
179510818 179554138
179760358 179820865
180138327 180140848
180271501 180455373
180550216 180683453
180752328 180779482
180932806 181207991
181518278 181644910
181673124 181785915
181975416 182081668
182233496 182367601
182499168 182514722
182820651 182951110
183041273 183260561
183396007 183477579
183617888 183710999
184043328 184084718
184170335 184249308
184250663 184418400
184647599 184909859
185111367 185393043
185611463 185775248
185987194 186192390
186359146 186552653
186648731 186704478
186992593 187094277
187290292 187459285
187646895 187934685
188065125 188294184
188572548 188876204
189019295 189158407
189480913 189620349
189719113 189951982
189971476 190238519
190562169 190685073
190880348 190915832
190997848 191178482
191255806 191363895
191403217 191701539
191870160 192153922
192375392 192464773
192795013 193104427
193331999 193443869
193647891 193713247
193725977 193797620
193817341 193967170
194286313 194578733
194743583 194917323
195007404 195069932
195143730 195414541
195740494 195856813
195991083 196061675
196077177 196261845
196431064 196740463
197053551 197356309
197651586 197979348
197991095 198226177
198239714 198557186
198599559 198672572
198762643 199002882
199262097 199583546
199612142 199945006
200260409 200275599
200521662 200725681
200960772 201110020
201141079 201338723
201583914 201752995
202082553 202101482
202211038 202490203
202794208 203039952
203248401 203554929
203575039 203610002
203860809 204114255
204163668 204214498
204332320 204481677
204515438 204564890
204852692 204968961
205066914 205351658
205669005 205947558
205971530 206050470
206124353 206323065
206393802 206530834
206577513 206610338
206829869 207106106
207240744 207396554
207590849 207916348
208243548 208360933
208628640 208683404
208692824 208988377
208994547 209271154
209540998 209751960
209988732 210025173
210255160 210299998
210314797 210334320
210351522 210516874
210555164 210685288
210855910 211086177
211130651 211307856
211512511 211710454
211945734 212038226
212102350 212381861
212419514 212468216
212499717 212642740
212692521 212696229
212896520 213101762
213130412 213339771
213398295 213457803
213675550 213867909
214049257 214077368
214207489 214252435
214405271 214655900
214944601 215259427
215584517 215726177
215841562 216023012
216336184 216617112
216949608 217035218
217359317 217639762
217928222 218226820
218553607 218701457
218978731 219256212
219401436 219424378
219611288 219669395
219782016 219824866
220143104 220387755
220408333 220490821
220646282 220979453
221289386 221364588
221547182 221646761
221889493 222073360
222241479 222497003
222589845 222883017
222894640 222928986
222999309 223137369
223385266 223587656
223628165 223676079
223829694 224113572
224308299 224544065
224764325 224868512
225162253 225237548
225553479 225846089
225994877 226115731
226292732 226583740
226732193 227017379
227327745 227612706
227719461 227935087
228017737 228044912
228368352 228491686
228543092 228793287
228838963 229076391
229169794 229250405
229276369 229567241
229728597 229997069
230021588 230115122
230388111 230662312
230937296 231074504
231241911 231569006
231577297 231663096
231864349 232140400
232365362 232512924
232533788 232615664
232856407 233063046
233194251 233202093
233325392 233358235
233364525 233575312
233584737 233866524
234164109 234433205
234530707 234809350
235046102 235244322
235472396 235785229
235911727 236054801
236267102 236385600
236627975 236852501
237183687 237305863
237624045 237697332
237832907 237851087
238063238 238391836
238573110 238742614
239004696 239164307
239363634 239442252
239530473 239756741
239774142 240045915
240292172 240621826
240664710 240938777
241055719 241114583
241362915 241650127
241879502 242198852
242415916 242501008
242531045 242577276
242715336 242971420
242998870 243215686
243422836 243643493
243886134 244140256
244396781 244682236
245009700 245298257
245491288 245664072
245941374 246069937
246281437 246339199
246602815 246703127
246846924 247155225
247446561 247728406
247859480 247895055
247984041 248161553
248247501 248255143
248550083 248781802
248957458 249041227
249142052 249240651
249398214 249676228
249789494 249899251
249914119 250174066
250265822 250494048
250526081 250737611
251067372 251244772
251553702 251683804
251744415 251890841
252136592 252185171
252425969 252569385
252630300 252845362
252928599 252941154
253047731 253289297
253575141 253667314
253890654 254049539
254185588 254221345
254302244 254351447
254497915 254695549
254891685 254936949
255072843 255195544
255361269 255663763
255726131 256048181
256374655 256510934
256529209 256672616
256914202 257185983
257489743 257798874
257939028 258097112
258422478 258737423
258909273 259120982
259159628 259316798
259536981 259626068
259723986 259836620
260016335 260254848
260456883 260763692
260942805 260981106
260991911 261163951
261331890 261503390
261542176 261637803
261855470 262146494
262350402 262412607
262525871 262593277
262643665 262737394
262942216 263039576
263353010 263517100
263782480 263894935
263986423 264190042
264401388 264727244
264804182 264933404
264959563 264964321
265138397 265208698
265235502 265365042
265683811 265839361
266039401 266188977
266277041 266471799
266480936 266663925
266730729 267049516
267076529 267399726
267451178 267481803
267756971 267812341
268124505 268395086
268694303 268915867
269066169 269283968
269536408 269596186
269660910 269786745
269925548 270050256
270175121 270348380
270356178 270376417
270690855 271011193
271017447 271257203
271423462 271511287
271718356 271785938
272032891 272275842
272539226 272769087
273015242 273155157
273274004 273356571
273634010 273886724
274080847 274182998
274281367 274339296
274388820 274425893
274433570 274744097
275058186 275256097
275270871 275351750
275624204 275701452
275799483 275897786
276172051 276216098
276397172 276664031
276911306 277056599
277175401 277343351
277384157 277620000
277761731 277870327
277921472 278090581
278197854 278205953
278260741 278385648
278526409 278737792
278836696 278915872
278939391 278991070
279081751 279208999
279346860 279368428
279654683 279846236
280159887 280383213
280699159 280799911
280827777 280976583
281079799 281140550
281393513 281475793
281711764 281997118
282079259 282349370
282589640 282839744
283112419 283295795
283403542 283727738
284049603 284180578
284272119 284357732
284687367 285002362
285235146 285291440
285473226 285704632
285724407 285840060
285875008 286093842
286211592 286376627
286595780 286689515
286926570 287160211
287479295 287699481
287917632 288160845
288204282 288369739
288630975 288735461
288828019 289154557
289391753 289392753
289470931 289548521
289579381 289819842
290143507 290472062
290763235 291002661
291334734 291646478
291870467 292103866
292265081 292410992
292517369 292841212
292911283 293188161
293311177 293563901
293719326 293866486
293970068 294035804
294282596 294405679
294673923 294674927
294960136 295077236
295140682 295359120
295535378 295716687
295905737 295993935
296226459 296237539
296283217 296457877
296484169 296761688
297094721 297248285
297339458 297635387
297696134 297953331
297975373 298255665
298304261 298503159
298833550 298868910
299087715 299132239
299207718 299461385
299538821 299695278
299953056 300104383
300172766 300385018
300706304 300830650
300858319 301009443
301291620 301594323
301645304 301956373
302241556 302353068
302544791 302799015
303045022 303194121
303320094 303564019
303638247 303714233
303796720 303873501
304148150 304208173
304395695 304552325
304571154 304635867
304800858 305025723
305077561 305321431
305511832 305641955
305808381 305968414
306179830 306459534
306734518 306959656
307206373 307536802
307545597 307844496
307985190 308099450
308247200 308263095
308560223 308742892
309017300 309349611
309493420 309594810
309840595 309952331
310013191 310121679
310383488 310715793
310998207 311093320
311417201 311597498
311897813 311963922
312248104 312355595
312511184 312741506
312943329 313022111
313307053 313321937
313402658 313440949
313634658 313963356
314198324 314477259
314727052 314828152
315070393 315178820
315502329 315805040
315884755 316124846
316387021 316461333
316632042 316929033
317154746 317256758
317280349 317393028
317501710 317571587
317603255 317860737
318055133 318170932
318355672 318647705
318943118 319174978
319179409 319346559
319616385 319649918
319754326 319791533
319812533 320053118
320262840 320381687
320683922 320860847
320965370 321147739
321273024 321319676
321506072 321788454
321959659 322164943
322310288 322471954
322601397 322806279
323088592 323181655
323489459 323600386
323890037 324129970
324422252 324442275
324562280 324804690
325000734 325255506
325523862 325531395
325794989 325912228
326062081 326352606
326603076 326760578
327028994 327348335
327663931 327700639
327792764 328077581
328277578 328352827
328519985 328763912
329015152 329142266
329396456 329525720
329667257 329914505
329962048 329999635
330238813 330500575
330727041 330765247
330824552 331021490
331084558 331188665
331278018 331576940
331660300 331898808
331936615 332245164
332555006 332659801
332695116 332729423
332761458 332937253
333259223 333543709
333838991 334121063
