1000 1000000000 100000000
63231 376363
648755 668036
801038 1019184
1241806 1335062
1415139 1495812
1591789 1792256
1805248 1961360
2032281 2315533
2509488 2759769
2945567 3131747
3301557 3622189
3639345 3854644
4100175 4228115
4546088 4747985
5004676 5190320
5337105 5659848
5829422 6079186
6202032 6248998
6510586 6659157
6741965 6922174
7142560 7397618
7509580 7746859
7766740 7853422
7892851 7942625
8047861 8077026
8081850 8193240
8408997 8646674
8886503 9099524
9407033 9466080
9628996 9846557
9928364 10021640
10241642 10473376
10775569 11022531
11149215 11153874
11246592 11400227
11699255 11746137
11900536 12078963
12321192 12328270
12380244 12435074
12750685 13025286
13269266 13563682
13749181 14060995
14158409 14460516
14562671 14768782
14930304 15191390
15408789 15502642
15511514 15713844
15979503 16168104
16322039 16368334
16435621 16467718
16727577 16985392
17087965 17098174
17339711 17592493
17853644 18139589
18283395 18534412
18596132 18864537
18893934 19223310
19485564 19622918
19869262 19952740
20048829 20135142
20249738 20296214
20587548 20875353
21149516 21269931
21288425 21561100
21854787 21866097
22015616 22242628
22435150 22680420
22934253 23174657
23412636 23690386
23690884 23846487
24047747 24062656
24262263 24558151
24810304 24895298
24984392 25097489
25158218 25165885
25400637 25559665
25636770 25801892
25833504 26107075
26163408 26171361
26493962 26605758
26924462 27063408
27235083 27420431
27523878 27569085
27633572 27766861
28066322 28211676
28388718 28570663
28819747 29080065
29347717 29671370
29770861 29782857
29965286 30258971
30337024 30527865
30795876 31012600
31141291 31265638
31516709 31682794
31718305 32034392
32294817 32608539
32850378 32967208
33169836 33249010
33302703 33501087
33598926 33881461
33910916 34234195
34245675 34468664
34572476 34601093
34688051 34755054
34986377 35101862
35187113 35492940
35574240 35764835
35845359 36174462
36501419 36612730
36852236 37010852
37013676 37293427
37382756 37403179
37490243 37630460
37783053 37787569
37874626 38129469
38417548 38453140
38714111 39007330
39168210 39187160
39290109 39430442
39715496 39798366
40064410 40217203
40544218 40816197
41029300 41340064
41635008 41908915
42076191 42144958
42472268 42624662
42912969 43031927
43167372 43380112
43470480 43709981
43866376 44099064
44230793 44361862
44461127 44728400
44885903 45083964
45235591 45466120
45740721 45943215
46115310 46376947
46417788 46431495
46434648 46469389
46762858 46841018
47083787 47101681
47362103 47553542
47714154 47837446
47984661 48018641
48306153 48431222
48554906 48833482
48947586 49067718
49147626 49189759
49382769 49660281
49988322 50212070
50250593 50553926
50820206 50896450
50963072 51065753
51273991 51342200
51659375 51882127
52126941 52352113
52659129 52966529
53149320 53442447
53763897 53893699
54103699 54258869
54571113 54693012
54752112 54995219
55231265 55334621
55507483 55742609
55858739 56159746
56199424 56362771
56499504 56764199
56839072 56845894
56925881 56957951
57084464 57131464
57368776 57647798
57914764 58196424
58278030 58609914
58877131 59109292
59332024 59655827
59781730 59830425
59880597 59989786
60027901 60104933
60129795 60389791
60695015 61018241
61198309 61435950
61725623 62004396
62158886 62391077
62668996 62995911
63118748 63144482
63246183 63257436
63341858 63571157
63583502 63788682
63797872 64025499
64042631 64108340
64367780 64606852
64840614 65151883
65421700 65644709
65952747 66248896
66329151 66417263
66479526 66624177
66910039 67154127
67196952 67248817
67321706 67457030
67587705 67665651
67818928 67941396
68175667 68448835
68570453 68782535
69064872 69109520
69115650 69382985
69697575 69721619
69818791 69883275
70076268 70209867
70423224 70509968
70709495 70946345
71114851 71372038
71481957 71735214
71755196 72084111
72412359 72565655
72803674 73067899
73316866 73377157
73617368 73778542
74043137 74195181
74465415 74593979
74781645 75100207
75228576 75286498
75364345 75374246
75688359 75859866
76046124 76186649
76233709 76315162
76646184 76969760
77147570 77206856
77489437 77683563
77810997 78085193
78211680 78531766
78721781 78897750
78919428 79104509
79250181 79431168
79681980 79845912
79949404 79987695
80098503 80206613
80207749 80482688
80764804 80959122
81284711 81563019
81874072 82095838
82417752 82740247
82741805 82880817
83087856 83098980
83123934 83307150
83638705 83745031
84069577 84357683
84364300 84660858
84799290 84963603
85245048 85348296
85357683 85464393
85594942 85915391
86242292 86250578
86420703 86534777
86715687 87035129
87046089 87098791
87279625 87415425
87610092 87928660
87962126 88202281
88437863 88440051
88665381 88847675
88954359 89105681
89211653 89349964
89579752 89845884
90028007 90029777
90238618 90341998
90613578 90895876
91121328 91376281
91651583 91946022
92263790 92503222
92549885 92580147
92783582 92984210
92986044 93061103
93189549 93276852
93455014 93714274
93796306 94110532
94332082 94510381
94790859 94981791
95035537 95188808
95463617 95565081
95667458 95963139
96039943 96319533
96327819 96405102
96523157 96833687
96927131 96958028
96974124 97135586
97333565 97565783
97770359 97903454
98165139 98332561
98436067 98728010
98911488 99192807
99441228 99672737
99757401 99833573
100069738 100267085
100270308 100474093
100685401 100905149
101184964 101226978
101560062 101649159
101748514 101897407
102082920 102143614
102149533 102230562
102464778 102613276
102836293 102973954
103134283 103343126
103606533 103881881
104117322 104321677
104605489 104639229
104767037 104807872
104821584 105102159
105230758 105369002
105376684 105468796
105727566 105870091
106068038 106256394
106553419 106802662
106816985 106891309
106956900 107099710
107354354 107655070
107729103 107954570
108125093 108209913
108479898 108748711
109005253 109269803
109522022 109609978
109728226 110004433
110244566 110473815
110556327 110865495
110943849 111011006
111046115 111374427
111597337 111746275
111877321 112141021
112325165 112484300
112491762 112639800
112796503 113053501
113054546 113271058
113452916 113725271
113791637 114115852
114345796 114359457
114373616 114412849
114681854 114860910
114870749 115112962
115396387 115522781
115719313 115832081
116164774 116270631
116402122 116546311
116824133 117007006
117232738 117296079
117356901 117441462
117717926 117950909
118001193 118227673
118228024 118272194
118354870 118539058
118847704 119151069
119429856 119717844
119997816 120322582
120476650 120488981
120712047 120762635
121028380 121090680
121396198 121698390
121704013 121764300
121851127 122088164
122221846 122538093
122837632 123089374
123165438 123275957
123544816 123680286
123802753 123993007
124312507 124429957
124436541 124690001
124963922 125206707
125463332 125652945
125930627 126102013
126420491 126699149
126985144 127152338
127202348 127363508
127499108 127818978
127845832 128048081
128151749 128309250
128488547 128489383
128610703 128678395
128955232 129213287
129252410 129432185
129558183 129887001
130107576 130163282
130244105 130447825
130585755 130617790
130947674 131019139
131084829 131178072
131361820 131590223
131711034 132036599
132231464 132523692
132831684 132919477
133087509 133300180
133626220 133824822
133958646 134059398
134363723 134440201
134488202 134768449
134771736 134843302
134917168 135082489
135310591 135319313
135650787 135975613
136140907 136291028
136579703 136790925
136968349 137157218
137258370 137492353
137520314 137571936
137657060 137969639
138187706 138395283
138442557 138628180
138673011 138709951
138959101 139034621
139151143 139431827
139524048 139753800
140084488 140190133
140243912 140570241
140671244 140771871
140929344 141115240
141315108 141605769
141645643 141854285
141864375 141985370
142313208 142527998
142804643 142996539
143094291 143172819
143344844 143487049
143630408 143656069
143672115 143879069
143996380 144014352
144105736 144189408
144350968 144397555
144487181 144590394
144631713 144829989
145134253 145332754
145640006 145770510
145876576 145882310
146190551 146355848
146575830 146690001
146691141 146868828
146891817 147028558
147086610 147408588
147672290 147696990
147847807 148151441
148313156 148576322
148864147 148926552
148981316 149281160
149540854 149850296
149972725 150135642
150464192 150793662
150800946 151057993
151229204 151365411
151487401 151746211
152031844 152237168
152482997 152693441
152820632 153017758
153094132 153191075
153293416 153412270
153638158 153922377
154014484 154229425
154450240 154461775
154556297 154863462
155042320 155182893
155231139 155312341
155598021 155745631
155792487 155996207
156077349 156162106
156281833 156320650
156608242 156857473
156933539 157263357
157464865 157761314
157922536 158117014
158245334 158310469
158381815 158542104
158769136 158911345
159066273 159135524
159308720 159449837
159470011 159583764
159595652 159732595
159752153 159862931
160112287 160135142
160198568 160414294
160645901 160668871
160798327 160967055
161274220 161456507
161727026 161934719
162251208 162469781
162606783 162803659
163131156 163281481
163395018 163488248
163540202 163633269
163687664 163828412
164114517 164338076
164572267 164818035
164940729 165208408
165484535 165585391
165842094 166172438
166248509 166367049
166542753 166844349
167034692 167313004
167376750 167447906
167719139 167986712
168149586 168283878
168601475 168672755
168720353 168808591
169077561 169370415
169501393 169830755
170028376 170302106
170454934 170671780
170850675 171138083
171406372 171707967
171839948 172120329
172201798 172295603
172381118 172475922
172718600 172739163
172926317 172973425
173266342 173454767
173626356 173695082
173978989 174230985
174563148 174783143
174845351 175015071
175244076 175402314
175617532 175731041
175867995 175893015
176168190 176229170
176388058 176670435
176929199 177152595
177252938 177402065
177618044 177718550
177813350 178051844
178192659 178417069
178418139 178706291
178802186 179036699
179313440 179558204
179615240 179672072
179850745 180126347
180376455 180698138
180761534 181048137
181196796 181471345
181501132 181703782
181902158 181967693
182222855 182489018
182797142 183044608
183309789 183591957
183766976 184065823
184078917 184146694
184370071 184658164
184980399 185072264
185252590 185544915
185871410 186036741
186248556 186434673
186758667 186904335
187057162 187274087
187407350 187506090
187767976 188009894
188261852 188304394
188370169 188454180
188562630 188569871
188596605 188861248
189147570 189375994
189493280 189555482
189867163 190199696
190483438 190537561
190564272 190656320
190984674 191074153
191229893 191477930
191672628 191689334
191787161 192107559
192181538 192442333
192509367 192559382
192562310 192633274
192829222 193133141
193228501 193319229
193575582 193905209
194129633 194204842
194310586 194508119
194823013 195038603
195281086 195345761
195597435 195597728
195608805 195657789
195772354 195839432
195940677 196210185
196288217 196527590
196757559 197025566
197170691 197364038
197549123 197727226
197780468 197904052
197984931 198069987
198402852 198423314
198703024 198860897
199068612 199196592
199426031 199649883
199801378 199880409
200068004 200318672
200320050 200551462
200571238 200578772
200906295 201154836
201178938 201189756
201215241 201428698
201720595 201993209
202311634 202348797
202676906 202708563
202824797 203154896
203438325 203727577
203732803 204030793
204062595 204087327
204212204 204489921
204659248 204659444
204759543 205088426
205244372 205525141
205626963 205899841
205992806 205992818
206229393 206425168
206723920 206871718
207151824 207194377
207211734 207338532
207502361 207680225
207707680 207711651
207854918 207958615
208134914 208396820
208528624 208808046
209084418 209279558
209292418 209346360
209598753 209900120
210047244 210270356
210286029 210340340
210342750 210556285
210684754 210963822
211257703 211355529
211445841 211510946
211632335 211958577
212287965 212473137
212564635 212583867
212675231 212979461
213122211 213434431
213714054 213806951
213968351 214139758
214420860 214734035
214811034 215005128
215187828 215203913
215311326 215580839
215654498 215913643
216025354 216051453
216171331 216343413
216582178 216814529
216974487 217161301
217275544 217308660
217317695 217377882
217388404 217418760
217564038 217791505
217958011 218121879
218348820 218584134
218689913 218710227
218869164 218957808
219136244 219182605
219307378 219469257
219500003 219748031
219890263 220185431
220302781 220615152
220642748 220822034
220845504 221082143
221168454 221185798
221304894 221519074
221590881 221887355
222188779 222326414
222470246 222751134
223078478 223239976
223512750 223669649
223735374 224053817
224111766 224184744
224404859 224643220
224785005 225108667
225389369 225446134
225544347 225685021
225901190 225950038
225960380 226004061
226103342 226198008
226233551 226288063
226293852 226402515
226547751 226621613
226801424 227080438
227147545 227241397
227437552 227507281
227755751 228021909
228115397 228229113
228273841 228433261
228445534 228559483
228857340 228873913
228888835 228949280
229197037 229251459
229510944 229603339
229924430 230009194
230142485 230145936
230312813 230317614
230437851 230449606
230517998 230624959
230899955 230990083
231275788 231564434
231857412 232088682
232197123 232246001
232398394 232646890
232841248 232986187
233233814 233248616
233273661 233531855
233578983 233884246
233951926 234045062
234367679 234469582
234748307 234977285
235032884 235200278
235352745 235425122
235679991 235947021
236068323 236252857
236520345 236639697
236709496 236987737
237306631 237632436
237923899 237941513
238141519 238466079
238681106 238922265
239215890 239410592
239555990 239687753
239700021 239869355
240133797 240456495
240650059 240872911
241185849 241401373
241535405 241563791
241635000 241718616
241873301 242041723
242187934 242228031
242479026 242540823
242548112 242746837
242767049 243006691
243256363 243465040
243621426 243674127
243888306 243977722
244143798 244453664
244657890 244700855
245009168 245072481
245369791 245462304
245540984 245570355
245594021 245625618
245722167 245790058
245980864 246209162
246368750 246584287
246909047 246972966
247237487 247422608
247596059 247907116
248235642 248421989
248503154 248775743
249083711 249196946
249303760 249629207
249635119 249645725
249653639 249685672
249827839 250040760
250099279 250185916
250301624 250601347
250638398 250876366
250905621 251200995
251406736 251657870
251688588 251709295
251968814 252059687
252216492 252410458
252424574 252454597
252671094 252982469
253294865 253427608
253708000 253888572
254035745 254274452
254354759 254663116
254954265 255282713
255296677 255599752
255701374 256030057
256111022 256367856
256637302 256741996
256822737 256889319
256954644 257131563
257165514 257362859
257411942 257669353
257809159 258066420
258182471 258190311
258479083 258682160
258822727 258976813
259118003 259362821
259611102 259695704
259923182 260100826
260124289 260429401
260517686 260749195
260890782 260956124
261166784 261377681
261541457 261657755
261842935 261848497
262154908 262402908
262486462 262762467
262836259 263115897
263418488 263716294
263992487 264214991
264364913 264430243
264711362 264747956
264749837 264848447
264960868 265052419
265335906 265596058
265844076 266140344
266238593 266351201
266423327 266579880
266894485 266947608
267240072 267399403
267709020 268020781
268272001 268421360
268724092 268952789
269008576 269138675
269217554 269340997
269540336 269583461
269733134 269989173
270090615 270160802
270216753 270458146
270683192 270693437
270989059 271056024
271130941 271162832
271289183 271447787
271613024 271665682
271764944 272017877
272203935 272369960
272523170 272568889
272825387 273137387
273309251 273491836
273666891 273673437
273954295 274207857
274486646 274809481
274978307 275176869
275454494 275656320
275978372 276257729
276438012 276682522
276915206 277142330
277229953 277447505
277750881 277833886
278107837 278383668
278544136 278579939
278814643 278858065
278987724 279133729
279269044 279366360
279514711 279599651
279768168 279916455
280028529 280126287
280442488 280468807
280731980 280906089
281169091 281211148
281370514 281637942
281699491 281831479
282138338 282223718
282350116 282481980
282813903 282918881
283028284 283124806
283240360 283536197
283782879 283871596
284042745 284171387
284379710 284426240
284542631 284797568
285009899 285105239
285227553 285227938
285406926 285452207
285686195 285901429
285994297 286278418
286310947 286406088
286442908 286468201
286754497 287014602
287047528 287062386
287249973 287539422
287749725 288011081
288087563 288214978
288445295 288753131
288887744 288959150
289158492 289176776
289345475 289534755
289744435 289842990
290155897 290193815
290345284 290630194
290890562 290953405
291224807 291431891
291455519 291575722
291788657 292035053
292163436 292392666
292455809 292563880
292731475 292959964
293131548 293372985
293395102 293465138
293667622 293869084
293935789 293938360
294219753 294522562
294589016 294905838
294932705 294977226
295091104 295312078
295396735 295484930
295689027 295929448
296069700 296307292
296415712 296449931
296477264 296660932
296802058 296855395
297039617 297219785
297373168 297495774
297777573 297908376
298116883 298355530
298555715 298653164
298842765 299023140
299205408 299524953
299780820 300073737
300189100 300432972
300492485 300811255
300848448 301056465
301346747 301360557
301436195 301625433
301800100 301989316
302154001 302427314
302514733 302546895
302567748 302757850
302903897 303183308
303325444 303355256
303371454 303456618
303666345 303864668
304163703 304193357
304376604 304703117
304846961 305043177
305146248 305185065
305393047 305525280
305743513 306020205
306061383 306116307
306161083 306427815
306520736 306830581
307143112 307243549
307499471 307788132
307850649 308056985
308350069 308432839
308490321 308692285
308846241 309051671
309374577 309571323
309761352 309905837
310222646 310520571
310708579 310988820
311041988 311064065
311287532 311382382
311631008 311776562
311961915 312209467
312402740 312727964
312832441 312848239
312882230 312946670
313275085 313352777
313613226 313648710
313807660 314011492
314108093 314144250
314210641 314335916
314642158 314855938
315158831 315250701
315364191 315589674
315693408 315928060
315987965 316316862
316357495 316584907
316777107 316839196
317135158 317141528
317257646 317472919
317626481 317647581
317960219 318073427
318170884 318426333
318700833 318703373
318918785 319206433
319418392 319670694
319922505 320049602
320146897 320303932
320610164 320906916
321215684 321499407
321693292 321782478
322055633 322356933
322625349 322705120
322891406 323190996
323335682 323387889
323417081 323636669
323859234 324168967
324290763 324501366
324723847 324847442
325089748 325157255
325287311 325330504
325658605 325661050
325698534 325805435
326116802 326396475
326563984 326621468
326638426 326722812
326968258 327282508
327517437 327720064
328023364 328028572
328156241 328394371
328674274 328772261
329002401 329033102
329356011 329365625
329620815 329677652
329734047 329943749
330006872 330324957
330463698 330603493
330771166 331097736
331263439 331332584
331348941 331385621
331600330 331822081
331918265 332044233
332338906 332477043
332503398 332547747
332847584 332865415
333007873 333018519
333074544 333386809
333555564 333829469
333887379 334037820
334090017 334351163
334541085 334686578
334939930 335244809
