1000 1000000000 200000000
175056 498778
680837 839876
1166158 1216586
1461358 1711740
1753540 2036075
2051011 2283263
2433610 2553998
2690529 2839389
3164219 3396489
3453290 3664055
3798061 3970398
4116471 4322533
4611016 4758807
4905579 5008220
5096603 5358125
5576750 5889982
6029378 6332498
6505696 6728343
6745219 6749586
7070706 7271491
7331795 7468583
7674913 8002381
8239140 8256303
8367053 8631390
8749259 8898164
9140883 9467814
9515783 9600479
9667486 9960867
10108656 10124991
10381063 10526565
10541616 10738923
10969479 11099910
11110015 11290772
11522607 11579630
11634975 11689516
11874437 12031702
12221533 12427475
12522631 12840551
13126307 13352528
13647015 13903405
14143312 14211246
14223477 14522920
14762096 14856756
15110370 15214327
15501695 15825050
15941732 15959698
16212281 16348045
16649983 16760774
16820217 17017934
17272664 17411698
17475406 17568341
17666897 17701803
17895337 18069124
18285914 18509603
18617235 18828324
18929575 19224434
19331198 19523285
19802159 19825239
20109033 20405639
20640529 20750923
21049301 21093032
21297335 21495707
21504848 21660879
21926189 22188000
22436609 22603948
22667401 22817991
22841163 22993907
23242000 23376766
23516310 23662140
23665036 23951087
24226717 24503178
24834422 25075090
25203105 25255382
25435382 25655990
25897684 26136533
26246127 26379259
26605041 26840375
26937716 27089884
27309187 27579550
27712526 27779688
27999908 28282967
28367627 28529455
28665530 28753347
28788810 29090170
29228453 29298589
29420505 29565352
29833444 29853270
30067814 30378875
30634168 30647576
30750071 31006215
31233143 31541549
31856719 32162462
32269371 32319849
32385803 32678612
32945540 33124860
33157079 33398007
33558311 33642762
33973929 34255767
34582950 34784918
35061364 35369222
35431105 35473296
35674126 35975298
36100483 36159706
36225571 36512744
36707361 36978120
37099015 37386282
37394981 37680393
37743308 37993363
38136460 38348085
38538424 38825544
39029898 39161819
39460254 39706663
39809105 40131453
40305757 40483210
40528174 40859931
40912204 40925209
41062971 41128505
41276453 41460806
41729872 41821703
42000858 42243087
42386995 42552580
42594750 42767186
42797910 42821463
43117730 43172443
43288197 43401753
43620666 43734096
43860387 44030022
44223068 44498116
44635981 44947148
45272233 45491683
45667708 45991502
46093457 46246222
46426088 46529348
46652524 46934334
47046016 47171740
47172633 47422402
47473040 47582663
47742653 48041770
48124250 48287922
48411617 48536183
48648265 48921932
49075662 49099585
49406127 49452981
49666509 49728155
50001521 50295175
50435024 50509968
50783693 50993866
51181399 51510261
51610291 51802158
51850745 52104827
52337229 52461922
52615106 52894786
53130966 53347411
53592057 53804851
54114108 54363278
54576622 54582048
54601805 54750067
54975105 55099699
55154061 55191136
55468458 55650797
55916587 56191927
56494934 56580583
56596784 56771143
56817315 56873267
57016610 57331819
57378961 57472755
57597196 57684537
57926325 58036786
58048952 58154204
58161299 58377277
58470163 58703636
58756284 58787855
59101936 59214084
59221019 59385200
59621106 59820773
59935823 60034900
60068043 60199690
60451927 60681057
60862745 61119282
61423456 61666890
61992237 62173783
62504919 62818296
62956050 63193888
63406430 63482928
63745401 63807333
64013807 64336504
64627139 64670995
64694518 64799631
64891480 64989150
65079472 65246736
65577919 65896119
65990894 66024835
66084191 66206398
66272543 66278448
66553361 66656688
66746510 66814046
67104507 67368661
67373405 67641790
67746679 67873664
67982696 68116086
68431018 68762184
68844818 68912840
69074852 69359490
69388784 69515681
69620622 69944022
70079657 70219873
70256425 70368030
70451159 70778701
70876128 71002242
71133731 71278741
71308423 71635092
71746147 71868146
72020807 72295496
72579812 72849155
72857825 72904481
72905284 73093078
73239909 73461166
73493797 73544420
73583406 73620396
73919612 74129499
74224068 74303230
74346179 74476069
74748484 74973097
74973514 75227349
75406919 75728667
75948525 76155776
76386088 76596327
76923088 77051344
77381347 77409534
77693901 77934890
77980988 78120758
78413675 78451867
78633986 78958240
79197905 79342876
79566092 79842606
79999232 80286004
80380744 80566800
80840444 81132624
81275459 81471128
81520335 81747242
81908490 82128511
82195492 82465456
82748851 82809160
83004630 83054480
83279804 83350730
83565409 83754087
83918171 84146641
84382902 84428778
84513445 84566156
84794814 84943045
85064880 85184744
85239596 85321301
85580532 85651772
85900881 85902054
86225456 86242614
86413477 86591229
86767894 86897312
87199595 87348203
87404748 87500951
87644824 87872977
88164164 88464096
88648276 88786382
88838530 89099008
89258953 89274611
89525765 89642783
89856945 90120787
90173809 90231465
90329494 90542038
90546271 90751864
90825652 90859377
90897874 90937442
91180340 91272176
91451366 91702270
91926486 91962535
92020209 92270594
92408684 92730092
92861568 92900034
93213346 93229572
93306702 93639579
93684963 93709081
94038219 94344845
94509325 94740064
94854374 95053246
95339842 95366518
95533022 95571209
95588612 95910404
95935359 96074234
96329020 96606574
96743113 96928256
97044232 97046668
97353738 97385640
97390943 97502709
97586910 97747680
97963197 98178357
98216945 98494548
98619591 98670621
98883071 99079215
99083403 99389763
99547934 99600816
99843243 100080468
100234855 100543638
100593428 100760528
100802596 100996053
101133360 101278684
101313936 101331584
101335510 101350578
101392045 101519508
101661213 101669545
101832619 102162861
102490972 102561306
102780944 102991115
103032278 103283046
103287893 103402049
103436965 103651296
103687659 103711123
103751520 103856811
103887230 103996541
104268434 104447264
104681700 104774473
104792123 105034673
105250972 105425017
105645642 105653081
105827164 105883291
106107318 106364755
106538094 106768536
107087115 107305701
107519764 107679372
107753073 107778475
107850041 108101515
108325664 108490929
108677915 108964903
109126178 109166933
109199908 109430439
109477347 109659300
109808330 109973988
110209553 110212832
110378704 110422742
110755130 111044600
111061183 111229891
111316545 111568246
111761285 111784203
111862070 111986265
112081075 112164340
112455531 112697053
112714756 112774988
112792870 113040174
113101476 113431205
113707157 113997211
114072947 114387216
114539109 114562093
114769860 114979476
115155428 115409791
115543968 115804233
116087354 116232445
116337126 116654714
116865472 116935750
116968226 117199655
117350062 117655202
117938743 118096817
118221738 118278047
118561591 118780180
118902469 119002120
119257448 119516593
119844592 120136870
120252703 120292738
120339746 120572121
120889943 121024046
121156261 121219572
121496794 121720264
121865137 121898587
122150376 122284219
122568308 122864176
123004187 123206897
123248705 123432790
123758505 123861454
124120786 124275188
124508113 124812400
124977394 125017375
125185502 125369971
125578393 125779642
125912669 125988918
126070446 126240381
126276725 126305739
126426185 126444447
126611714 126864551
126969307 127283389
127507837 127820873
127898801 128127543
128319194 128330256
128559472 128572117
128800483 128947942
129160204 129190097
129423191 129698708
129778841 129936932
130100310 130354534
130597642 130870733
131018296 131307833
131465636 131524189
131784628 132014477
132043037 132314646
132628549 132758130
132853826 133145965
133291487 133386346
133588973 133705321
133776283 134042336
134350847 134541279
134574667 134602937
134760827 134771495
134923046 135070760
135395817 135620432
135669406 135767214
135966914 136194187
136399748 136423787
136660307 136749288
136966032 137294149
137586433 137859470
138102332 138213609
138412110 138541469
138585613 138873423
139060474 139358442
139476764 139793218
140118321 140180975
140210831 140343695
140622686 140831261
140835828 141125138
141239343 141329708
141544646 141833506
142009530 142137569
142424235 142463862
142616087 142944830
143144997 143404253
143442996 143450805
143633001 143755173
143889325 143902363
144160161 144335501
144445651 144740859
145071312 145208817
145411323 145683441
145711884 145711943
146001012 146053062
146154290 146418089
146673536 146986369
147235910 147497308
147763889 147787294
148069972 148337837
148453192 148619107
148805810 148888975
148994158 149078664
149410913 149499902
149646612 149675378
149681424 149969551
149998614 150252218
150444527 150628906
150961980 150998587
151320956 151436840
151608156 151830847
151930554 152217846
152287636 152469730
152708300 152999596
153181014 153194238
153251971 153266176
153415544 153431735
153690233 153996663
154150398 154356666
154677961 154724611
154799513 155057971
155310022 155607346
155905697 156142476
156462391 156608305
156884247 157012385
157179607 157287144
157435719 157661191
157811071 157836369
158064072 158203211
158423441 158512867
158740803 159065586
159120551 159453817
159468285 159553164
159836011 159996395
160268050 160506756
160591397 160759068
160932421 161153831
161303908 161617831
161663287 161900994
161961624 162117780
162371040 162402900
162517873 162573894
162595492 162863809
163105607 163398222
163555214 163870025
163974842 164215981
164531228 164726466
164897564 164926631
165045542 165137023
165322098 165327556
165376809 165478049
165752263 165785471
166059368 166256761
166328839 166354806
166425861 166668718
166784650 166927492
166996068 166997705
167158757 167491457
167673510 167799998
168112939 168188024
168397273 168581421
168738722 168918110
169209593 169414130
169746940 169816279
170115427 170390839
170535081 170597520
170605519 170761105
170992495 171204303
171282366 171315926
171324150 171482366
171635319 171872082
172202122 172376806
172379580 172633403
172639159 172953921
173033921 173251321
173365156 173685288
173747429 173866531
173969085 174287821
174343631 174390467
174531790 174736645
174923244 175051262
175207429 175484064
175551478 175591782
175642621 175892358
176153504 176326205
176533881 176734071
176923709 176926255
176954718 177005317
177295914 177602094
177927199 177973039
178197688 178198629
178415473 178462267
178633851 178784818
179047777 179109338
179264386 179494471
179677264 179894986
179964726 180041316
180350534 180481099
180634104 180787256
180950737 181191571
181333396 181510870
181512342 181576986
181790028 181981465
182176483 182488700
182552231 182738066
183056763 183244610
183423612 183526526
183816099 183864597
183876219 183942685
184048023 184327819
184621108 184791446
184975528 185292921
185545572 185551305
185665254 185975363
186029295 186174557
186372501 186407930
186434636 186676983
186862459 186877551
187018348 187172666
187222689 187434557
187475755 187519036
187609355 187756767
187992401 188084597
188367970 188683059
188896245 189036685
189253637 189516619
189825768 190028254
190059044 190335056
190563387 190663449
190733805 190765315
190999940 191063343
191357002 191431373
191752988 191848263
191859703 192093603
192111149 192193574
192400364 192496248
192719928 192875323
193118803 193414748
193455447 193488691
193645182 193761534
193883472 194072652
194401471 194424391
194677268 194885348
194962762 195096241
195228289 195555417
195591741 195642575
195798471 196089593
196238991 196556941
196733251 196981193
197238519 197364556
197664340 197737838
197927560 197977430
198284342 198574636
198630013 198712132
198853159 198940877
199119068 199355390
199362281 199400983
199494920 199527577
199843885 200121317
200221774 200234037
200252170 200440509
200451774 200695546
200780451 200887719
201119462 201331975
201554724 201759729
201874061 201997403
202199547 202527326
202667740 202991798
203113654 203367936
203541077 203724445
203831557 203899632
203910507 204059988
204363928 204435462
204507426 204689862
204845756 205167055
205324504 205340244
205619988 205945933
206161469 206174765
206259393 206426992
206742397 206764476
206998303 207140171
207194504 207267387
207552376 207751216
207821873 208018954
208186584 208434869
208610777 208748327
209076320 209322244
209636162 209702866
209871798 209978983
210297301 210385285
210686095 210721741
210784881 210933948
211094503 211297022
211509571 211675240
211753387 211853528
211868226 211987343
212257616 212309130
212637575 212936927
213257817 213281554
213602344 213682646
213770952 214003779
214125617 214317217
214483176 214507080
214511126 214534233
214646663 214909999
215081159 215317390
215512183 215564554
215638103 215873811
216110917 216122552
216292510 216460630
216616785 216682352
216977724 217185273
217383494 217404845
217547652 217757494
218002969 218053956
218326583 218523841
218649305 218741318
218984148 219180488
219257042 219577646
219630202 219650401
219921894 219991682
220288607 220296181
220397515 220517861
220543568 220853824
221152661 221469512
221475085 221506271
221641365 221802936
222129018 222415480
222445069 222668413
222882608 222976306
223049722 223289427
223593932 223903898
224007438 224213635
224271249 224341363
224648953 224945859
225187826 225233063
225520121 225758333
225864009 225866259
226110255 226420861
226466758 226565045
226839922 226991914
227073264 227087170
227140828 227419464
227438903 227542338
227726245 227746909
227911658 228004536
228158506 228424756
228483938 228668938
228820654 228834820
229079139 229324150
229535580 229639539
229679245 229756352
229959867 230049526
230337273 230666018
230906881 231011305
231035012 231269774
231302261 231422066
231600578 231882642
232029966 232340927
232640634 232939496
233035418 233160357
233362807 233529618
233750282 233938286
234122473 234295153
234338928 234455996
234651621 234839848
235022533 235251631
235253704 235466689
235661650 235724317
235978168 236010290
236333241 236515453
236662891 236763380
236974202 237097369
237279090 237380072
237416145 237480086
237590219 237694831
237808769 237888895
238137471 238313917
238627827 238789233
238816124 238832766
239018636 239249063
239564871 239768359
239946607 240063495
240179501 240496944
240520162 240629551
240891549 240949532
241119356 241350547
241474572 241533587
241698174 241725893
241875779 242083202
242176164 242250579
242459493 242603925
242616942 242809090
243123101 243185255
243377542 243390269
243410118 243509235
243567812 243717017
243749149 243794744
243975565 244271941
244348624 244389459
244491162 244785925
244922402 245158161
245244658 245451259
245774365 246020980
246185384 246458264
246586586 246647750
246871703 246927680
247059913 247289359
247360535 247544950
247666958 247782067
247835482 248047042
248150092 248387646
248457916 248702580
248754669 248830884
249036540 249119389
249327991 249548497
249561278 249639087
249662329 249786917
249799953 250097878
250127860 250138509
250173531 250327563
250542417 250599091
250737772 250962465
251040483 251242019
251292289 251334845
251660612 251898490
252114177 252236149
252347432 252399083
252671881 252993185
253168204 253460864
253473455 253634810
253868234 254154358
254399309 254512631
254773545 255102363
255296665 255424485
255488220 255690945
255833953 255979438
256287351 256584785
256714520 256728211
256962115 257129525
257456549 257723837
257956421 258086806
258324682 258375446
258692493 258855733
259097296 259123250
259206499 259477399
259528686 259614831
259647453 259917338
260090712 260230733
260259072 260554153
260561836 260750619
260832441 260991089
261248470 261490975
261639737 261660453
261903054 261903620
262226801 262411962
262425660 262464766
262584941 262917088
262971350 263064987
263225901 263445545
263717874 263751734
264014711 264081874
264362715 264688818
264732316 264765698
264795344 264946725
265187156 265511906
265613748 265806206
265817182 265918375
266193380 266244908
266459019 266735694
266902246 267110583
267215331 267270726
267343268 267626722
267803328 268070324
268264502 268523692
268694392 268883682
269124581 269422217
269441086 269714538
269801006 269841246
269999602 270005204
270038470 270146628
270351750 270550005
270758122 270843940
271004150 271242724
271421845 271740828
272026196 272326569
272381495 272633065
272655945 272857202
273159607 273281154
273291018 273595516
273762928 274017559
274348042 274413106
274699753 274824196
274877866 275112466
275300594 275403141
275719701 276043274
276101973 276184784
276260106 276497511
276633651 276767458
276843873 277038666
277114174 277242708
277383792 277516444
277643487 277688068
277885793 278174609
278251029 278294500
278595265 278688201
278952748 279128861
279351563 279412455
279517485 279579448
279635375 279685069
279690075 279767703
280017670 280039613
280150857 280166601
280179975 280370970
280528318 280830157
281135142 281422710
281559684 281725340
281850038 282045533
282285038 282507480
282522164 282600472
282818801 282951174
283163695 283459196
283475436 283793891
283940533 283978248
284250519 284288595
284588291 284739757
284850640 285131276
285279029 285397442
285509256 285650701
285972792 286153419
286187720 286291992
286502637 286552228
286677570 286919735
287076581 287271745
287569852 287720961
287767829 287967374
288026183 288109785
288345822 288521363
288703208 288781020
288985679 289189411
289266314 289474372
289688428 289821573
289909905 290073114
290366688 290461953
290597390 290877847
290993139 291152446
291415583 291597283
291615768 291622481
291941328 292218921
292364025 292462001
292673950 292703411
292979502 293200657
293366110 293525046
293702832 293910790
294223878 294538664
294863326 294971962
295109647 295230211
295490506 295600575
295794905 295926722
296133698 296181518
296423098 296705736
296892408 297080232
297387983 297679122
297877850 297884267
298130849 298276041
298487083 298605546
298669216 298966516
299193469 299455456
299777046 300028308
300254915 300334080
300379643 300555938
300571206 300806017
301098236 301293983
301420621 301541117
301706727 301827391
301904065 301989057
302116453 302223954
302419700 302465810
302481061 302504389
302583708 302743230
302893543 302953061
303076534 303183377
303224206 303466234
303566891 303716650
303732067 304044157
304229951 304324560
304490907 304533646
304827101 304912487
305009315 305151051
305336026 305638523
305817359 306069722
306081532 306345276
306512265 306803700
306965916 307037359
307144618 307238824
307442957 307656360
307914269 308170577
308277867 308333618
308361068 308432897
308538335 308769603
309004471 309173598
309260950 309269448
309395970 309538302
309843966 310048872
310211974 310483305
310559147 310851632
310936232 311106760
311212733 311449111
311772208 311819414
312091520 312152164
312419689 312682743
312910490 312947218
313127441 313283944
313442750 313731833
313897919 314050766
314117458 314242299
314544619 314601102
314800473 314955468
315238475 315334336
315552950 315705033
315747719 315850367
315950376 316248390
316362635 316695797
316764248 317072997
317382023 317399339
317440789 317453747
317546342 317704496
317769797 317889869
318211160 318332169
318478037 318659667
318700886 318845530
318999000 319090509
319313027 319439435
319714701 320007303
320299524 320594499
320826938 320900950
321007158 321060386
321081459 321414167
321612097 321838142
321856149 322134608
322169600 322432180
322735093 322892841
322916710 323163589
323256833 323581404
323772152 323825956
323905989 323907812
324096957 324277390
324465924 324762561
324796653 324957339
325016848 325333578
325426821 325484614
325814912 325923030
326240945 326548427
326838401 326914614
327199550 327204668
