1000 1000000000 400000000
397187 397189
2526459 2526460
2953842 2953844
3334638 3334639
3447926 3447927
4509622 4509623
5497128 5497130
5752256 5752258
6908083 6908085
7016490 7016492
8098373 8098375
9281418 9281419
10654527 10654529
11690074 11690076
11902926 11902928
12790406 12790407
12863448 12863450
14848501 14848503
15961475 15961476
18760906 18760907
19273933 19273935
19573439 19573440
20038678 20038679
20352191 20352193
20873305 20873306
21615515 21615516
23101853 23101854
24204184 24204186
24394983 24394984
24443585 24443586
24631633 24631634
24978560 24978561
25632472 25632473
28481383 28481385
29091112 29091114
30578656 30578658
34390372 34390373
34769080 34769082
35179556 35179558
36186422 36186424
36327308 36327310
36615174 36615175
37736088 37736090
38343123 38343124
38590810 38590812
39312310 39312312
39730516 39730518
40361615 40361617
41131520 41131522
42249793 42249794
42455748 42455750
43961915 43961916
44234769 44234770
46158762 46158764
46704710 46704711
48047502 48047504
48182990 48182991
49332734 49332735
49746728 49746729
49877028 49877030
50106818 50106819
50782541 50782542
50865763 50865765
51797669 51797671
52165030 52165032
52210280 52210281
52266370 52266371
53313006 53313007
53832204 53832206
53845257 53845258
54120327 54120329
54216289 54216291
54324472 54324473
56302570 56302572
57070638 57070639
57102672 57102674
57585591 57585592
61983934 61983935
62104077 62104078
62779212 62779213
63870005 63870006
65518239 65518240
66818089 66818091
67347125 67347127
68278840 68278841
68774248 68774249
68787636 68787638
69089952 69089953
69420520 69420521
70948646 70948647
71634823 71634824
74790347 74790348
76141922 76141923
76414597 76414599
77786177 77786178
78320109 78320111
79261116 79261118
80894452 80894453
81189353 81189354
82745410 82745412
83585245 83585246
89750637 89750638
90014683 90014685
90098095 90098096
90385298 90385300
91007698 91007700
91447721 91447723
92750785 92750787
92846008 92846009
96707868 96707869
96757922 96757923
100683536 100683537
103092347 103092349
103707759 103707760
104331038 104331040
106815777 106815779
107511414 107511416
108310024 108310026
109259175 109259176
110468561 110468563
112629570 112629572
113484788 113484790
114853912 114853914
115103883 115103884
115523648 115523649
117379314 117379316
120041098 120041100
121259853 121259854
121873516 121873517
122013710 122013712
123087821 123087822
123731024 123731025
124037658 124037659
124281450 124281452
124731525 124731527
125271178 125271179
128868831 128868833
130157643 130157645
130425009 130425011
131352413 131352414
132913157 132913158
134877592 134877594
136384755 136384756
138393104 138393105
139045941 139045942
139167569 139167571
141538937 141538938
143319035 143319036
143972047 143972048
144439772 144439773
145033668 145033670
147090406 147090408
148675862 148675863
149113036 149113038
149880037 149880039
150626440 150626441
150718341 150718343
151771779 151771781
152006019 152006021
152547953 152547954
155797468 155797469
155945217 155945219
156723883 156723884
157161782 157161784
158358610 158358611
160434153 160434155
160613963 160613964
165208098 165208099
165386636 165386638
166428835 166428836
167600555 167600556
170848636 170848638
170982382 170982384
171141108 171141109
172228021 172228023
172843822 172843823
173815235 173815237
174930773 174930775
175010444 175010446
175440588 175440589
176140787 176140789
178546295 178546296
180097097 180097098
180331026 180331028
180878242 180878244
181493786 181493788
182659684 182659685
183641002 183641003
185389329 185389330
186192709 186192710
187710612 187710613
188349989 188349990
188800846 188800848
190316465 190316467
193051747 193051748
193095487 193095489
194134887 194134889
195003105 195003106
197458328 197458330
198071026 198071028
198502335 198502336
199881408 199881410
200256480 200256481
200810940 200810942
201944825 201944827
202093333 202093335
203649863 203649864
206613460 206613462
209279668 209279669
209603129 209603131
210681712 210681714
210882234 210882235
214348017 214348018
215269003 215269004
220629437 220629438
220869508 220869510
222227195 222227197
222818377 222818379
223213281 223213283
223917559 223917561
224200576 224200578
225103237 225103238
226241952 226241954
227751313 227751315
228276180 228276181
228782466 228782468
229263633 229263635
230314418 230314420
232584630 232584632
234658242 234658244
235188809 235188811
235674933 235674934
236953916 236953918
237676851 237676852
237921195 237921197
238302805 238302806
238555159 238555161
238902967 238902968
239469421 239469423
239944467 239944469
240465706 240465707
241050921 241050922
242189565 242189567
242483271 242483272
244286754 244286756
244985866 244985867
246000227 246000228
246125921 246125922
246641328 246641329
247112787 247112789
247150731 247150732
249847862 249847863
250110975 250110976
250361724 250361726
250687701 250687703
254170479 254170480
255253159 255253160
256531381 256531382
257438824 257438826
258262003 258262005
258939519 258939520
262271340 262271341
263965364 263965365
264720155 264720156
265939309 265939310
267149501 267149503
268202237 268202238
269242448 269242450
270391221 270391223
271769992 271769994
273358178 273358179
274524317 274524318
274832596 274832598
276768680 276768681
277582879 277582880
278125130 278125132
278466858 278466859
281444893 281444894
281779077 281779078
282060128 282060130
286540311 286540312
289959891 289959893
291155455 291155457
291513272 291513274
293213074 293213076
293554373 293554374
293891343 293891344
294553838 294553839
294880251 294880253
294921662 294921664
297591350 297591351
298120591 298120593
298341185 298341186
298803541 298803543
300329713 300329714
300660442 300660444
301923529 301923530
304190358 304190359
305165074 305165076
305518959 305518961
305652632 305652634
307561050 307561052
308673549 308673550
309837142 309837143
312165408 312165409
313255102 313255104
313910540 313910542
314728481 314728483
316925382 316925383
318484075 318484077
320405720 320405722
320668548 320668549
321191898 321191899
321293226 321293227
321817065 321817067
321820713 321820715
322194326 322194328
322363798 322363799
322773567 322773569
323183125 323183127
323609873 323609874
324510183 324510184
324956810 324956811
325582664 325582666
328345520 328345522
329057385 329057387
329592149 329592150
329606702 329606704
330933321 330933323
331086413 331086414
331187766 331187767
332508652 332508654
333013659 333013661
333179241 333179242
333972097 333972098
334272984 334272985
335338119 335338121
335420923 335420925
338764225 338764226
339015982 339015984
339766885 339766886
340182686 340182687
340824943 340824944
341430811 341430812
341436861 341436862
342312670 342312671
342958990 342958991
343626105 343626107
345853613 345853615
346454302 346454303
347323519 347323521
347386340 347386341
348197730 348197732
348422927 348422928
348547654 348547656
349497324 349497326
351015252 351015253
351143086 351143088
351869637 351869639
352056213 352056214
352138049 352138050
352833290 352833292
353805769 353805770
354836702 354836703
360187248 360187250
360670071 360670072
361143832 361143834
363302198 363302200
364563600 364563601
365169481 365169483
365282727 365282728
367692253 367692255
367755281 367755283
367847679 367847680
368038662 368038664
369055293 369055295
369777731 369777732
370050375 370050376
370055868 370055870
370415327 370415329
371504829 371504830
372235846 372235848
372577599 372577601
374152063 374152064
374153800 374153801
374421434 374421436
375340326 375340328
375427559 375427561
376357936 376357938
376467446 376467448
376717518 376717520
377822594 377822595
379702928 379702929
380714578 380714580
380880362 380880363
381954436 381954437
385630822 385630823
386204572 386204574
386383747 386383748
387232785 387232786
387313211 387313212
387499627 387499629
387791519 387791520
388115990 388115991
389989162 389989164
391924539 391924541
392481049 392481051
392638533 392638534
393184797 393184798
394464268 394464269
395042765 395042766
396012478 396012479
400180871 400180872
401846466 401846467
402884192 402884193
403522626 403522628
403685405 403685407
404305661 404305662
408102032 408102034
408383971 408383972
408455429 408455431
409349254 409349255
410060351 410060352
410624819 410624820
411119980 411119981
412013747 412013748
412061225 412061226
414221588 414221590
415327134 415327136
416281203 416281204
416769079 416769081
417929161 417929162
417975221 417975223
418212520 418212521
418782636 418782637
420304622 420304624
420553518 420553519
420826370 420826371
421901355 421901356
422540684 422540685
422615088 422615090
424285430 424285431
426402648 426402650
427426784 427426785
427431909 427431911
431238074 431238075
431355150 431355152
434328266 434328268
434454761 434454763
436380233 436380234
437099162 437099163
437170419 437170421
440033498 440033499
440087347 440087348
442850079 442850081
442938305 442938307
443486533 443486534
443626802 443626803
445304348 445304349
445551782 445551784
446119615 446119616
447376269 447376270
447773262 447773264
448978763 448978765
449460436 449460437
450301331 450301332
450645218 450645220
451316814 451316815
453836064 453836066
454121312 454121314
454546787 454546788
454804593 454804595
458504461 458504462
459209699 459209700
459392523 459392524
461862616 461862618
462568339 462568340
465529071 465529073
467380083 467380085
469215797 469215798
471386195 471386196
471499259 471499261
472392724 472392725
472411559 472411561
473172055 473172057
473976243 473976244
476340257 476340259
479322201 479322202
479601503 479601504
481148364 481148366
481457344 481457346
482012217 482012218
485228566 485228568
485407178 485407179
485440665 485440666
485490478 485490480
486002220 486002221
488158021 488158023
488190041 488190043
489061495 489061496
489327447 489327449
492143458 492143459
492751194 492751195
493002805 493002806
493015491 493015493
493363307 493363309
493593050 493593052
494856662 494856663
495020568 495020569
495404508 495404510
496875686 496875688
497879700 497879701
498712936 498712937
499243884 499243885
499717805 499717807
500500543 500500544
501004816 501004817
501214589 501214591
502376984 502376985
503359980 503359982
504244734 504244736
505148464 505148465
506092404 506092406
506578688 506578689
506643143 506643145
508047294 508047296
509489858 509489859
509539017 509539019
511311902 511311904
513977144 513977146
514658537 514658538
514780229 514780230
520052837 520052838
521230570 521230571
521501008 521501009
522012579 522012580
524371835 524371836
525629430 525629431
527046335 527046337
529045294 529045296
530868553 530868555
533062296 533062297
533363256 533363258
533611307 533611309
534011906 534011908
534255712 534255713
536960652 536960653
537051706 537051708
538381999 538382000
538760270 538760272
538978862 538978863
540336672 540336673
544646512 544646514
545225104 545225106
545364918 545364919
546572528 546572529
547070612 547070614
547133935 547133936
547364466 547364468
547922190 547922191
548142602 548142604
548178993 548178994
550229618 550229620
551063336 551063338
552941913 552941914
555072479 555072480
555286945 555286946
556252157 556252159
556556894 556556896
557028375 557028377
557927100 557927101
558577802 558577804
560208897 560208899
560266708 560266709
560841386 560841388
561080248 561080250
562687273 562687274
564543630 564543631
565072830 565072832
565246553 565246554
565774524 565774526
566887935 566887937
570112484 570112486
572794323 572794325
573082238 573082239
575099979 575099981
576623321 576623323
578951390 578951391
583523403 583523405
584164699 584164700
585792035 585792036
590599766 590599768
590644305 590644307
592012434 592012435
593317383 593317384
594125721 594125722
594475200 594475202
596097298 596097299
598537786 598537788
600781658 600781659
601521509 601521510
601683600 601683601
601892968 601892970
602558087 602558088
603848029 603848031
604212289 604212291
606018131 606018132
606167065 606167067
607077788 607077789
608026847 608026848
608436752 608436753
609305184 609305186
609565151 609565153
609860305 609860306
610251363 610251365
612154196 612154197
612497670 612497671
613945062 613945063
614143842 614143843
614226185 614226187
617655435 617655436
617981300 617981301
619469027 619469029
620589389 620589390
620833524 620833526
622373595 622373596
623591479 623591480
625308786 625308788
626823929 626823931
627759072 627759074
628649055 628649056
628726577 628726578
628860205 628860206
629313686 629313687
629416189 629416190
630407571 630407573
630786988 630786990
631856202 631856204
632171462 632171463
632275082 632275084
635044030 635044032
635167667 635167668
635324451 635324453
636084653 636084655
636109653 636109654
638087686 638087688
638847916 638847917
639044874 639044875
639757899 639757900
640125339 640125341
641120454 641120456
641166809 641166810
641379173 641379174
641796097 641796098
642584915 642584916
642605305 642605307
643008292 643008293
643156258 643156259
643231489 643231490
644310770 644310771
644408121 644408123
644417685 644417686
645446420 645446421
645589095 645589096
645978534 645978535
646664016 646664017
648150211 648150212
648246833 648246835
648379272 648379274
648565494 648565496
650210345 650210347
650248957 650248958
651002904 651002906
653192440 653192441
653510867 653510869
653599297 653599298
653776820 653776822
654575327 654575328
655884273 655884275
655989494 655989496
658167980 658167982
659720801 659720803
659764275 659764276
660985895 660985896
662258830 662258832
662283387 662283388
662747488 662747490
663747308 663747310
665740725 665740727
669064250 669064252
669703853 669703854
670047399 670047401
670534246 670534247
670933040 670933042
671678727 671678729
672506269 672506271
674348282 674348283
675039334 675039335
675262878 675262879
676161573 676161575
676531882 676531883
677572320 677572322
679304297 679304298
680585457 680585459
681586581 681586582
685383203 685383205
685402955 685402956
686341351 686341352
686636596 686636598
686733878 686733879
688264644 688264646
689426290 689426292
694911539 694911541
694922651 694922653
696373329 696373331
696876925 696876926
697230570 697230571
698160999 698161000
700744568 700744570
701163720 701163721
701981991 701981992
703078271 703078273
704079415 704079416
705490931 705490933
706299984 706299986
706329858 706329859
706841329 706841331
709178678 709178680
711530753 711530754
712203686 712203688
714635516 714635518
714945652 714945654
715301546 715301547
715763846 715763848
716089436 716089437
716615432 716615434
716929537 716929539
717116151 717116152
717236084 717236085
717237446 717237447
718209539 718209540
720237083 720237085
721643478 721643479
721764174 721764176
721798345 721798347
723015141 723015142
723893663 723893665
724573868 724573869
724753582 724753584
725282273 725282274
725345761 725345762
727617647 727617649
728145521 728145523
728246484 728246485
728376672 728376673
729874711 729874713
731963321 731963322
732555354 732555355
733298156 733298157
734528764 734528766
736973692 736973694
737029729 737029730
737117057 737117059
737350143 737350145
737805586 737805588
738422068 738422069
739161102 739161103
740002042 740002044
740054259 740054261
740648823 740648825
742667502 742667504
744540426 744540428
745434715 745434716
746113601 746113603
747358810 747358812
750178698 750178700
750533755 750533756
751064327 751064328
751533069 751533070
751828365 751828367
753136464 753136466
753556789 753556791
754801211 754801212
754884016 754884018
756058106 756058107
756144731 756144732
756774041 756774043
757446193 757446195
758425136 758425138
759291911 759291913
759553225 759553226
759934241 759934243
761172747 761172748
761594005 761594006
762090171 762090173
763658042 763658043
763753262 763753263
765029795 765029797
765183147 765183149
766997939 766997940
767404459 767404460
772179434 772179436
774664776 774664778
774926882 774926883
776911006 776911007
777684641 777684643
778140002 778140003
778291731 778291733
778631870 778631871
780663426 780663427
780685631 780685632
780934339 780934341
784155235 784155236
785872718 785872720
785926151 785926153
786624177 786624178
786771335 786771337
788473828 788473829
789930477 789930479
790770730 790770731
791058373 791058374
791439832 791439833
794201172 794201174
795578772 795578774
795940506 795940507
796864625 796864626
798103702 798103704
799728253 799728254
800189120 800189122
803170512 803170513
803178837 803178839
803704807 803704808
804917643 804917644
805017382 805017384
805086718 805086719
808791164 808791165
809077647 809077648
809297722 809297723
809314756 809314757
810084132 810084134
810279172 810279174
811127230 811127232
811595198 811595200
812353602 812353604
813811966 813811967
815725957 815725958
815920945 815920946
817392069 817392071
820008707 820008708
820062754 820062755
825120967 825120968
825855883 825855884
826417037 826417038
826752095 826752097
828486200 828486202
828624013 828624015
829952658 829952660
830083045 830083047
830176631 830176633
831130400 831130402
831365597 831365598
831975678 831975679
832450976 832450978
832818274 832818275
833789246 833789247
834726314 834726316
836990331 836990332
837578386 837578387
839298087 839298089
840805505 840805507
843029072 843029074
844865806 844865808
845927922 845927923
846920740 846920741
847217254 847217255
847859740 847859742
851005813 851005814
851187634 851187635
853697448 853697450
855312993 855312994
855346417 855346418
855544498 855544500
856291258 856291260
857328458 857328460
857973893 857973895
859138591 859138593
859595730 859595731
859745290 859745292
860178569 860178571
860438569 860438571
862281792 862281793
862579460 862579461
866212345 866212346
866400722 866400724
866885330 866885332
868265538 868265539
869402797 869402798
872393412 872393414
873552852 873552853
875681228 875681229
876853127 876853128
877252556 877252558
878384318 878384319
878832438 878832439
878923995 878923996
879285000 879285002
880099489 880099490
883177314 883177316
884654426 884654427
884711794 884711795
884793835 884793837
886213046 886213048
887837880 887837882
889844444 889844446
890253411 890253412
890303702 890303703
890823039 890823041
892758293 892758295
895484530 895484532
899202133 899202134
900068093 900068095
901202784 901202786
901384045 901384046
901480001 901480003
901802267 901802269
902280795 902280797
904522534 904522536
908961291 908961292
909535305 909535307
912099336 912099338
914327920 914327921
915381127 915381129
916659284 916659285
917115603 917115605
919737241 919737243
921558805 921558806
924252144 924252145
925059844 925059846
926734748 926734749
927572745 927572747
929683698 929683699
929993117 929993119
932316770 932316771
933013529 933013531
934814997 934814999
936544590 936544592
936911241 936911243
937752920 937752921
943457466 943457467
943528929 943528931
944467814 944467815
945401098 945401100
946638071 946638073
947202163 947202165
947725697 947725698
947727957 947727958
948594884 948594886
948978369 948978370
949106356 949106357
950235658 950235659
952253363 952253365
953344092 953344094
953680148 953680150
955717303 955717305
958319773 958319775
958442508 958442509
958701189 958701190
962222146 962222147
962705865 962705867
963339586 963339587
965209165 965209167
965953616 965953617
967514391 967514392
970309672 970309673
970800299 970800300
971570406 971570408
975218344 975218345
976575900 976575902
977742468 977742470
978867777 978867778
979609508 979609510
980375020 980375021
981281341 981281342
983899270 983899272
985299309 985299311
985604081 985604083
988862417 988862418
989052907 989052909
989324602 989324604
989510173 989510174
991835536 991835537
995363337 995363338
996429586 996429587
996460079 996460081
996467308 996467310
996653470 996653471
998654224 998654226
998974372 998974374
999296173 999296175
999949006 999949008
