1000 1000000000 430000000
0 100002
369679 402263
711526 1024044
1202131 1507437
1557051 1666157
1955519 2132540
2388151 2494858
2673289 2907983
3233601 3565394
3690915 3778091
4034190 4247657
4312192 4616773
4882350 5100475
5118984 5439513
5751640 6020632
6044204 6204578
6329175 6393047
6586247 6803732
7056785 7096772
7429966 7481614
7663083 7797190
7819171 8040943
8205287 8417912
8428037 8729845
9031649 9351420
9579781 9845050
10131635 10142846
10160323 10458074
10712933 10727879
11043596 11253720
11364220 11619976
11880254 11969226
12092603 12347904
12643283 12666555
12855080 13102597
13339098 13510236
13623888 13688448
13908142 14076590
14225786 14548007
14573894 14862300
14990274 15018744
15274989 15348564
15354832 15601639
15827710 16007192
16102932 16213207
16232878 16390898
16548781 16835930
17007892 17311186
17398007 17702001
17951245 18277491
18385102 18468575
18796862 18839905
18907262 18949678
19114671 19156051
19232744 19334744
19633033 19680390
19967223 20255359
20349888 20589787
20654509 20959060
21124095 21220284
21314630 21379387
21392977 21393022
21445228 21639081
21794769 21883197
21956378 22024459
22292658 22379498
22657214 22843108
23035889 23280961
23555594 23780115
23901948 24002017
24134836 24168366
24260887 24303826
24615816 24781247
24873741 24978853
25083253 25230168
25435656 25754598
25758753 26086460
26253284 26439221
26769962 26874520
26905220 27149162
27215404 27341384
27505623 27634935
27928285 28213302
28308171 28352581
28397899 28620619
28640867 28788626
28951549 29076280
29338235 29421061
29711943 29949060
30187005 30304591
30321611 30452294
30775944 30831685
31016092 31271673
31273118 31306039
31337821 31433848
31590579 31796817
32002695 32029597
32054338 32111140
32330352 32379238
32620459 32927006
33081112 33192933
33202885 33268293
33428183 33505447
33782507 34091159
34300644 34557275
34777056 34812188
34967807 34984893
35212552 35268549
35332549 35335069
35613252 35715285
36033756 36113246
36348241 36358105
36364857 36635619
36655504 36757020
36827575 37073955
37406611 37709909
37734936 37994807
38315846 38396552
38695363 38991787
39014575 39119080
39426752 39460159
39729712 39974067
39974226 40175218
40281719 40562834
40790008 40854531
40967097 41176137
41229678 41301091
41610325 41767047
42002314 42316092
42483316 42540214
42710848 42997215
43149793 43258886
43582620 43597270
43650055 43825577
43845217 44060362
44106757 44106905
44433415 44637237
44825387 45146323
45340155 45556427
45776044 45962141
46031643 46312336
46564217 46698151
46951431 47009507
47156992 47411639
47680883 47737720
47821102 47846884
48032564 48336034
48550338 48621733
48794705 48948978
49023795 49237484
49273609 49517157
49529376 49604536
49732229 49915970
50158911 50179294
50386336 50664851
50742139 50956987
51016187 51072282
51225665 51420041
51698811 51824966
51889574 51952470
52138831 52265307
52490596 52657935
52696005 52922951
53013057 53291532
53336100 53667597
53955359 54227132
54471482 54510006
54667257 54979496
55184932 55387833
55703835 55796606
56106459 56170882
56193688 56389670
56560361 56733044
56809219 56862670
57052697 57131490
57179851 57475179
57762179 57904209
57951378 58144413
58372922 58701436
59001146 59116975
59300824 59545964
59595939 59878695
59894177 59960686
60230146 60373171
60538777 60730797
60794317 61072230
61284177 61438269
61473532 61542350
61759946 61945576
62107494 62131704
62179631 62231875
62550262 62562683
62734475 62808150
62936480 63194048
63487132 63494207
63634923 63942037
64073683 64176483
64335328 64555286
64737615 64765041
64874910 65197817
65215051 65311086
65603426 65896264
66130383 66307138
66320033 66426397
66455698 66510106
66537422 66577693
66579902 66700791
67033559 67298102
67320671 67428161
67498790 67709522
67755802 67947769
68047566 68263251
68499416 68787480
68907851 69056312
69157203 69253593
69317324 69564815
69701730 69941683
70156335 70296435
70329556 70451442
70659836 70730158
71015284 71059679
71230081 71553503
71682857 71957776
71988048 72121461
72366698 72591636
72696912 72747749
72921644 73182315
73185618 73423271
73484624 73512953
73667704 73910317
74215782 74260974
74542541 74542666
74766278 74960417
75159742 75185692
75348836 75647538
75804700 76079262
76358056 76643285
76684723 76858863
77138842 77284078
77499031 77802724
78042747 78066097
78127369 78460658
78727661 78755408
78909946 79095516
79266936 79317022
79420972 79718118
79914438 80135436
80144881 80394411
80440032 80634882
80774836 80898430
81229368 81312376
81500175 81560049
81562454 81705587
81893533 82154331
82229187 82450068
82718588 83021157
83212897 83512792
83646457 83899127
84008417 84250774
84313654 84402918
84462722 84504469
84826756 84892107
84954528 85144619
85299631 85387698
85632580 85865536
86020401 86082903
86204941 86438158
86640662 86785125
87037137 87303305
87474444 87496081
87674312 87906385
87931805 87965573
88115498 88353108
88679616 88993622
89245252 89524031
89637344 89890705
89957600 89996858
90020509 90061379
90175680 90473696
90560677 90687010
91003361 91026531
91326102 91381496
91503238 91726946
91916440 91938046
92084013 92376902
92449840 92552945
92823202 92976523
93149634 93242672
93326400 93347608
93356875 93463824
93722687 93749051
93944842 94088030
94271763 94556208
94722471 94994473
95086005 95197831
95426840 95505175
95798643 96021678
96070520 96074508
96278698 96350895
96410819 96471436
96561969 96738048
97031419 97303873
97626959 97814136
98077081 98214244
98233633 98311862
98523766 98673801
98975334 99268113
99404454 99589358
99831070 99950848
100044580 100151763
100405431 100591529
100754181 100877324
100921907 101131798
101323277 101328863
101624605 101662456
101707140 101924679
102029554 102102805
102156980 102195409
102392578 102503959
102770600 103059777
103099144 103338074
103468492 103590063
103594136 103740160
103857076 104162817
104286960 104476801
104690820 104761275
105013526 105109078
105258968 105426897
105726539 105805647
106031926 106111785
106391447 106633757
106894454 106930977
107184911 107251730
107495857 107714484
108020922 108219579
108492951 108595064
108824813 109121704
109298659 109630043
109709912 109944429
109955992 110029738
110315680 110592376
110888373 111104588
111379417 111680791
111828619 112003954
112215214 112273840
112329839 112602712
112879558 112947501
112998844 113016343
113058397 113092414
113194801 113319802
113337559 113449859
113676979 113732353
113969359 114008533
114125771 114347875
114573557 114707299
114991197 115245421
115464073 115553093
115810283 115863032
115980640 116135380
116445146 116458419
116642216 116720174
117051385 117246135
117252771 117376165
117545376 117623822
117923651 117953462
118248340 118531214
118632717 118916246
119091262 119313358
119460873 119766502
119879447 119915052
120213838 120337268
120427718 120496470
120794368 120802846
121075637 121286895
121580202 121767874
121847963 122145298
122152666 122324455
122433429 122750501
122902938 122994736
123121262 123167862
123240578 123488822
123535645 123621600
123944658 124002103
124048937 124121082
124327100 124477032
124671132 124904120
125071595 125190765
125438991 125627716
125868934 126004953
126122934 126432573
126565767 126722778
126793847 126944952
127116222 127435571
127731628 128042708
128184892 128509020
128732969 128892075
128998082 129295570
129337609 129664526
129936021 130129395
130390830 130617023
130775612 130837079
130963291 131207064
131417994 131735870
131905173 132123663
132402511 132676842
132759822 132949215
133007084 133136509
133165837 133176846
133357808 133636568
133654236 133979165
134235919 134520934
134591671 134723161
134867891 135081730
135297713 135449753
135660860 135701137
135761662 136074697
136309933 136382649
136495041 136546574
136691559 136929157
137127085 137315923
137499931 137632798
137647680 137656675
137909584 137944165
137951491 138065400
138198546 138218575
138541407 138805226
138987680 139168782
139446109 139520919
139580637 139666539
139892629 140206621
140358703 140394432
140517693 140764811
140921549 140995165
141318121 141473352
141566671 141885730
142137193 142181989
142222706 142501608
142519005 142761776
143059092 143134922
143268904 143512799
143522241 143588396
143832872 143931271
144040336 144231902
144360563 144571840
144882114 144961643
145081892 145098355
145160762 145367855
145660635 145891666
145978957 146247935
146479679 146482874
146713100 146731189
146869955 146932669
147034613 147213466
147346858 147634383
147784789 148048467
148223708 148416558
148420560 148697619
149007205 149291195
149446629 149604329
149886042 149971834
150217578 150498335
150575793 150794506
151026196 151052236
151111322 151133733
151411942 151473798
151505462 151802843
151866026 151984929
152134112 152319026
152487534 152769550
153088962 153116571
153272920 153439878
153614283 153837537
153922939 154006110
154081357 154311220
154384239 154425116
154622805 154719397
154979973 155243024
155550057 155880428
156155548 156446602
156481784 156483190
156768579 156807159
157103264 157307113
157583367 157845474
158024546 158089017
158132355 158249971
158443412 158774594
158869603 159044650
159109333 159239315
159419232 159696639
159936342 160212090
160509580 160597223
160699562 160839320
161150682 161156176
161219593 161220273
161313180 161614921
161821146 161906897
162087944 162232361
162541251 162862947
162965688 163231733
163500262 163558898
163733478 163908722
164198837 164487800
164588359 164776228
164866213 165108184
165284910 165594869
165600974 165807387
166058777 166130344
166394035 166543384
166719939 166944448
167083289 167105504
167220938 167223181
167238104 167481619
167520098 167788610
167926132 168068464
168326775 168328306
168505830 168768454
168842843 169093813
169190136 169522788
169638241 169759153
170037508 170061865
170266631 170512979
170749355 170859658
170921869 171077938
171131712 171182287
171401945 171616821
171775414 171852469
172013947 172109111
172230532 172231830
172371498 172657026
172714160 172949156
173023237 173069908
173078204 173294476
173498563 173665560
173927307 174028867
174038424 174158787
174190998 174266484
174407864 174574417
174643524 174737042
174759620 174793058
175058905 175149254
175291432 175617444
175692042 175833161
175864837 175866830
176122726 176193691
176497725 176675520
176908758 177191158
177416718 177595334
177683925 177698860
178002001 178040699
178279683 178507738
178769653 178896119
179044095 179275694
179450384 179609573
179866151 180040457
180099765 180316384
180518574 180575864
180886551 180985234
181300364 181390650
181609398 181933245
181984775 182139043
182418232 182564594
182822501 182834835
182838835 182977652
183139280 183382739
183653183 183705284
183977810 184273625
184280832 184371949
184438137 184527588
184680265 184980918
185288136 185560871
185683658 185956472
186180950 186205062
186478885 186521471
186683474 186741562
186939850 187014170
187238531 187242848
187315161 187405181
187676232 188009242
188123938 188124834
188246903 188540803
188676028 188958487
188962663 188965773
189057818 189303427
189399514 189600647
189747063 189805674
190118115 190300318
190466123 190797900
191023758 191232531
191459798 191705110
191759858 191974501
192197824 192216118
192515128 192642067
192778055 192830982
193079281 193226878
193383621 193644715
193957799 194160241
194420119 194581186
194896153 194983685
195007752 195312813
195419339 195475769
195545371 195819485
196021764 196241584
196429910 196696501
196970522 197192157
197488093 197790661
197910529 197931032
198092826 198111002
198214871 198502619
198616947 198852658
198878188 199066149
199099419 199197978
199278092 199398403
199686809 199759461
200056629 200169756
200470006 200617118
200886262 200922788
201076173 201219750
201404061 201722392
201728883 201751140
202050031 202356698
202656167 202873867
203055917 203200638
203214286 203246282
203448910 203591781
203912747 204227410
204549242 204818910
205113121 205406092
205618346 205720425
205790262 206093330
206367512 206453592
206704127 206970960
207300339 207547372
207823398 207921004
208220902 208436566
208559424 208865848
209155799 209486391
209810080 209814894
209989421 210149805
210474632 210726909
210841910 211007176
211240459 211447997
211606962 211667070
211933199 211994964
212321301 212465138
212467692 212517078
212570257 212835520
212851112 213044275
213141090 213462790
213741885 213813303
214066689 214231950
214429282 214558984
214684723 214841307
214852905 214968592
215274321 215322005
215422239 215660932
215841355 216109569
216168211 216265921
216556827 216877127
216988200 217282539
217576371 217857722
217934220 218096293
218194336 218415185
218477271 218523306
218844076 219075967
219201718 219349328
219497984 219812999
219825175 219896362
220033439 220291144
220595449 220775126
221068543 221169218
221443982 221593129
221832066 222093605
222256216 222463550
222621274 222772115
223101764 223289169
223551315 223721699
223772352 224014385
224307700 224409890
224636461 224826775
225122870 225433603
225482850 225662754
225776036 226018643
226277574 226387587
226448907 226497256
226813571 227130622
227277909 227385084
227461701 227621240
227784079 227839698
227915539 228230103
228379678 228458284
228717947 228783306
228920302 228971054
229048094 229362353
229424788 229652701
229928613 230023394
230328937 230532872
230536705 230562649
230886670 231070631
231356293 231648150
231728305 231745930
231959826 232096802
232331369 232411155
232528383 232703438
232918952 233031508
233338776 233638364
233963655 234004778
234188817 234230697
234449348 234501888
234811335 234874074
234885832 234909372
234914808 235127647
235342898 235478994
235552274 235686807
236004203 236236717
236334450 236646264
236729885 236872919
237175100 237419249
237630630 237962564
238112772 238292106
238309754 238586837
238808278 238810155
238998375 239077438
239164191 239430925
239551572 239737873
239915618 240010141
240306424 240403848
240478309 240590774
240855100 240863933
241054801 241172276
241493354 241736993
241751428 241781457
242068518 242362683
242503151 242587451
242817075 242994121
243077928 243334080
243490028 243660607
243779673 243820283
244042338 244123507
244141247 244236072
244241409 244568409
244824381 244826782
245083998 245234800
245567504 245877101
246169503 246329845
246502951 246650485
246915617 247211007
247533680 247859359
247957958 248106568
248155234 248463916
248631129 248748350
248981348 249086176
249259246 249371551
249694759 249934612
250194576 250522182
250596013 250646918
250884350 251118430
251331032 251598878
251724693 251975848
252264086 252576422
252716667 252806051
253052713 253219430
253530462 253641194
253700106 253811350
253823243 253877010
253887073 254206665
254289003 254454930
254468160 254557831
254688135 254972350
255284167 255425171
255626172 255956961
256289327 256415243
256637015 256739455
256950321 257221771
257421472 257691098
257765381 257905648
258029652 258352451
258597397 258644587
258950737 259043799
259296017 259386785
259520412 259752296
259858873 260065636
260338965 260384092
260586118 260610684
260934276 261128192
261201032 261303898
261590481 261759988
262022215 262148744
262469082 262650932
262824141 262902103
262914158 263241265
263525523 263829220
264132644 264397111
264634144 264770699
264958910 264986949
265040490 265043021
265220192 265278960
265596221 265646996
265842431 265856959
265923250 265927375
266047713 266194642
266500416 266794231
267092342 267400215
267718489 267923869
268111090 268203839
268382036 268547916
268751366 268856368
268938083 269256392
269569812 269571096
269896971 270216067
270243297 270417829
270607591 270704005
270731928 270949087
270964101 271007751
271236008 271278900
271381696 271561939
271586138 271750518
271893065 271950153
272164296 272321495
272640598 272923200
272938873 273182078
273496173 273602544
273633665 273779194
274087875 274280540
274412675 274556026
274653389 274836826
274966686 275090368
275186417 275494021
275638852 275954968
276019641 276162184
276348371 276616636
276881645 277082155
277375031 277588078
277725915 277838060
277884092 278132551
278182658 278506795
278775050 279019510
279145478 279440474
279668016 279905074
279977412 280104064
280185552 280505716
280738844 280941279
281052128 281218468
281537508 281814314
282023649 282034126
282082209 282105660
282352462 282359674
282622826 282886209
283167615 283306608
283402310 283498715
283636694 283852637
283880343 284076359
284251072 284375862
284585600 284849776
285115469 285390979
285486519 285672568
285740019 286040458
286306575 286440582
286677982 286928675
287104221 287376061
287401656 287648984
287704223 287916852
288071368 288400377
288442330 288614575
288724994 288916829
289108891 289271217
289537632 289865053
290154338 290231481
290408325 290651035
290751512 291072477
291185110 291410780
291422488 291474361
291769266 291951849
292068422 292084492
292415096 292644736
292890117 293128279
293238281 293360257
293545481 293751674
293945370 294064449
294093851 294178494
294274705 294551841
294661226 294916489
295220754 295513340
295728576 295987915
296083365 296138728
296167973 296260660
296283575 296367488
296444490 296573498
296770414 297024005
297198569 297520891
297647734 297709887
297798432 298031953
298141003 298252845
298568822 298601232
298931709 298988998
299086479 299106975
299141163 299337516
299565602 299710493
299808213 299915078
300142000 300213689
300262027 300455974
300627008 300862545
301093118 301186865
301193413 301369810
301659307 301659584
301732439 301797330
301908331 302133409
302415142 302642996
302838236 303084289
303253747 303574912
303854087 304103536
304272612 304542331
304588467 304780376
305083337 305204723
305224278 305354422
305365054 305553740
305842331 305974718
306057013 306086394
306370271 306673836
306868171 307141179
307357342 307601079
307730486 307812446
308042428 308227443
308555951 308834895
308898872 309100623
309422795 309484927
309749306 310052986
310347663 310358370
310405757 310651255
310941956 311247303
311547870 311679585
311827487 312020316
312182856 312393695
312558269 312825143
313097904 313292516
313609484 313939752
314158160 314272982
314309169 314442930
314697347 315016944
315083650 315372316
315491226 315609987
315802475 315933851
316013796 316060293
316318903 316503788
316639200 316872493
317169220 317436175
317442611 317614549
317695339 317754830
317816181 317936081
318122624 318293293
318415178 318554970
318803365 318964939
319154992 319303266
319497102 319800188
319848648 319970481
320112748 320205147
320345484 320550731
320807608 321031632
321078255 321164077
321453949 321746913
322007910 322230801
322246092 322426319
322504577 322528532
322847760 323164594
323177331 323495720
323622153 323802180
323844910 324153215
324208411 324500000
324500955 324755019
324829168 325094511
325354960 325370690
325447729 325761459
325974912 326203695
326379039 326510361
326815778 327056083
327162043 327429153
327667578 327835354
328026095 328075756
328298754 328414383
328681163 328749534
328845407 328977602
329035634 329183125
329271236 329364353
329400592 329445834
329686279 329914177
330001005 330076091
330110237 330365629
330365967 330665505
330796176 330808943
331082658 331350234
331661270 331957553
332036345 332064239
332222314 332330224
332347898 332657794
332990991 333270284
333582657 333651739
333847899 334099855
334157942 334393380
334651663 334691400
334709945 334843637
334998570 335063653
