1000 1000000000 460000000
300175 336416
417791 587338
892456 1210426
1499783 1740919
1828242 1837901
1990869 2021581
2051269 2265404
2323200 2361548
2486036 2694475
2914747 3075884
3156320 3342390
3464631 3536611
3679440 3839724
4127357 4419106
4579743 4704077
4819430 4842115
5128043 5260085
5294766 5437152
5488589 5494676
5595415 5928675
6008540 6191510
6204058 6385345
6429364 6432965
6666189 6986630
7030002 7326525
7415883 7544154
7583278 7908322
8096947 8240816
8286218 8381481
8705278 8816712
8953354 9002898
9186407 9305593
9475877 9758092
9781665 9797349
9967242 10127530
10200383 10262838
10350365 10615216
10883214 11105675
11340828 11616444
11682723 11791737
12069708 12206927
12349095 12388855
12701684 12925519
13079349 13245239
13550598 13879110
13901682 14234178
14267854 14462384
14791320 15093439
15303350 15621606
15886591 16078407
16247161 16512528
16726271 17057534
17062661 17240149
17437213 17595037
17689667 18011006
18340832 18664504
18920668 19087109
19370131 19514847
19834246 19917173
19982712 20245485
20261442 20426545
20500891 20767197
20914710 21231885
21507486 21833641
21912345 22216017
22269416 22476419
22627123 22897767
22913280 22995243
23030493 23244844
23419002 23708905
23866646 24131852
24406585 24409161
24687562 24884940
24930859 25259872
25563726 25784816
25850612 26089340
26383011 26633118
26942223 27012210
27044375 27301863
27306276 27528312
27634124 27687961
27980051 27983307
28238535 28488202
28636333 28714867
28889270 29005421
29284313 29339185
29553777 29785845
29811264 29910750
30148773 30313292
30543828 30611219
30619420 30698615
30725765 30770496
30897799 31202063
31296516 31625411
31821072 31926193
32007307 32016070
32066055 32322926
32440137 32682975
32781155 32826837
32962196 33125851
33344910 33644002
33828581 33833507
33882450 34157543
34303995 34374086
34374476 34467501
34694766 34950735
35030570 35185841
35480690 35547211
35704370 36013036
36099551 36122958
36195936 36362143
36602381 36820942
36906720 36958573
37113000 37161820
37401708 37519885
37779218 37899594
38126054 38311765
38599906 38635686
38935481 39247577
39273574 39421631
39520879 39724202
39959265 40228805
40343755 40532593
40697796 40980599
41063564 41163708
41388718 41505424
41703522 41775642
41969113 42166633
42226192 42245608
42307843 42638412
42741324 43064192
43280802 43349108
43625658 43857321
44176141 44423235
44453592 44456467
44499693 44630132
44655852 44723891
44810891 44905571
45017457 45230795
45390688 45546861
45858723 45968941
46191428 46344318
46612760 46852242
46948130 46976227
47028234 47348578
47589508 47603828
47762478 47926511
48253263 48557461
48712638 48966907
49095751 49161269
49447230 49620343
49745023 50052387
50218979 50397709
50412803 50545173
50727929 50747440
50783926 51007974
51201855 51320477
51337708 51634934
51892719 52005367
52108929 52414836
52679856 52826593
52861521 52993657
53151801 53393730
53484423 53670693
53990736 54205316
54432539 54689996
54712227 54910362
54986910 55278477
55557155 55824738
55850313 55933916
56027530 56320508
56503632 56566129
56883800 57203847
57321186 57370088
57647441 57896203
58065081 58149976
58358701 58567468
58639533 58739698
58932317 59237154
59264802 59524059
59670759 59782338
60056511 60100698
60367434 60414543
60648068 60819510
61070178 61099541
61365249 61598682
61843015 61960219
62014902 62249320
62301731 62562198
62591997 62630223
62642503 62792642
62884716 63172065
63180427 63314142
63494997 63659925
63684272 63705711
63867765 64054814
64385795 64663977
64780755 64982710
65259151 65518639
65574495 65667827
65880966 66213348
66485981 66793908
67065383 67160670
67179854 67250995
67566394 67721105
68021760 68209290
68537182 68789489
68797440 69040352
69170486 69237465
69419996 69475119
69788120 69883067
69914282 70085226
70246839 70332917
70634373 70710818
71035439 71184663
71444430 71475234
71543376 71585406
71808847 71853197
71884744 71921825
72234927 72328235
72520176 72806396
72902498 72993589
73004295 73301775
73321177 73464044
73521015 73700698
74009931 74014166
74014551 74130062
74168843 74322107
74557521 74794240
74850570 74894078
75190554 75205693
75450117 75549947
75793153 76060418
76302480 76604913
76880885 77016096
77116063 77313530
77558269 77808623
78046739 78326879
78375453 78550736
78602655 78721672
79046984 79169439
79475967 79672718
79956377 80199232
80200571 80253450
80256503 80566396
80820454 80920538
81041154 81147460
81168407 81272831
81395406 81566747
81798637 81881842
81962367 82274144
82365728 82614175
82686979 82712345
82864651 83109044
83132531 83292702
83620005 83810543
84030273 84263771
84339995 84500699
84598739 84775217
85082719 85146845
85371263 85602883
85822402 85841651
86105674 86316468
86385621 86533863
86626769 86694348
86975655 87091084
87176599 87316395
87340687 87587973
87647520 87687656
87717081 88026756
88248837 88335171
88472650 88687529
88970501 89264276
89306494 89561007
89569044 89630883
89863820 89899400
90137876 90253918
90416693 90476993
90482881 90638746
90756495 90936617
91245467 91510544
91596406 91630791
91747782 91959531
92060994 92273805
92443449 92526892
92558030 92887006
93148187 93343832
93676116 93792026
93869334 94015153
94118400 94278077
94315406 94563599
94581845 94792317
94893411 95051917
95141339 95301801
95419750 95436224
95506160 95632074
95942385 96270143
96502313 96780079
96930681 97012009
97187619 97453207
97669810 97819296
98047130 98295752
98321491 98425929
98684380 98724733
99010021 99319212
99409366 99413410
99614374 99615141
99794934 99909820
100167260 100254953
100510565 100581544
100872838 100951052
101236361 101280362
101288998 101307508
101323153 101624252
101703755 101724794
101776085 101822143
102110460 102352046
102453873 102566853
102728828 102811286
102918783 103188194
103441755 103542796
103782533 103815570
103900564 103937360
104003253 104155619
104472100 104662622
104821525 104996767
105257821 105560484
105650380 105797155
105805423 105819579
105863747 105984193
106175431 106465257
106541685 106756088
107014749 107122099
107148363 107347667
107658911 107862056
108011406 108321332
108650846 108701821
109033632 109192568
109462753 109664896
109794522 110007829
110173347 110316636
110511834 110662783
110963301 111269643
111330722 111453325
111660289 111908405
112084117 112285027
112347845 112522126
112792115 113060335
113181192 113226319
113445486 113524876
113578710 113840601
113851677 114045434
114250354 114577212
114766078 115042235
115247262 115346585
115659195 115970557
116128225 116354777
116476996 116668878
116706098 116707095
116886231 116975737
117276733 117566924
117833537 117872406
118170948 118348749
118579924 118864724
119014126 119055305
119249257 119251226
119497203 119808550
119871858 120189388
120272430 120409696
120608578 120860951
121047146 121179926
121237762 121426871
121588089 121624616
121904098 122232213
122542991 122761695
123050641 123366343
123486009 123556961
123847980 123990199
124022669 124286973
124478583 124807090
124808262 125006742
125080534 125239731
125255946 125561825
125818584 126011835
126220966 126265190
126484500 126769911
126959271 127231147
127410160 127428715
127662448 127702532
127896067 128113576
128253254 128568206
128637412 128854789
128897007 129162858
129488961 129641890
129807575 129951154
130016585 130221618
130539538 130854552
130919020 131107081
131365624 131433356
131453664 131762046
131815063 132010872
132129004 132133590
132201547 132331579
132616674 132894804
133110658 133292844
133570532 133671289
133836106 134129759
134329248 134529776
134747180 134936486
135223190 135467233
135470073 135716768
135812616 136042748
136248828 136377538
136556770 136707339
136756324 136831586
136847989 136859382
137089950 137138676
137271338 137528434
137833296 138049206
138103642 138314607
138447590 138556106
138801536 139046950
139319695 139630561
139715142 139886622
140045569 140111503
140412415 140423819
140663057 140825452
140974297 141074156
141334813 141493565
141603323 141693089
141976935 142170324
142204424 142247757
142366869 142422223
142680916 142824928
142949969 143065042
143124326 143273165
143396970 143691687
143705922 143866675
144046964 144207989
144466062 144666975
144867966 145177071
145403296 145597687
145857462 145920424
146008608 146297831
146583021 146720008
147048752 147345720
147357151 147511371
147674751 147954697
148160219 148487265
148620666 148692347
148852143 149043040
149319565 149455097
149463579 149529027
149613913 149621674
149889052 149930759
150029145 150172171
150252435 150437430
150536096 150836486
150877146 151183724
151434858 151611004
151919281 152094227
152161344 152309421
152399405 152596515
152830318 153118257
153450870 153583030
153605925 153674538
153949953 154248208
154549135 154621356
154820555 155148374
155188560 155260334
155328375 155551862
155636532 155721099
155843368 155909526
156220114 156295800
156303716 156480802
156533593 156603486
156704223 156715556
156978224 157239149
157437773 157690024
157961582 157969588
158185256 158407227
158657896 158827296
158945387 158987653
159176573 159405669
159697705 159978265
160167950 160301808
160546494 160678144
160824689 160825129
160829515 160845680
160927810 160934988
161245426 161478241
161557214 161761538
161822857 162051879
162190252 162287089
162444756 162663793
162892837 162897529
163021348 163090524
163213403 163243453
163282806 163298112
163316516 163405668
163429389 163547344
163685640 163855719
164079085 164249008
164488489 164591519
164632619 164654727
164790358 164988040
165169829 165292771
165615275 165705486
165833514 165894654
166111954 166198712
166507119 166508255
166600960 166756569
166802999 166914113
167033059 167184462
167493248 167650649
167828432 167854883
168096338 168307080
168439556 168673809
168956666 168998525
169127715 169218940
169508587 169758332
169966185 170250371
170519903 170702032
170905423 170958909
171181746 171208722
171339351 171438320
171612579 171714724
171789475 171953526
172211176 172425347
172604131 172662519
172696932 172838678
173027933 173170330
173470223 173549842
173714707 173895796
173992595 174217940
174428328 174675002
174915520 175087267
175202773 175254061
175480602 175703986
175909307 176046675
176370350 176680895
176695264 176897912
177214490 177403411
177406473 177518017
177775302 177794180
178018733 178069072
178318859 178540165
178830073 179045912
179287586 179370465
179527359 179554656
179765027 179874343
179887464 179966685
180234290 180253917
180290332 180503399
180667324 180764583
181084401 181229934
181406789 181503143
181519360 181625121
181892056 182175999
182303051 182419004
182644144 182652063
182892465 183103001
183344507 183594047
183698050 183893342
184110357 184290600
184622716 184685021
184958988 185285846
185618537 185666816
185784267 185977299
186041281 186186807
186421319 186665918
186719053 186751571
186760076 187040591
187236447 187472372
187554777 187650064
187857745 188150521
188224996 188306799
188407492 188537249
188558884 188870860
189021350 189135116
189422432 189513333
189515738 189621132
189903076 189911871
190150825 190360836
190363683 190535112
190801101 191027193
191294138 191320893
191447208 191764626
191996350 192151926
192460816 192658790
192818081 192848951
192891051 193180663
193365154 193430245
193759396 193835839
194087011 194258746
194533302 194795691
194851361 195030853
195173175 195203755
195370233 195470685
195580371 195791926
195836851 195904016
196097469 196160169
196473463 196789756
196898314 197230152
197308438 197462009
197560515 197777694
197945710 198151870
198411541 198582370
198883192 199211532
199328038 199438512
199452649 199559782
199634157 199949839
200253851 200398545
200600665 200670673
200779649 201089801
201315615 201412994
201660546 201953343
202253367 202441281
202501004 202539656
202847361 202862792
203105039 203346120
203378860 203646909
203738067 203744928
204067774 204126069
204126850 204285803
204379083 204460094
204677260 204752892
204907964 205130519
205432902 205481069
205699918 205849713
206167933 206268806
206503761 206797879
207093835 207236685
207273643 207426247
207458119 207744626
207804006 208010693
208280042 208603489
208726948 208757091
208850139 209092811
209347149 209354809
209659099 209764190
209803975 210058212
210382915 210640529
210672645 210957991
211284000 211381094
211419459 211651421
211678801 211906999
212034653 212093651
212303927 212474768
212708340 212992863
213200826 213383947
213431549 213585228
213807324 213852879
214131612 214442732
214636707 214668385
214728515 215042469
215220923 215405897
215579302 215911591
216212872 216444102
216647943 216770683
216883062 217111802
217407254 217489594
217591524 217916808
218239269 218425560
218694812 218778799
219073216 219403686
219511926 219759074
220013683 220113318
220119476 220352468
220663096 220727901
220963141 220974289
221047099 221373889
221621161 221632448
221687776 221716827
221957660 222124908
222178574 222380540
222399109 222472190
222605966 222862061
223147261 223332803
223604641 223813269
223942266 224159758
224395634 224702676
225011491 225050028
225289524 225323545
225654624 225955369
226073701 226330187
226433984 226492186
226671795 226705769
226893308 226903087
227056796 227140124
227263448 227269657
227453669 227723981
227901463 228192647
228482342 228783960
228935119 229039654
229136814 229370994
229548492 229714221
229936587 230125754
230428742 230752487
230827990 230966828
231190415 231268952
231308509 231556153
231622586 231647290
231685793 231781918
232016242 232328316
232432198 232600795
232636043 232916566
232958274 233230770
233406980 233604992
233717309 233743994
233963048 233979819
234256925 234312302
234480072 234732079
234990121 235103048
235393313 235661252
235692273 235867831
236185009 236298391
236614481 236639583
236850462 236945281
237168020 237422101
237470074 237604284
237887263 238085254
238398364 238657105
238843173 239086385
239129896 239252968
239429487 239619746
239946833 240115951
240409309 240548548
240766366 240939999
241127246 241257361
241552009 241580743
241879307 242065494
242372845 242383209
242492342 242810338
242879189 243056178
243305340 243341074
243358990 243482239
243495780 243741537
244066289 244373429
244536627 244863537
245035850 245166987
245432752 245640874
245731539 246009432
246038241 246367685
246589693 246880466
247115150 247156580
247159496 247356145
247538960 247662675
247821458 248036756
248100897 248145770
248286155 248469737
248683920 248909847
248971519 249262952
249429331 249613567
249858338 249955181
250143400 250350659
250538414 250801672
250917550 250980207
251103717 251312574
251501976 251737124
252051073 252292409
252415812 252554879
252770162 252787827
252917716 253243459
253572588 253839897
253917268 254096461
254410846 254696156
254765329 254912311
254984749 255183339
255184635 255216229
255389403 255485329
255625272 255863662
256093002 256298437
256426764 256684472
256826275 256871334
256934591 257240063
257354287 257608518
257617508 257741708
257995042 258065612
258251003 258282819
258611674 258835246
259115042 259139823
259395511 259396535
259671635 259800883
259942103 260103545
260354758 260524487
260659736 260831067
261109062 261241644
261445280 261544106
261649364 261953018
262004864 262202700
262443955 262713989
262781854 262870102
263014499 263059623
263134643 263203609
263354616 263545100
263875190 263920515
263923785 264076050
264240153 264566702
264701710 264716988
265002322 265201742
265402279 265668212
265707081 265713847
265901055 265984124
266293604 266600943
266795074 266915541
267179806 267422762
267548840 267671368
267684965 267929723
268254856 268539828
268579328 268679762
268790385 268826328
269156119 269453563
269540014 269811161
269873420 270031116
270168903 270354048
270488102 270538516
270549438 270761098
270866338 271114684
271419488 271657862
271664266 271882677
272119294 272310465
272504260 272799505
272902741 273072346
273392998 273576742
273744036 273920842
274143618 274299014
274347058 274349634
274511171 274844355
275164890 275243812
275265030 275596597
275808453 275825952
276088853 276330151
276394899 276668408
276745004 276887562
277173454 277437688
277581083 277704557
277837335 278058024
278197013 278419483
278490233 278780785
278874861 278941362
279189145 279498693
279511050 279650120
279970385 280156996
280384051 280493001
280510387 280829513
281158930 281398910
281512341 281822420
282153207 282398753
282409808 282531051
282703488 282973432
283203619 283229218
283340037 283372222
283387307 283690258
283980906 284283331
284326986 284559749
284888760 284947452
285269777 285587911
285677973 285835904
286042956 286137276
286425685 286429813
286479165 286511120
286688998 286726145
286885973 286968537
286977294 287088835
287152290 287232797
287246065 287330278
287405572 287445252
287657202 287929708
288077342 288294534
288490191 288593027
288874791 289025107
289030611 289348979
289390553 289690397
289945830 290205937
290282793 290384044
290487320 290584178
290652858 290663899
290774222 290864323
290875553 291065937
291374778 291630085
291924049 292223626
292417412 292523399
292724326 293025466
293268144 293353702
293530495 293640944
293943641 294018229
294146621 294187975
294500909 294771999
294930359 294963895
295105059 295226543
295506640 295627472
295818543 295995792
296090354 296130509
296405863 296453302
296479586 296801753
297127443 297325738
297626838 297775265
298007295 298043483
298221113 298495579
298757357 299016962
299208739 299429609
299723078 299872763
300109317 300156333
300184536 300404331
300702231 301009044
301246930 301322211
301603751 301787564
302083151 302287550
302399208 302536894
302707528 302974371
303075062 303372924
303483969 303684565
303714884 303716497
303924079 304232743
304544756 304760372
304861385 304880467
305026606 305162242
305190311 305503930
305801611 305875134
305965563 306019305
306317416 306597686
306924873 307009326
307329656 307562490
307631700 307827328
308055060 308346975
308437074 308649770
308856439 308888608
309164914 309426312
309629846 309693628
309781276 310077318
310251803 310576008
310816687 310904404
310998539 311323804
311643761 311891519
312199787 312468151
312639734 312855321
313093952 313318586
313343511 313547528
313591752 313621218
313917780 313992305
314245010 314407650
314527713 314770398
314922689 315244779
315415851 315523048
315708733 316012425
316082764 316377855
316651049 316949378
317203416 317223705
317482834 317677699
317857817 317875771
317908248 318066098
318066476 318086944
318250385 318350951
318677274 318691538
318844618 319114374
319391852 319438105
319638029 319681516
319700784 319944094
320016488 320101789
320339391 320482974
320648529 320872633
320921600 321029378
321141089 321413691
321738543 321773791
321952073 322202284
322227175 322524578
322724756 322941677
323207261 323287699
323579341 323726029
323729321 323823576
324008975 324309055
324564708 324711515
324873216 324900354
325039284 325111109
325172406 325433904
325484749 325641503
325712839 325740119
325757177 325990129
326211035 326382356
326395128 326600612
326688379 326881949
327048634 327239252
327407966 327445076
327634281 327718936
328033681 328094965
328228493 328268453
328596227 328801570
329112736 329393539
329507249 329744969
329759930 329849106
330083405 330309528
330488218 330753992
331086203 331159074
331275639 331378432
331600941 331658427
331933002 332152571
332270758 332318314
332503494 332733243
999899991 1000000000
