1000 1000000000 10000000
0 10000000
10321821 10631462
10933890 11234977
11513284 11695090
11716258 11816085
11933210 12031709
12266352 12524451
12571959 12754814
12906394 13040500
13143679 13355731
13685508 13811318
13871878 14005599
14303900 14593986
14784724 14906642
15201703 15288413
15554629 15636449
15815223 15952034
16078869 16280937
16475161 16734941
16995777 17184399
17279036 17400548
17557414 17797384
17897560 18043202
18317864 18389944
18680301 18684656
18995081 19193889
19374970 19555248
19739590 19948758
20164573 20327364
20597903 20623404
20631095 20855865
20860016 20862586
20883533 20990749
21154166 21457566
21464780 21756282
21936725 22126484
22453076 22700835
22876214 23123026
23266225 23470218
23725707 23772947
23814834 24095142
24326042 24371576
24396098 24540481
24554955 24780627
24891076 25094239
25413141 25671612
25875115 25915683
26192314 26413805
26421944 26449877
26737325 26846461
26864878 27158490
27286180 27307238
27368542 27559924
27664639 27688771
27987611 28059319
28142695 28296665
28354692 28464016
28738323 29061051
29283234 29459377
29547122 29804192
30078741 30084787
30284482 30405687
30522301 30732298
30756926 30889661
31010965 31284579
31541836 31777749
31796752 32072976
32100205 32312281
32387523 32681404
32866222 33130049
33146150 33182191
33366250 33419529
33508697 33710257
33854518 33854675
34096804 34382069
34590212 34634814
34737799 34877952
35165189 35444896
35565860 35652805
35967294 36268242
36314385 36481380
36582354 36813258
37127005 37337750
37571576 37590557
37852702 38074682
38295863 38461243
38661949 38899641
39066226 39110006
39355120 39511240
39796745 40035639
40172154 40472143
40685898 40778599
40935049 40975262
40984627 41116457
41223600 41514839
41680312 41959873
41972165 42063756
42152098 42394874
42524778 42620759
42845384 43164079
43258478 43259542
43485477 43630186
43784023 43813008
44069902 44265913
44366429 44582446
44903066 44978086
45123685 45249085
45382151 45671971
45755369 45990962
46239122 46440770
46565552 46871700
46973555 46981325
47052137 47243425
47257377 47309770
47505764 47697090
47932395 47959346
48219892 48490728
48565891 48750593
49009239 49198034
49422813 49604393
49860668 50085494
50384251 50667317
50742051 50864266
50955634 51165861
51331800 51354329
51405260 51635423
51645434 51751181
51828329 52147846
52460696 52504266
52730264 52770449
52998024 53194704
53459588 53484845
53527303 53754531
54039163 54140401
54259370 54322788
54426552 54520266
54584619 54749609
55012514 55055835
55155893 55361968
55584689 55717302
56040514 56283400
56519346 56536638
56640779 56964207
57038748 57175616
57415311 57538919
57765743 57943368
58195117 58396561
58547627 58802384
59059273 59232249
59531299 59579831
59805662 59980421
60193389 60207523
60389229 60442273
60554575 60691317
60694031 60930967
61141591 61154924
61185336 61420585
61530922 61655601
61666053 61756311
61955099 62161005
62375521 62534872
62840832 62959205
63178657 63197496
63323634 63495676
63532848 63832980
64121615 64428265
64651186 64858384
65090058 65262141
65392012 65674838
66003203 66166445
66348772 66358183
66540384 66701161
66753374 67018918
67219840 67226793
67274750 67410468
67552422 67633933
67829088 68007262
68102893 68255455
68324955 68539567
68702049 68899593
69221450 69462918
69568611 69847901
70166225 70200813
70493202 70783021
70890699 71157000
71390799 71644830
71963406 72057478
72222812 72237561
72429675 72435727
72457107 72778068
72914010 72947099
72964664 73186915
73503590 73626500
73857466 73961097
74074346 74087842
74370195 74574810
74687859 74990767
75192652 75241118
75251565 75502228
75707185 75970547
76152195 76373340
76398965 76626594
76714058 76985685
77127396 77180596
77400530 77452103
77521021 77629572
77907237 77964604
78222296 78440472
78739266 78742346
78766469 79007359
79109686 79292004
79493294 79529867
79728945 80012131
80297233 80311113
80492643 80566611
80857471 81141268
81397059 81681501
81918252 82022798
82309638 82346545
82454137 82654518
82770890 82816116
82953007 83072678
83351447 83355966
83513803 83759522
83958403 83967323
84281281 84441826
84574597 84643688
84880226 85199855
85311805 85484031
85708523 85987832
86288029 86414839
86418490 86448896
86728484 86893141
86952226 87180244
87266960 87538375
87837355 88147323
88406011 88662155
88990708 89254613
89306053 89486385
89539763 89801360
90098471 90249470
90421749 90465167
90689836 90973065
90996403 91281099
91474156 91495689
91609577 91716076
91846928 92031957
92173128 92407322
92559226 92781801
92861744 93079009
93272264 93475723
93684962 93914238
94003044 94160700
94161465 94404198
94535049 94782177
94926283 95079973
95388122 95619862
95675398 95988587
96118149 96343468
96417897 96534724
96804687 96988830
97292553 97418041
97605559 97775680
97916963 98214750
98325557 98642057
98840391 98907497
98955659 99160830
99451812 99667971
99743503 99847761
100124835 100395601
100595379 100794307
100981804 101295989
101500936 101798816
102048057 102073002
102383013 102472994
102620241 102942770
103050411 103269659
103597095 103810718
104050001 104248213
104471724 104715701
104906403 105209167
105442083 105555732
105821127 105976418
106123667 106200058
106516959 106704600
106905329 107216587
107277878 107543631
107732138 108058624
108205297 108524876
108556650 108862895
109039242 109260646
109442970 109450586
109568253 109885628
110013135 110122459
110304741 110392259
110627447 110733632
110811308 110930897
110944765 111190948
111398377 111648330
111837589 112150092
112440841 112687619
112930461 113162361
113398799 113721585
113896916 114065205
114110429 114242276
114390580 114672665
114946122 115052827
115281980 115506695
115781635 116021612
116042096 116139722
116302501 116351975
116440510 116583950
116782239 117108955
117181434 117421440
117616063 117889775
117926825 118000381
118037106 118277528
118537115 118581957
118729486 118991260
119311224 119322699
119545524 119628921
119643864 119935373
119979724 120243649
120489478 120814209
120988227 121285118
121379562 121491453
121491499 121785060
122113590 122230231
122524126 122816675
122892977 123115898
123135408 123171982
123232080 123249947
123480479 123547471
123576513 123798922
123947775 124023884
124335187 124528514
124612444 124847905
125088338 125390151
125576877 125593647
125801351 126041720
126219248 126310715
126498644 126773974
127010351 127174452
127455444 127474737
127746068 127842375
127857878 128132950
128233707 128397373
128594629 128632028
128764288 128944787
128968727 128983263
129300577 129426874
129686744 129900600
129941478 130103025
130158446 130317550
130642041 130891054
131114817 131211964
131302465 131471391
131638410 131712270
132018742 132106642
132319727 132413555
132522142 132662844
132690083 133009400
133176323 133382340
133573416 133653446
133844995 133898457
133905059 133947724
134011354 134197057
134264332 134497259
134812500 134861185
134898182 135120603
135178735 135492080
135641018 135947212
136047992 136191886
136434819 136696184
136815775 136831620
137059857 137129175
137262604 137464108
137518127 137788945
137865127 138017926
138255400 138519100
138793168 138872402
139053081 139223898
139433847 139638275
139954229 139978363
139997050 140246141
140447977 140492082
140571620 140775606
140802901 140902922
140984561 141292042
141563860 141616477
141904576 142035610
142325036 142553856
142869546 142979923
143136777 143422748
143724357 143819534
144010505 144217255
144223601 144546794
144711389 144766069
144959052 145216257
145338474 145490412
145590566 145826114
145935223 145978634
146227080 146296282
146553941 146581509
146593345 146893003
147034033 147144433
147233041 147406128
147605137 147797345
148032051 148067189
148106980 148314470
148619321 148802560
148820752 148990279
149090421 149104940
149303217 149308114
149557252 149610083
149832969 149925281
149974185 150231912
150267457 150304664
150437601 150634317
150737897 151001141
151206798 151400089
151569615 151666273
151800766 152042242
152066062 152393036
152492784 152561792
152648583 152919994
152927638 153205170
153269513 153311835
153609016 153733576
153905018 153977141
154039560 154137665
154404888 154693949
154925390 155026067
155251159 155302895
155421740 155713033
155828434 156018069
156147408 156429751
156751262 156792320
156956381 157010131
157042167 157064385
157087208 157183009
157481278 157702764
157962274 158007507
158106615 158376382
158469455 158636721
158677657 158980802
159207222 159335974
159556387 159855865
159980860 160102212
160413301 160668269
160837664 161146833
161408644 161655545
161911603 162049943
162367857 162549457
162561036 162860232
163103091 163419914
163630248 163762419
163771419 163988353
164082034 164272137
164373633 164540568
164800563 164858080
165002820 165040825
165149378 165394600
165422514 165745176
165978517 166106448
166353062 166429645
166711867 167005480
167265991 167271209
167279075 167505451
167692334 167901747
168153771 168190076
168434787 168647934
168883147 169008031
169009615 169318505
169434449 169702230
169821589 170050721
170296394 170482872
170554009 170750662
170753899 171041118
171089943 171397870
171606000 171762294
171901685 172121838
172435139 172568583
172810464 173039267
173337768 173644869
173920633 174111985
174311826 174361181
174626970 174872795
175070382 175333597
175445953 175666710
175806042 175898707
175939586 176175078
176438761 176593640
176668618 176911263
177013146 177026138
177284060 177387464
177508494 177727060
177866190 177944850
178196779 178395126
178410709 178709798
178844725 178913958
179189631 179343591
179422510 179584941
179889965 180058147
180201777 180423265
180637022 180770028
180997296 181255370
181457930 181506432
181716567 182023021
182125946 182238742
182251709 182487496
182804540 183074141
183305708 183436203
183509583 183817110
183998213 184245135
184341384 184579426
184632631 184828381
184910594 184937334
185256445 185258957
185414959 185637137
185703105 185839818
186062257 186250840
186273040 186541178
186570346 186873677
187095671 187181207
187370273 187455194
187664522 187840304
188010822 188012123
188071876 188298784
188547354 188855872
189149533 189294345
189329575 189501118
189652097 189971758
190077879 190120517
190438694 190479825
190576766 190818751
190875084 190902640
191067174 191340089
191354328 191385882
191444378 191526910
191731444 191962340
191982660 192158046
192406863 192579125
192717990 192796228
192999150 193020784
193159624 193375525
193552508 193762962
193864471 193904908
194094037 194259064
194498716 194574583
194727845 194892916
195196286 195467541
195606105 195802108
195805646 196028031
196072107 196108202
196234621 196454341
196673257 196838180
197088119 197294878
197307124 197539556
197808807 197930657
197955130 198191485
198479041 198520379
198731365 198786527
198901313 198928521
199080537 199192812
199260217 199382894
199503351 199540768
199721790 199829028
199975975 200248893
200402027 200512611
200716659 200958810
201150543 201422274
201594072 201684335
201769196 202030157
202056304 202192044
202474884 202507356
202763207 203033285
203146003 203317155
203391492 203717169
204010677 204079027
204216019 204517904
204625619 204699354
204775354 205017864
205244597 205423670
205566911 205799067
205892224 206173138
206274719 206480179
206516101 206689792
206758631 207046661
207273256 207427043
207753841 208037457
208060092 208137329
208261697 208505397
208716398 208943569
209037684 209185568
209444196 209585297
209839297 210040120
210244603 210446480
210663547 210706917
210784102 210788271
210882346 210891940
211013316 211070870
211279527 211411962
211507140 211802569
211803826 212074875
212200984 212416734
212662646 212721774
212828186 213082352
213114316 213154059
213177605 213366568
213399386 213641290
213900093 214148899
214328271 214570421
214898185 215111598
215356655 215579831
215851534 216018182
216213258 216266105
216534801 216538640
216755934 216979683
217115457 217125549
217371298 217662845
217826900 218109911
218146091 218393209
218671112 218892545
219212146 219536477
219610451 219686876
219915418 220195290
220446886 220625722
220895063 221103340
221223732 221350317
221493858 221613617
221941807 222059200
222276096 222381779
222389169 222511787
222634823 222768622
222774062 222992898
223234342 223335499
223409211 223419014
223452232 223676208
223837885 224032706
224299976 224337538
224641250 224834805
225129164 225244760
225570130 225861987
225992527 226077231
226365811 226530670
226794917 227103301
227226063 227545104
227571027 227882458
227918472 228010128
228315689 228611777
228917108 229192223
229497104 229798901
230030365 230244743
230468738 230501107
230673248 230701531
230959022 231152232
231460716 231560961
231734461 232047481
232092771 232225547
232395971 232439553
232462131 232503452
232525037 232738408
232767881 232778655
233001047 233064060
233352589 233567242
233737785 233795260
234059873 234386291
234397035 234601002
234856688 234996363
235280442 235306930
235438926 235639827
235837171 236078508
236290669 236519047
236530819 236647188
236773149 236963201
237001962 237303267
237505170 237696596
237860593 238174216
238375614 238379982
238589792 238751314
238815919 239028315
239307329 239374424
239682488 239885244
239930819 240176173
240362541 240588107
240844202 240944841
241100332 241167702
241427863 241629904
241877923 241952650
242215679 242406857
242611669 242629848
242895088 243062723
243277575 243530235
243746224 244061422
244127551 244383389
244618973 244731751
244761280 245004431
245046999 245249496
245404131 245655324
245785034 245875914
245958669 246158517
246463651 246617239
246831952 246938750
247048172 247356084
247488335 247804239
247811269 247870531
248126772 248382385
248501448 248760591
248923849 249120846
249207806 249502342
249643491 249842050
249987315 250141802
250374210 250491109
250806790 251043003
251142638 251275724
251300055 251351399
251646584 251904715
251918561 252232049
252408483 252593898
252799778 253019293
253308587 253510483
253789441 253818720
253932952 254009505
254230268 254465299
254515215 254595500
254848799 255135014
255136304 255215452
255310899 255499211
255757190 255917746
256049198 256198272
256429784 256630935
256833624 257034453
257088574 257155948
257401566 257609796
257684615 257749800
258050509 258286053
258459451 258646562
258842279 258879963
259079312 259330970
259375814 259619554
259855221 259890488
260048509 260169556
260419817 260525268
260742238 260811308
260893068 261130553
261446702 261664140
261769540 261980997
262056481 262270928
262578982 262588012
262667408 262812393
262974014 263112608
263433003 263645264
263970303 264237541
264495588 264638560
264661843 264989781
265129522 265453130
265579356 265660723
265849052 266110699
266434878 266650808
266763152 266775601
266899070 267197703
267460134 267594447
267741205 268000988
268294732 268297869
268418323 268526023
268704835 268752267
268873386 268951851
269133969 269413146
269607475 269916302
270002123 270267406
270587089 270595688
270781348 270972132
271143271 271253351
271541905 271640024
271767504 271922532
271990539 272022124
272132122 272179732
272379655 272415907
272494232 272541243
272667806 272694119
272951996 273072607
273094680 273311430
273346295 273423029
273607931 273739807
273756139 273954043
273978416 274100607
274418017 274705863
274805573 274901258
275087914 275335237
275566659 275671357
275876016 276167464
276403819 276695905
276833530 276950963
277245808 277478662
277590879 277864834
277987425 278208802
278247847 278565503
278637467 278962526
279085629 279181876
279224616 279507862
279541915 279747148
280021690 280065679
280087610 280358535
280484362 280621451
280748238 280951581
281218166 281405500
281600843 281614005
281712670 281803507
281929993 282025444
282117594 282314521
282324265 282455353
282684580 282745536
283074279 283293141
283343324 283541947
283744075 283970603
284208334 284362013
284532129 284859154
284938979 285163304
285286595 285434874
285599995 285809526
285896146 286141201
286446989 286666744
286815542 286828401
286973104 287012349
287275098 287476063
287695178 287901007
288183071 288223824
288372891 288685704
288698931 288873705
289083954 289231694
289332757 289339606
289407269 289505381
289518288 289625840
289769108 289997104
290107946 290111207
290319565 290603807
290666704 290694601
290955880 291021890
291220164 291371871
291580710 291855312
292080339 292142030
292288660 292397815
292639054 292849663
292877888 292911507
292978804 293244257
293334903 293490834
293585239 293756657
294012808 294203870
294325610 294606264
294914025 295220140
295349154 295478127
295699246 295915266
296045726 296254165
296358206 296426089
296558913 296753615
297049526 297271223
297344802 297563648
297667621 297885217
298191271 298410392
298604308 298609610
298761022 298785385
299073831 299296965
299486707 299520610
299683986 299868610
300193191 300484936
300808714 300883730
301170312 301396781
301649902 301677489
301897026 302029969
302078563 302307076
302547965 302814620
302971933 303276885
303295926 303361055
303405152 303661654
303922470 304126859
304381374 304419772
304549850 304553654
304770554 305013924
305145371 305251643
305283821 305454978
305665698 305810338
305895177 305914958
306177371 306231223
306313110 306506041
306545246 306815267
307016448 307330419
307334015 307340661
307507045 307582377
307761663 308066585
308095423 308283758
308610480 308705142
308788046 308992160
309021381 309142107
309352972 309355829
309643219 309735845
309881506 310154309
310263790 310272067
310454884 310772016
310827345 310966641
311292926 311610800
311847943 312060907
312339700 312354941
312389631 312502885
312639509 312893042
313186392 313360491
313469666 313752692
313953152 314029582
314142057 314390028
314553237 314631401
314855696 315042145
315117313 315293595
315351239 315517095
315830133 316111796
316135273 316374192
316412322 316588927
316615477 316885099
316906735 316970906
316981308 317120138
317182572 317481869
317681140 317932989
317955195 318016877
318037560 318084359
318114391 318394964
318595110 318597536
318869427 319017695
319103716 319198895
319475018 319547832
319873528 319884632
320193991 320360192
320569291 320583494
320706603 320868471
320923609 321163781
321281100 321547416
321846446 321854737
322024944 322036412
322136573 322333374
322559729 322744016
323004481 323042233
323262460 323410947
323531157 323733899
323991082 323994216
324218247 324277325
324360634 324621461
324631796 324907776
325225538 325386412
325663654 325712926
325935342 326251399
326335219 326533792
326608272 326656678
326958697 327174935
327358903 327470740
327791720 327839149
328168543 328292019
328295094 328322005
328424272 328551421
328788950 328964114
329199761 329476248
329479043 329688092
329803309 329909995
329915132 330040530
330302076 330564739
330733645 330950240
331077834 331332312
331582434 331682725
331779485 332034197
332265343 332558204
332631632 332834637
332932323 333205922
333448516 333456320
333630682 333815777
333923617 334111637
334314152 334579498
334757987 334893982
334937021 335127737
335369871 335521073
335711543 335798698
336034696 336190914
336391639 336645158
336807933 337055793
337328341 337352795
337658282 337935267
338117125 338177223
338417055 338508976
338719339 338885498
339116753 339424837
339524257 339776786
339927522 340159854
340328609 340439909
340474237 340661754
340905082 341108241
341186556 341459779
341604030 341875050
342152072 342327120
342362088 342592071
342674460 342842594
342992012 343215828
343246578 343387146
343628726 343906802
344129823 344415581
