1000 1000000000 10000000
254029 262236
304169 616919
735704 1016586
1176563 1489747
1601203 1695151
1752311 1951413
2130724 2401353
2518331 2633152
2672690 2917072
3164260 3287601
3413049 3567296
3701598 3961069
3972295 4248803
4351521 4570396
4632501 4764033
4864866 5023748
5266027 5583214
5775570 6058899
6298231 6386169
6536431 6605850
6727816 6747360
7066818 7215819
7525562 7791639
7918307 8191883
8508845 8689347
8802758 8988932
9212947 9379205
9644759 9825679
9993791 10072281
10342049 10609769
10893234 10909827
10920905 11041012
11336651 11408299
11646303 11932198
12084344 12309005
12368551 12497097
12704710 12735996
12764009 12864922
12960840 13157665
13407114 13629743
13682222 13860996
13994386 14149537
14185655 14350995
14465223 14474578
14550099 14624975
14897278 14948909
15262157 15545222
15757652 15762893
16021391 16158957
16235894 16409790
16624445 16941212
17174275 17495839
17815332 18054428
18223111 18520988
18635750 18812557
19061356 19153111
19295706 19451348
19492151 19532412
19862025 19890845
20163241 20233435
20338848 20400230
20493446 20521275
20597192 20892925
21151270 21167442
21418291 21645750
21757959 21909937
22209881 22213272
22507834 22652704
22782783 23010995
23193496 23407317
23540086 23621755
23816817 24021710
24267053 24313001
24481595 24637706
24823102 25026151
25302986 25582723
25637818 25704684
25870296 26149715
26298404 26470977
26762321 26855959
27049848 27264891
27336809 27431734
27522688 27785607
27805791 27839490
28102072 28393699
28554816 28672910
28690155 28963276
29194770 29380993
29449278 29575263
29636845 29638849
29711964 29804829
30019173 30147318
30441349 30628358
30820508 31144390
31209668 31252021
31365195 31416155
31569246 31594777
31650348 31846170
31865208 31959813
32268335 32494267
32562320 32631315
32888038 33065666
33069765 33374878
33565568 33620832
33649219 33830551
34092069 34133742
34387468 34419152
34542504 34656727
34986098 35245874
35463666 35568673
35884759 35969202
36107697 36150527
36314453 36629414
36679336 36779501
36898534 37093193
37395301 37633123
37889415 37950980
38152361 38377889
38481946 38722190
39051736 39228332
39326348 39513934
39789433 40052409
40329698 40423095
40441257 40568580
40693909 40977985
41085199 41291167
41306545 41405030
41490937 41564645
41649301 41863865
42065833 42192878
42261195 42508323
42751042 42781403
42874355 43012740
43144271 43384630
43386413 43590402
43607728 43782232
44041509 44369999
44509461 44707124
44908396 45103993
45376893 45664544
45859083 45896086
46077131 46198925
46219134 46376362
46537162 46834061
47121531 47444782
47494037 47695503
47961390 47992951
48005103 48054105
48351940 48669713
48791838 48989539
49023501 49344923
49504628 49646394
49717082 49815225
50081640 50241920
50343602 50650971
50786627 51110021
51189467 51415257
51685392 51784854
51913525 52021285
52349602 52641957
52766099 52995492
53095991 53141302
53236969 53311883
53394356 53407165
53432369 53461490
53491510 53818965
53925023 54006919
54121481 54177107
54373302 54467148
54500007 54776165
54955860 55103449
55352684 55368692
55547604 55649915
55910045 56058644
56387881 56410487
56690054 56886169
56897860 57210309
57538380 57621982
57827102 57971014
58238806 58565300
58797816 58958987
59006839 59238026
59515734 59798062
59972809 60181066
60228995 60390106
60637284 60866617
60926147 61159382
61430227 61736427
61936799 62157778
62172404 62319163
62339611 62661218
62910282 63160985
63359228 63604881
63872676 64150305
64219598 64335302
64418214 64554612
64621299 64848360
65081620 65279947
65472983 65612589
65771376 65931350
66002440 66127185
66310590 66476845
66631181 66755940
67037290 67188194
67218492 67371439
67472324 67497384
67624768 67948191
68023001 68193524
68508565 68526189
68616987 68826798
69056651 69380218
69399917 69515941
69527339 69769466
69899225 70122445
70270991 70448638
70769065 71075864
71395825 71605346
71651393 71848592
71873125 72018042
72277305 72463542
72730634 72798526
72809819 72866755
73141870 73206861
73255517 73450695
73764556 73794961
74008723 74290145
74395774 74688725
74845187 74890369
75101081 75262990
75421916 75496610
75540501 75637787
75879992 76195561
76299990 76570202
76697686 76836256
76952489 76986262
77046383 77277992
77447260 77545919
77873467 78170445
78297330 78366187
78599169 78877857
79173717 79360280
79599093 79819154
79912326 79952855
80156357 80440719
80492348 80644483
80768092 80951886
81074616 81090741
81205906 81320174
81495333 81742026
81788651 81796211
82100873 82195469
82224895 82285416
82585762 82708013
83014521 83082545
83219026 83461653
83673215 83829132
83971661 83987822
84087338 84315929
84605906 84627710
84722949 84848133
84968322 85000985
85091569 85114916
85126190 85269005
85394981 85513073
85739929 85998933
86019205 86176592
86263537 86324160
86638748 86834834
87164575 87172079
87489227 87764986
88021103 88104069
88205828 88529890
88569935 88645558
88823604 89144127
89361856 89459502
89768926 89809461
89854260 89951652
90006782 90331567
90414619 90510960
90605786 90932935
91024912 91205436
91487594 91763150
91853658 92038147
92311004 92460366
92627207 92950871
93136832 93285514
93534060 93666916
93719196 93874728
93973020 94150229
94431430 94442392
94482370 94672678
94906880 95094454
95229190 95384231
95624793 95831480
95964835 96193588
96466851 96680512
96981810 97174634
97238407 97317251
97574344 97677307
97803764 98058835
98298266 98507494
98821678 98872149
99181153 99498551
99749580 100027662
100036951 100081553
100152300 100160690
100470289 100501364
100823564 100828192
100852330 101172629
101217746 101375663
101617517 101624431
101753460 101941495
102165409 102212563
102458200 102748880
102859201 103033702
103115560 103121147
103231498 103336368
103628984 103721828
103975414 104065126
104151018 104389833
104518442 104662266
104704709 104992089
105083827 105111264
105403099 105559228
105654102 105697752
105987355 106070706
106232618 106431415
106692573 106882427
106938330 107203650
107232942 107406874
107606478 107617749
107715970 108008568
108030374 108179724
108272845 108363590
108645907 108657826
108787517 108863680
109059346 109113974
109362847 109488718
109747354 109813227
110122186 110363761
110656432 110753014
111076231 111320837
111592164 111774552
112026342 112271180
112531998 112607419
112887383 112893721
112983451 113230059
113303326 113601483
113798653 113872376
113931280 113978647
114204372 114455039
114737637 114806377
115025133 115193899
115278279 115428702
115547642 115826594
116074359 116260169
116329696 116634027
116813336 116966637
117146656 117381318
117444259 117457705
117632542 117909317
118099909 118252746
118297425 118508844
118791303 119120281
119332109 119538780
119568065 119621315
119685440 119846291
119944811 120268716
120334321 120648813
120712198 120921491
121138848 121351056
121574130 121653670
121726311 121755367
121929822 122178348
122302966 122493094
122736555 123023182
123181078 123367589
123578911 123595650
123843509 124048834
124289333 124581597
124819965 125043935
125262010 125516193
125755053 125878591
126006524 126305485
126343221 126430149
126616298 126704518
126925041 127087355
127242463 127392542
127399166 127474892
127685494 127969022
128281221 128284540
128495601 128608583
128768900 128829394
129069655 129261285
129554453 129738096
129818598 129972853
130091031 130375482
130409170 130576281
130690425 130719819
130819718 131003825
131020536 131024298
131087844 131232911
131304901 131400760
131589838 131875237
132162179 132319739
132332620 132418313
132510423 132787086
132807816 132884158
133205986 133535958
133771360 133871966
134035139 134238319
134507928 134730007
134813441 135051282
135207567 135247990
135484161 135510025
135576921 135886092
135971837 136076904
136143550 136153792
136221313 136460328
136713380 136933949
137157061 137334068
137345293 137613820
137636973 137894636
138157187 138169649
138496252 138800465
138953572 139023382
139232930 139459636
139585184 139851941
139972110 140243424
140479347 140592976
140760443 140947601
141046300 141063413
141121742 141415450
141585427 141667031
141959908 142180096
142426563 142624033
142819488 143117155
143422263 143466767
143599835 143605226
143830932 143957224
144228320 144457421
144737762 145040793
145286282 145287926
145600335 145856196
146038616 146063895
146119367 146284799
146427385 146495770
146715160 146794397
147019227 147225514
147352849 147675337
147845590 148021064
148214029 148229985
148249195 148508937
148594862 148759923
148920358 149222622
149339279 149427977
149687467 149863519
149957924 150208094
150438855 150606424
150718454 150803061
150996023 151321258
151497393 151805112
152082272 152306069
152375510 152470967
152594676 152598087
152879411 152895964
152981853 152990941
153227833 153364443
153688290 153726470
153877072 154082720
154105788 154206295
154210912 154277152
154477941 154675436
154842406 155099113
155319035 155609927
155816026 155931467
155955033 156208021
156440231 156703191
157008608 157262819
157574193 157719574
157979932 158097804
158187223 158295526
158603101 158886311
159049595 159132079
159135836 159359988
159362905 159373071
159631553 159855118
159933074 160021512
160079086 160104338
160426663 160442973
160667632 160704575
160918359 160950907
161241616 161470662
161713917 161992387
162088988 162242598
162304992 162531405
162594842 162668027
162908513 163112515
163399709 163483545
163628525 163684022
163824014 164007640
164277041 164292215
164384054 164642866
164958056 165046688
165282731 165298888
165519083 165796413
166091084 166270656
166577981 166800409
166949767 167255654
167404313 167577519
167714342 167892988
167956128 168057310
168085908 168173930
168481990 168607119
168636918 168926579
169200155 169334292
169389975 169401754
169454731 169636020
169856173 169977675
170222131 170305159
170324529 170578363
170671608 170995690
171186986 171267674
171276751 171436738
171544112 171565982
171815929 171827056
172049400 172249626
172265265 172501152
172673817 172931965
173042151 173170851
173420361 173536057
173860407 173942500
174212157 174379256
174440972 174462806
174668969 174721393
174984677 175097823
175410200 175444661
175551054 175560045
175591494 175765348
175985384 176061400
176311288 176598981
176899869 177150715
177410635 177728184
177905996 177911839
178153435 178411710
178494905 178785916
179026710 179054332
179382889 179492548
179664873 179766160
180020142 180033758
180257369 180339241
180609282 180867645
181125923 181257074
181408274 181694753
182012863 182104651
182367660 182388346
182569585 182685284
182918700 183102177
183312593 183430196
183497962 183540943
183869706 183933328
184237350 184435757
184676215 184979437
185019867 185279389
185504090 185615015
185929519 185952176
186091730 186348609
186641932 186717253
186765944 186890930
186910707 187111928
187390759 187596985
187624202 187752143
187984651 188140056
188161448 188460322
188479623 188785541
188861257 189128653
189163643 189260973
189281112 189440055
189457516 189567766
189871231 190092107
190093558 190129990
190413531 190425651
190630881 190733061
190850544 190888390
190904918 190995091
191015266 191038234
191197697 191490296
191699713 191922632
192252563 192430213
192448361 192628008
192874313 193147905
193250165 193389549
193686600 193830822
193942831 194238276
194423042 194687403
194822259 194858116
195052238 195373491
195395119 195649242
195827156 196154606
196322631 196475280
196775235 196809462
196894743 196993168
197254909 197400452
197551242 197867989
197987273 198207322
198341104 198662233
198910824 199045168
199173788 199229942
199545811 199562014
199679701 199814397
199905944 200110708
200402743 200515286
200546543 200684950
200731517 200753822
200942323 201242670
201470844 201602014
201694972 201845801
201846876 202019063
202327284 202499970
202602425 202746661
202847749 202865910
202936512 203154944
203308645 203453932
203607266 203934051
203996836 204295143
204513547 204815933
205044760 205051173
205345652 205364256
205468076 205667203
205972738 206099282
206180920 206496903
206820148 207028863
207276342 207291709
207361625 207458857
207648482 207703059
207798683 208106662
208277213 208324713
208651197 208748490
209048899 209289380
209494758 209820216
209827252 210111214
210207910 210317002
210384501 210482774
210670257 210680922
210820716 210941642
211024871 211214459
211381052 211651196
211750282 211940816
212049226 212307846
212399342 212461713
212755592 212996681
213222662 213258720
213533181 213805394
213902088 214010217
214036179 214211863
214473138 214616820
214708623 214822588
214950429 214971116
215200770 215427074
215437066 215673680
215830110 215885590
216137828 216461025
216681855 216891243
217053860 217329968
217534778 217676636
217971192 218043405
218192136 218521119
218526408 218605582
218912958 219001522
219303332 219364792
219556274 219805160
219942080 220181844
220245880 220286645
220584033 220679443
220742552 220971226
221033144 221294052
221573677 221873937
222134495 222445173
222620775 222628584
222637628 222785131
222909716 223059290
223071471 223301487
223572750 223747597
223855707 224184646
224268948 224401177
224564505 224800272
225031201 225156050
225402998 225701099
225825614 226074683
226075800 226351312
226655560 226957138
227096807 227110573
227255687 227356479
227502539 227773837
227944237 228006428
228291804 228619641
228783114 229005432
229257713 229304966
229386296 229466121
229790525 229969741
230079885 230190349
230500639 230761159
231019984 231256948
231568672 231882575
231937124 232072434
232316648 232561364
232810398 233119306
233378702 233419233
233689276 233921603
233968434 234082880
234141893 234226006
234553654 234718184
234845851 234904868
235171676 235389087
235715984 236031111
236054055 236351905
236454818 236784258
236797903 236833926
236911731 236943739
237201850 237365470
237433543 237639125
237913559 238055516
238272292 238278109
238370435 238422552
238544321 238803306
239113145 239354687
239429626 239506439
239782526 239851606
240043958 240247823
240329577 240373366
240585217 240735754
240929513 241139836
241233687 241318186
241633911 241657594
241831369 241951700
242030901 242236824
242318066 242399308
242467961 242678846
242866723 243080458
243384907 243480798
243765353 243972391
244196830 244333908
244424329 244469547
244697398 244958968
245121340 245182673
245373911 245611039
245781586 245924186
245995948 246222642
246477097 246804250
246906555 247192212
247276962 247333786
247590876 247882581
247925609 248107062
248257684 248299392
248342354 248610307
248671404 248908668
249087264 249194720
249463314 249499312
249660640 249747262
249891243 250206243
250405015 250497940
250599896 250912003
251068395 251269039
251540473 251699961
251909177 252110580
252245844 252274736
252366552 252367399
252386205 252407069
252503653 252532822
252564819 252853626
252879904 252927264
253017139 253187962
253386063 253509224
253616601 253722855
253786980 253942631
254087938 254200947
254236100 254405984
254515233 254714458
254724098 254913910
254952750 254999597
255192369 255420893
255663448 255969205
256154420 256387982
256500339 256757009
256913562 257078782
257294925 257592863
257662573 257855589
258172076 258385560
258601662 258853568
259077311 259252245
259505012 259649431
259704142 259916613
260088886 260322510
260373498 260578413
260707790 260739335
261051141 261167110
261278714 261549460
261724647 261931640
262087030 262167220
262349534 262554100
262786957 262806454
262863211 262929125
263011605 263319853
263540373 263809132
264105886 264354492
264391275 264560757
264649389 264741002
264882942 264989545
265136310 265452939
265630218 265829068
266112101 266221886
266404232 266411017
266447507 266456069
266499588 266628317
266805051 266932252
267000909 267087015
267239788 267479064
267773460 267907190
268169206 268187547
268273472 268522742
268703828 268942975
269229290 269481658
269528030 269543818
269839459 270148333
270311984 270315546
270477978 270519232
270695933 270933691
271076466 271175889
271182370 271191137
271274150 271476708
271759626 271962487
272198097 272297884
272422461 272476164
272608847 272623898
272916407 272997614
273167682 273322945
273651778 273826859
273944036 274105473
274283086 274546716
274636381 274733014
274830992 274879563
275034112 275164872
275249849 275404474
275542115 275552603
275763348 276019545
276023653 276164720
276346610 276626555
276912452 277188016
277482514 277676224
277720567 277936705
278045045 278265687
278396067 278400091
278566390 278574874
278838688 279082394
279321717 279426645
279627586 279677309
279687986 279905709
280089807 280318577
280362528 280418859
280689298 281016333
281090353 281363424
281542512 281871068
282152609 282271902
282278960 282561374
282887731 282904698
282963285 283176020
283313871 283587224
283907389 284188403
284447720 284631721
284827692 284995477
284999164 285186908
285239464 285531968
285583450 285836925
285898768 285968060
286110127 286144181
286378341 286694569
286706959 286870196
286984278 287010796
287060904 287078920
287395492 287540235
287735117 288013383
288165759 288326481
288346704 288538275
288729559 289008383
289065029 289134480
289273695 289342135
289592001 289908978
290157211 290452386
290736762 290858137
291048529 291245649
291344939 291448136
291720139 291760107
291988073 292098786
292201355 292326707
292453246 292659110
292676925 292775182
292953196 293169371
293266506 293361328
293509496 293731801
293873489 294093065
294258065 294377749
294451604 294462991
294517603 294659552
294680266 294874503
294983938 295307214
295537303 295679483
295914510 296027352
296118681 296198490
296357442 296645487
296947312 297129694
297428577 297728432
297752168 298032541
298206630 298469088
298798944 298976108
299279153 299557207
299581143 299725593
299972752 300008503
300234571 300317253
300504048 300799805
300847539 301005433
301205474 301446806
301550104 301558289
301883897 302101059
302228754 302320577
302605903 302659390
302806183 302851844
303153886 303154785
303371435 303660634
303788612 304086385
304357824 304381409
304503051 304616719
304902433 305039788
305230442 305517527
305594929 305897036
305975429 306025420
306268133 306404480
306653782 306822212
307131632 307250608
307263516 307336874
307368779 307661723
307889042 308106355
308168274 308211925
308529754 308605375
308873290 309146545
309278548 309362214
309477211 309624556
309825868 309964063
310233226 310519355
310803039 311122681
311222488 311446370
311767431 311892337
311996473 312089200
312365395 312573808
312821056 313149231
313304676 313603680
313653859 313729538
314026010 314062089
314275139 314386717
314400323 314423917
314726080 315026023
315226904 315264321
315488982 315793242
315894261 316202837
316496527 316597772
316674422 316993058
317184484 317232434
317407657 317711307
317996357 318001071
318046856 318066078
318215099 318424526
318700072 318724902
318889203 319024624
319028788 319240749
319388817 319506509
319744267 319807947
320019073 320345607
320669297 320945384
321080892 321224299
321302571 321592198
321861304 322046716
322160394 322451661
322752418 322964557
323112279 323413222
323715038 323990688
324205944 324515646
324609667 324708519
325037993 325285526
325597031 325885194
326092897 326316876
326345758 326520266
326760925 327033058
327212107 327310522
327557133 327775447
328044449 328315083
328431992 328445192
328555911 328658568
328720298 328845445
329077346 329102361
329302405 329546382
990000000 1000000000
