1000
71 1441
504 1818
856 1348
505 1014
246 1249
301 1054
733 1631
477 1146
890 1128
927 1037
752 1944
261 1453
677 1264
334 1292
649 1136
850 1535
372 1669
690 1465
552 1008
632 1546
953 1505
118 1343
877 1045
689 1463
406 1199
27 1904
409 1419
435 1468
983 1706
790 1756
998 1134
417 1339
676 1644
758 1323
735 1163
512 1622
303 1087
18 1060
204 1041
5 1237
104 1245
841 1608
881 1645
906 1236
175 1649
466 1252
102 1439
427 1106
951 1986
740 1524
662 1124
247 1192
769 1402
908 1688
896 1288
691 1056
626 1824
779 1987
193 1945
144 1561
280 1512
370 1485
965 1492
137 1732
892 1598
619 1658
978 1051
278 1411
365 1501
820 1149
296 1637
697 1084
438 1380
570 1532
362 1956
245 1862
581 1080
500 1218
189 1229
305 1127
149 1314
401 1691
47 1291
148 1274
283 1572
336 1710
541 1674
425 1801
939 1423
371 1422
72 1182
92 1666
1 1892
381 1628
696 1142
402 1502
789 1843
894 1591
487 1351
589 1873
353 1130
220 1968
734 1711
830 1921
113 1693
659 1086
888 1394
194 1161
480 1073
556 1590
76 1947
308 1231
990 1462
168 1819
429 1612
471 1806
511 1034
188 1663
45 1365
131 1560
817 1973
207 1303
3 1360
1000 1834
869 1584
950 1723
966 1897
392 1675
539 1988
281 1266
225 1474
192 1005
41 1345
829 1336
651 1427
663 1570
547 1169
107 1595
640 1965
57 1881
243 1181
724 1329
317 1742
614 1976
446 1896
458 1803
853 1265
607 1990
664 1145
190 1552
795 1838
755 1337
101 1964
56 1075
17 1302
139 1375
125 1559
650 1368
490 1049
921 1340
170 1689
457 1325
794 1954
644 1491
958 1650
503 1194
797 1946
837 1592
306 1750
537 1664
423 1295
117 1889
240 1361
9 1894
554 1641
16 1619
33 1497
214 1143
467 1357
230 1109
345 1939
996 1326
701 1748
595 1955
571 1116
39 1958
746 1131
529 1781
861 1679
806 1700
516 1782
199 1484
49 1953
764 1665
94 1320
895 1621
768 1788
741 1600
997 1038
30 1123
520 1021
356 1832
812 1876
314 1687
544 1228
420 1627
196 1508
294 1698
269 1758
414 1285
932 1214
692 1324
910 1078
577 1872
105 1300
550 1575
809 1052
535 1241
791 1278
236 1720
182 1310
254 1341
827 1017
63 1473
316 1672
388 1099
8 1307
481 1235
100 1268
450 1378
227 1722
628 1525
224 1202
2 1977
807 1580
472 1331
639 1963
834 1023
716 1147
684 1344
219 1262
694 1102
161 1951
179 2000
643 1452
832 1783
653 1845
138 1779
62 1108
984 1899
363 1569
461 1254
833 1985
404 1879
19 1401
157 1138
947 1536
385 1858
470 1712
963 1913
32 1442
140 1765
668 1926
89 1112
948 1258
621 1588
302 1135
813 1117
77 1363
313 1772
74 1376
599 1201
355 1587
460 1055
258 1701
83 1440
565 1830
265 1393
143 1827
399 1895
350 1867
267 1959
127 1198
819 1840
864 1153
818 1230
111 1316
28 1215
177 1119
930 1860
364 1755
90 1784
273 1018
665 1171
153 1148
831 1289
928 1633
816 1883
738 1436
201 1527
65 1933
917 1789
352 1195
463 1373
433 1433
332 1523
307 1997
410 1835
915 1003
785 1704
373 1221
731 1651
558 1165
578 1709
823 1259
674 1480
916 1625
982 1232
754 1853
318 1856
315 1454
935 1261
330 1032
802 1510
50 1306
502 1358
327 1342
883 1970
592 1566
710 1079
553 1036
159 1797
430 1807
732 1692
973 1870
293 1220
253 1916
183 1255
891 1521
235 1216
743 1804
761 1942
603 1713
150 1618
647 1642
533 1738
538 1715
396 1301
331 1850
688 1885
10 1696
210 1882
726 1902
377 1071
165 1847
234 1204
495 1158
251 1660
613 1242
378 1082
115 1836
155 1837
60 1890
660 1887
428 1379
611 1515
482 1841
274 1263
781 1863
141 1312
61 1092
962 1662
146 1606
868 1676
52 1207
239 1466
679 1802
431 1809
335 1164
360 1528
572 1915
605 1938
292 1971
284 1761
413 1244
198 1901
394 1917
326 1449
751 1741
120 1476
682 1920
260 1817
923 1426
788 1980
865 1794
886 1384
453 1170
874 1372
763 1785
422 1424
233 1470
616 1924
82 1906
878 1960
956 1456
238 1065
97 1554
514 1624
713 1107
464 1205
154 1579
256 1042
369 1174
999 1458
601 1125
992 1176
304 1416
723 1388
7 1503
618 1353
596 1224
221 1522
185 1910
629 1586
241 1322
772 1298
95 1680
208 1605
986 1518
169 1857
560 1557
172 1952
174 1175
449 1935
804 1828
760 1833
501 1047
202 1296
914 1992
776 1949
527 1418
918 1246
593 1395
717 1844
184 1371
519 1908
920 1098
178 1966
123 1013
786 1773
515 1703
671 1506
361 1831
762 1432
465 1573
893 1093
585 1193
728 1615
508 1792
828 1979
103 1197
747 1028
386 1655
971 1057
863 1083
670 1866
416 1430
46 1061
81 1643
903 1861
974 1707
612 1493
272 1733
808 1974
636 1443
750 1549
34 1188
803 1151
703 1724
968 1646
673 1129
478 1787
719 1636
700 1638
687 1490
426 1332
873 1771
263 1888
156 1983
562 1141
706 1610
523 1282
147 1498
594 1200
975 1657
524 1791
931 1374
532 1967
462 1126
424 1685
133 1855
448 1044
432 1743
48 1653
771 1446
855 1133
638 1226
440 1923
798 1281
845 1686
205 1407
359 1406
15 1702
38 1925
474 1678
792 1957
839 1206
434 1444
162 1293
737 1239
757 1144
346 1011
344 1016
451 1763
884 1012
134 1001
257 1385
311 1203
128 1025
126 1718
206 1516
88 1272
540 1728
937 1269
348 1774
826 1517
784 1074
805 1541
720 1994
510 1486
952 1469
836 1445
714 1991
387 1760
630 1751
929 1213
686 1984
98 1412
705 1648
981 1366
627 1583
69 1417
934 1156
507 1900
282 1514
209 1046
655 1043
452 1705
325 1403
810 1511
298 1848
924 1313
479 1683
68 1891
862 1160
885 1596
347 1002
151 1907
634 1753
551 1349
880 1064
766 1574
729 1053
775 1810
181 1695
925 1004
383 1104
270 1276
675 1931
297 1330
620 1408
42 1437
4 1534
588 1227
736 1543
602 1635
564 1381
525 1568
799 1162
166 1778
443 1391
842 1455
160 1975
857 1962
493 1656
341 1477
289 1499
403 1796
582 1871
770 1640
99 1383
608 1790
380 1362
242 1399
408 1878
142 1611
744 1729
259 1475
379 1690
961 1880
913 1950
266 1911
323 1029
78 1585
942 1918
526 1409
796 1478
749 1076
176 1448
506 1825
158 1565
29 1152
549 1097
980 1317
295 1981
244 1243
584 1545
822 1764
421 1234
398 1286
739 1346
483 1404
889 1776
96 1999
979 1654
988 1694
707 1714
669 1542
944 1040
681 1842
667 1495
358 1429
635 1420
119 1661
375 1471
604 1413
907 1563
765 1481
186 1354
702 1494
666 1247
287 1191
275 1067
780 1744
40 1851
80 1752
44 1513
557 1556
441 1537
745 1940
860 1874
213 1070
579 1634
384 1745
518 1820
753 1639
899 1581
203 1139
249 1270
43 1253
945 1157
646 1671
437 1447
237 1392
456 1483
704 1048
285 1438
870 1668
543 1400
180 1100
722 1118
748 1854
568 1826
484 1544
708 1421
366 1287
546 1529
324 1520
555 1210
911 1601
116 1932
661 1798
66 1731
678 1530
852 1749
847 1875
954 1467
742 1062
129 1730
846 1159
938 1652
231 1140
960 1647
187 1068
135 1597
989 1989
163 1072
844 1304
658 1740
343 1746
395 1294
824 1736
492 1576
876 1233
93 1334
854 1922
513 1978
436 1472
793 1015
53 1461
715 1019
299 1315
967 1487
680 1869
711 1812
25 1934
645 1121
905 1328
536 1912
498 1425
656 1094
545 1768
91 1996
55 1186
575 1137
200 1081
389 1183
879 1101
454 1489
390 1223
866 1035
977 1540
590 1623
849 1211
382 1267
851 1190
310 1030
20 1496
617 1333
112 1839
615 1405
530 1725
132 1814
276 1780
191 1539
79 1096
800 1114
290 1739
14 1077
164 1548
946 1620
268 1766
730 1864
976 1297
367 1998
985 1115
374 1903
211 1589
859 1616
725 1460
566 1150
672 1284
567 1256
494 1039
875 1553
411 1754
606 1007
393 1805
286 1410
576 1564
73 1208
695 1050
648 1708
86 1172
23 1526
814 1630
709 1027
124 1457
222 1849
583 1995
75 1217
455 1222
637 1350
475 1063
848 1359
26 1822
109 1390
922 1428
333 1578
488 1434
941 1167
87 1120
633 1762
24 1319
531 1793
216 1823
774 1184
964 1726
995 1251
994 1941
31 1283
70 1105
782 1716
418 1602
447 1321
598 1338
499 1884
320 1852
252 1877
67 1066
919 1504
957 1450
940 1273
338 1936
496 1377
171 1250
250 1547
610 1168
882 1582
955 1280
229 1451
641 1396
712 1335
407 1179
84 1614
35 1533
787 1909
64 1593
391 1260
486 1464
114 1225
970 1103
376 1479
248 1767
909 1318
58 1815
693 1777
912 1937
497 1599
152 1459
699 1919
368 1594
439 1033
573 1482
218 1551
901 1311
197 1431
698 1613
444 1682
969 1898
354 1279
6 1943
339 1415
173 1868
167 1180
321 1212
419 1275
217 1555
11 1386
783 1166
264 1571
106 1808
993 1893
400 1659
195 1829
21 1670
59 1088
489 1969
625 1507
840 1370
468 1562
37 1271
631 1519
279 1757
473 1382
900 1095
871 1059
405 1577
887 1189
898 1747
228 1697
412 1607
288 1684
357 1352
858 1132
319 1389
300 1305
232 1681
445 1009
145 1795
949 1069
51 1058
721 1721
534 1010
801 1737
108 1309
255 1414
622 1509
624 1538
36 1775
337 1928
580 1734
121 1961
22 1398
718 1550
959 1209
328 1277
811 1799
309 1567
442 1699
542 1024
815 1759
821 1154
759 1022
130 1020
987 1811
563 1719
271 1982
600 1558
657 1090
312 1110
835 1397
397 1886
226 1632
926 1122
349 1993
54 1914
351 1846
469 1500
778 1603
342 1367
509 1026
262 1859
936 1347
587 1240
522 1219
485 1604
574 1085
867 1609
277 1111
943 1905
528 1821
340 1355
683 1113
559 1091
972 1929
756 1948
767 1178
597 1155
652 1930
904 1308
642 1238
329 1629
897 1299
825 1257
685 1727
561 1800
843 1667
491 1972
591 1187
212 1364
654 1031
13 1531
322 1927
548 1387
223 1786
569 1717
122 1865
773 1735
991 1435
517 1369
838 1488
415 1769
459 1089
609 1185
521 1173
291 1813
777 1356
727 1626
136 1327
110 1816
872 1673
933 1248
12 1177
476 1770
586 1617
623 1006
902 1196
85 1677
215 1290
