2000
1349 3946
1668 3851
938 3402
1326 2177
1641 2125
600 3066
486 3222
1543 2600
1532 3340
658 2822
1842 3074
1744 3993
1862 3265
768 2095
1709 2957
1889 2325
1559 3641
1399 3338
1540 3154
1353 2359
1852 3708
21 2251
1463 3831
382 3695
496 2993
1498 2797
1829 2888
342 3003
417 2472
1860 2014
161 3685
813 2382
1817 3448
1513 2226
9 2487
1241 2244
617 2064
1969 2864
987 2351
401 2149
1913 2966
570 2907
1576 3009
267 2439
427 3437
35 2356
448 2372
251 3524
1840 3214
1500 2896
1996 3738
1336 2592
1753 2959
1541 3690
1276 2611
450 3095
305 3058
597 3779
197 3242
282 3400
1598 3797
49 2737
1400 2272
915 2741
1364 3504
1899 2216
861 2409
647 2689
243 2467
1285 3506
107 2588
373 3525
694 2123
430 3568
90 2168
168 3079
258 3540
1251 3041
109 2867
1875 3076
1118 3444
1848 2108
773 2324
1863 3985
248 3535
104 2621
429 2738
365 2903
1887 2178
1972 2853
187 3372
447 3249
1288 3457
1772 2874
961 3676
178 3414
863 2831
1051 3111
971 3852
801 3130
1676 2112
77 3638
1477 2341
459 3436
1694 3697
1070 3193
675 3367
1642 2978
689 2553
127 3781
728 2543
1 3827
1608 3485
73 3139
79 3778
1587 2721
1504 2870
1307 2063
1243 2929
1064 3723
1436 2007
1330 2911
1222 2338
1914 2850
1752 2905
1371 2518
777 3018
1300 3153
1408 3722
1280 3863
219 2249
303 2429
1624 3022
1578 3768
478 2796
391 2788
1743 2129
1146 3567
829 2448
1189 3118
1059 2391
1819 3245
1707 2039
634 3270
1443 2863
1185 3500
1783 2306
426 2082
1073 3892
1945 2242
1180 3191
1861 3264
1239 2493
940 2523
1394 3151
1917 2829
855 2581
1057 3456
433 2442
180 2370
886 2079
724 2059
1883 2811
1704 2165
1880 3146
945 2381
948 3749
1263 2401
338 3538
824 2150
1235 2482
604 2327
1495 2876
504 3319
1574 2798
1211 3521
751 2507
164 3415
1974 3301
479 2329
72 3899
1765 2353
778 2963
487 2445
1002 2908
1210 3814
1654 2043
1736 2235
1561 2810
128 3580
245 3450
907 3539
1122 3930
1273 3628
1442 2980
1538 2563
274 3664
331 3226
1335 2135
1410 2546
1570 2215
1946 3083
665 2161
260 2183
1355 2564
1429 2915
1017 2982
770 3502
810 2872
1020 2221
1340 3455
406 3365
458 2378
525 3174
842 2061
899 2884
190 3937
1134 3907
24 2130
1224 3247
1695 2743
1471 3391
1785 3429
1269 2390
858 3558
826 3055
774 3711
150 3854
1101 3048
62 3766
23 3706
13 2060
309 2789
817 2702
583 3991
202 3623
1103 2696
644 3544
1124 2972
1944 3200
231 2152
1749 3440
1332 2316
383 2365
172 3110
1238 2267
1391 2018
126 2450
688 2986
1346 2748
218 2004
635 2855
678 3446
1373 3495
622 2046
273 3924
379 3033
559 2131
1705 2565
1588 2142
70 3833
564 3098
1844 3759
909 2751
435 2463
76 3787
1693 2486
397 2547
1554 3168
1789 3417
980 3492
1761 2837
853 3509
323 2594
221 3207
238 3732
275 3169
1881 3692
148 2830
457 3017
340 2436
173 2549
170 3318
263 2990
1856 3140
1053 2910
558 3027
344 3046
1988 3944
454 3322
574 3862
1257 3786
326 3670
189 2970
1577 2407
1800 3887
247 2257
883 3725
67 3532
879 3855
1416 3120
1109 2132
1517 2886
765 3635
670 3961
176 3257
1699 3721
1262 3950
1828 2727
1253 3390
652 3078
239 2368
1248 3939
1369 3075
1759 3587
1524 3473
739 3289
1499 3175
1233 2746
1282 3763
1454 2734
1703 3586
1356 2551
1167 3820
1106 2560
1808 2038
1712 3343
1530 2339
1080 3477
1089 2595
901 2340
1433 2647
568 2643
1218 2562
1942 3875
991 2567
683 3179
1237 2120
827 2534
663 3866
1392 2388
1520 3122
1434 3583
339 3994
727 3835
950 2255
557 3127
611 2427
594 2894
1675 3065
1116 2931
349 2096
1171 2191
1284 2852
506 2352
1596 2437
1892 3001
130 2508
1858 3497
1162 2715
255 2909
1741 2956
106 2047
112 3028
1337 3864
384 3952
1618 3868
117 2138
491 2202
990 3810
393 3665
1627 3958
896 2085
1686 2296
1824 2484
616 3013
94 3848
1247 3879
789 3380
1028 2305
386 3189
1680 2527
235 3034
1662 2711
913 2570
706 3990
308 3212
1649 2657
27 2628
671 3849
101 2688
1566 3349
41 3627
1957 3256
865 2377
1468 3059
529 2745
269 2817
1893 3893
1645 2006
223 3462
75 2322
355 3724
1348 3137
482 2656
1998 3445
445 3783
1600 3565
756 3793
1873 2349
958 2919
374 3671
1334 2836
1882 2697
730 2815
1864 2424
759 3359
1043 2157
1870 3141
1905 2722
528 2781
530 3631
89 2962
1953 3085
1959 3607
306 3229
1333 3752
1831 2258
1267 2540
839 3029
461 3317
1871 3070
696 2318
364 2192
870 3206
1702 2973
1648 2194
414 2906
203 3622
196 2670
411 3926
978 2655
1115 2045
785 2889
1518 2801
1806 3384
1461 2405
438 3770
191 2490
182 2579
1869 3479
571 2126
208 3954
1476 3872
412 3239
1000 2358
147 2009
1363 2500
969 3846
1467 2247
546 2232
669 3180
1161 2380
449 2838
1531 2965
1999 3784
822 3117
1048 3513
511 2918
1930 2185
44 2651
390 3850
1094 2511
1941 2866
1732 3378
1640 2036
910 3263
859 3959
1557 3235
848 2275
735 3614
1850 3023
1142 3730
74 3399
407 2849
328 2673
1208 3890
313 3733
548 3291
22 2286
900 3204
1271 3839
569 2571
841 2773
1843 3103
1780 2248
1231 3373
1149 2224
741 2531
1943 2825
389 3894
754 3942
139 3758
1620 3427
624 2997
1107 2644
714 2660
942 3534
1388 3581
57 2271
818 3486
103 2530
720 2214
1956 3398
214 2175
1510 3847
1277 2230
111 3517
1135 2371
80 3817
396 2233
463 2240
1489 3655
1181 2326
981 3202
1252 2344
1634 3659
366 3965
928 3279
533 3809
304 3920
545 2680
1523 3466
60 2403
1278 2940
515 3955
198 3147
748 3489
882 3184
609 3829
1582 2098
1455 3307
7 2443
872 3360
566 3439
1457 2913
505 3841
580 3578
96 2030
1071 3960
954 3594
1063 2003
56 3603
439 3102
93 3789
1756 3143
977 3666
633 2937
608 3000
1411 3674
1117 2784
565 3470
477 2252
138 2432
747 2021
1669 2174
775 2882
1888 2947
1619 2386
1383 3788
713 3660
1444 3312
1246 2732
1593 2293
1918 2799
1173 2499
1022 3736
1313 3601
392 2311
1708 2865
1137 2892
682 2914
646 3967
1697 2113
513 2196
1347 2685
452 2555
698 2593
1590 3883
378 3050
1910 2357
1131 3419
779 3975
757 2433
1437 3092
1924 2094
314 3107
1660 3194
446 2307
1042 3337
1029 3077
266 2636
556 3067
1551 3205
1793 2024
753 3084
806 2497
1126 3230
902 3998
388 3159
1270 2791
1422 3097
1604 2952
1865 2334
324 2223
618 2859
1195 3026
575 3966
1751 2320
1954 2835
1754 3511
1983 2198
155 2663
707 3881
1757 3767
498 2206
212 2364
1244 2964
1932 3938
1637 3726
832 2552
1487 3596
1722 2438
460 2426
856 2897
847 2758
591 2995
1984 2610
1033 3636
169 3824
1904 2262
1309 3936
1133 3962
114 2826
1896 3160
1168 2840
1727 2118
1591 3387
854 2304
783 3620
380 3557
177 3099
1948 3956
1072 3640
1375 3409
1653 3980
1788 2506
1795 2259
286 2461
204 3073
175 3801
1295 2875
1595 2441
1130 2597
1069 3164
1083 2261
1174 3187
1054 3190
1258 3250
648 3356
32 3713
37 3644
474 3277
750 2769
1516 3294
133 2100
1402 3906
1088 3858
1511 3410
1683 3336
418 2924
432 3240
58 3351
1217 3152
1414 2159
105 2505
1787 2481
892 2752
1413 2601
1890 2561
143 3903
809 2203
1024 3350
284 3310
734 2609
1303 3347
1567 2022
620 2313
972 3355
1987 2587
1902 2629
1012 3181
1327 3604
1438 2222
1594 2720
697 3626
1822 2726
1679 2678
1387 3649
1265 2682
1976 3480
1343 2385
884 3912
816 3005
797 3396
494 2031
415 2759
232 3357
210 2524
483 3777
241 2538
1900 3551
281 2345
1405 3634
1194 2974
1390 3819
742 2091
695 2599
762 2675
1777 3510
890 3588
1035 2141
261 2794
1052 2634
362 2473
194 3144
205 2241
1497 2958
51 2723
586 2065
1141 3843
1807 2833
15 3324
1925 2979
492 3802
1472 3533
512 3989
1710 2793
1150 2842
1512 3867
606 2619
702 2355
2 2193
440 2475
763 2406
420 3452
881 3748
345 2122
1911 2151
1228 3792
497 3361
875 3709
1031 3891
1447 2088
1979 2477
184 2422
1036 3680
1104 3197
1125 3306
796 2895
1801 3914
125 3896
711 3006
1311 3744
1281 3981
1474 3921
1820 3472
1770 2104
110 2205
746 3911
996 2398
1845 2289
1446 3701
118 3251
1240 2376
1950 2035
1613 2805
667 3986
166 2201
1304 3800
1329 2783
1202 2590
1206 3969
781 2366
1120 3548
230 2066
1971 2469
828 2881
237 3063
897 3917
1287 3654
1423 2181
1361 3381
705 2299
82 3546
851 2051
1929 3043
229 2071
1108 2728
1448 2179
1977 3019
551 2568
680 3619
26 2984
1755 3403
1283 2877
639 3482
395 2449
800 3870
1163 3408
1041 3531
924 3353
1314 3068
1921 3915
1630 2238
185 2321
1067 2951
916 3650
1811 3405
259 2925
919 2558
819 3995
660 3087
316 3132
12 2912
1874 2188
236 3227
1726 3327
1616 3668
947 2452
1730 2509
377 3652
791 2778
1245 3385
1830 2687
1898 2948
1681 2786
40 3764
539 2880
1494 2295
1091 2107
1001 2049
1775 2754
1563 3794
1229 2115
1046 3054
1274 3774
1056 2645
760 3315
1312 3061
1760 2776
628 3826
33 2276
470 3330
792 3996
279 3886
1906 3529
793 2280
655 2526
312 2227
465 2396
431 3842
1886 3371
1401 3556
1740 2756
1475 3963
1357 2591
297 2050
1155 2462
1993 2764
1213 2967
36 2211
1306 3434
1381 3515
1389 3183
1599 2106
121 3522
860 3490
835 2760
723 3261
43 3081
1221 3198
5 2317
1140 2753
1344 2887
428 2573
852 3105
361 3269
315 3606
1544 2893
1964 3053
925 3992
1763 3178
731 3145
68 3133
1099 3507
222 3254
1815 3643
764 3776
1143 2650
476 3771
334 3266
410 3035
233 3342
1345 2041
1973 3505
436 2278
674 2706
1717 2807
332 3974
1963 2916
115 3675
371 2058
317 2470
1420 2089
1528 3021
403 2411
589 2860
640 3727
1931 3646
1424 2637
1308 3428
419 2703
599 3753
803 3673
1459 3574
1047 2384
19 2541
831 3503
490 3821
619 2921
893 3927
518 2457
1585 3453
1432 2256
1066 3908
484 3550
1631 3173
537 3344
1480 2630
864 3905
1838 3369
98 2284
1136 2991
929 3825
1365 2665
690 3772
1790 2167
572 2483
866 3274
1970 3982
1960 2186
653 2577
722 2236
206 3088
1119 3707
573 2623
31 2545
1526 3057
462 3328
153 2632
298 2245
1895 2679
63 2661
982 2891
976 2298
1745 3691
993 2072
956 2992
1833 3016
1522 3368
767 2585
268 2103
1782 3037
758 2319
786 3273
602 2692
1166 2608
1165 2646
1769 2300
563 3689
278 2117
1839 2718
501 2502
1696 2360
289 3401
1425 2975
119 3761
1360 2821
1023 3953
614 3091
1374 3516
1952 2086
50 3549
296 3126
1962 3458
321 2078
1803 2099
1478 3928
903 3884
1061 3775
199 3188
526 2374
1571 3560
673 3008
1418 4000
1650 2883
631 3182
612 2626
171 2824
1656 3464
1075 2361
1227 3267
1821 3142
1565 2771
596 3571
895 2847
1670 3255
421 3597
1644 2266
1159 2583
1692 3305
1290 2354
1635 2642
1464 2747
1156 3637
1338 3913
1878 2777
360 2348
1980 2402
1958 3281
167 2440
1008 2488
1947 3984
733 3341
1123 2392
843 3114
495 3902
1209 2413
732 3209
1397 3451
1562 2557
1419 2260
811 3218
825 2988
508 2533
623 3438
1737 3834
408 3109
1302 3582
1452 3566
1201 3555
1421 2823
983 3976
874 2496
1398 3498
889 3945
1386 3624
1975 2075
1545 3172
1479 3705
1407 3747
1379 3171
1847 3044
693 2503
577 2717
1506 2160
974 3925
1605 2212
1603 3542
833 3751
555 2097
87 3609
502 2733
216 2028
1470 3600
158 2844
134 3859
629 3616
1527 2928
1305 3493
1684 3496
1818 3325
16 2080
1535 2468
1068 3299
636 3845
685 2832
820 2569
17 3290
1404 2927
726 2739
926 2460
302 2515
905 3011
898 3815
500 2394
1771 3313
867 2419
1092 2517
1691 2513
1994 2873
1797 2704
908 2890
1706 2548
1625 2346
656 3412
1431 2001
1891 2664
29 3876
1354 2633
1469 2387
1010 2347
257 2294
595 3056
348 3292
1040 2119
1884 3699
159 3215
359 3116
253 3602
1249 3803
1716 3871
256 2471
966 2586
1738 2412
664 2950
704 2485
45 3216
1525 3885
1546 2672
621 3728
265 2134
1762 3125
404 2521
280 2666
1617 2420
776 3700
1220 3024
988 3999
998 2716
666 2820
1639 2243
385 3416
1556 3030
1673 3530
1826 2535
376 2926
1255 3275
1919 3025
603 3630
1112 3138
1372 2856
1607 3669
285 3756
132 3941
999 3252
615 3632
295 3648
536 3572
1378 3413
1145 3407
1242 2779
1986 2969
543 2635
1809 3735
1350 3165
1834 3818
1272 3683
1622 3192
911 3134
59 2787
217 2297
1533 3052
387 2782
250 3276
142 3478
1182 2489
676 3382
1179 2712
1016 2342
287 2335
1286 3762
1553 3225
520 3740
78 3657
1170 3948
692 2056
398 2923
1147 3667
554 2495
1868 2987
1798 2638
1358 3494
116 2153
489 3978
1851 2308
249 3869
20 2809
1879 3901
1428 3487
1260 2808
1728 3822
738 3717
836 3358
1928 2985
1547 2953
1940 3186
849 3394
643 3069
120 2074
1832 2731
1396 2139
1933 3816
294 3201
220 3308
1677 3765
668 2435
350 2067
1778 2182
1548 2254
1835 2430
113 2968
846 2146
1718 2900
1678 3346
869 2399
1003 3131
464 3807
1298 3124
1148 2603
1814 2375
1351 2516
14 3080
1395 2625
1689 2800
1734 3900
955 2501
630 2362
1292 2813
782 3366
192 2938
1322 3658
1537 3639
1750 2246
626 2323
514 2008
582 2658
131 3889
39 2828
322 2092
1939 3020
923 3569
1293 2615
1701 2187
549 2111
54 2466
812 3364
1169 3916
1714 3362
815 3714
1310 2459
1212 3045
1936 2087
399 2162
542 2253
66 3933
1508 3374
1549 2048
363 3089
1768 3838
254 2184
1481 3100
471 2730
1724 3679
1606 2400
292 2622
1853 3593
1922 2415
162 3718
1076 3300
473 3228
353 3377
1855 3460
787 3973
962 3611
1507 2292
941 2395
534 2145
1991 2416
1216 2683
1183 2616
703 3176
1827 3968
1492 2762
850 2854
441 3339
226 3418
510 2981
1802 3219
1484 3039
880 2614
1323 3543
592 3799
1214 3545
1496 2961
650 3128
1225 3223
1509 3608
584 2834
1299 3698
186 3311
517 2373
375 3715
156 3051
885 3232
1460 3527
469 3918
1482 2281
1430 2554
1666 2742
1781 2519
946 3949
1614 3321
472 2301
805 3072
242 3541
904 2578
772 2618
804 2998
957 2708
1318 3570
1129 2172
1324 3651
1105 3272
964 2083
553 2935
1519 2681
481 3320
1742 2792
1490 3038
1739 3694
1100 3246
1191 3002
100 3237
160 2709
163 3363
1583 2770
552 2537
830 3379
337 2109
1859 2274
1172 2941
1152 2124
877 3661
1569 2598
209 3499
1415 2037
844 2032
524 2012
1981 3940
443 3898
234 3432
970 2337
1810 2707
1664 2996
211 3476
737 3554
1192 2143
862 3647
1794 3156
1615 2456
1226 2133
920 3282
499 3769
1144 2070
1219 3812
1296 3757
1955 3678
318 2846
994 3459
522 3804
372 3047
1920 3617
1663 2465
1038 3135
310 3877
47 3909
422 3101
1573 2584
1804 2677
1110 3352
1199 3471
157 3591
1621 3605
1426 2765
1823 2667
1949 3093
794 3326
638 3199
532 3662
193 3737
183 2478
1568 2971
480 2479
1200 3248
151 2147
1289 2994
1633 3712
1259 3895
352 2199
99 2690
381 2559
91 2414
1623 2228
661 3897
1294 2662
1086 2617
11 3262
1638 2393
356 2277
814 3284
1403 3119
1060 2606
1632 2042
1990 2550
215 3236
1261 2137
967 2309
798 2379
1319 2025
936 2052
952 2640
1866 3947
1316 2843
288 3062
918 2933
325 3375
1084 3449
808 3796
1685 3873
1792 2225
795 2589
516 3856
1937 2116
301 2176
174 2053
1153 3612
934 3988
857 2804
71 2604
38 3424
1671 2332
1776 2016
1690 3523
1719 3865
1207 3158
1013 3475
509 3149
69 3750
370 3537
1967 2639
1266 3693
201 3731
1007 3271
18 2303
1412 2761
1462 3397
1114 2532
1197 3112
1087 2845
369 2195
1362 2425
423 3663
1968 3220
840 3645
1485 2040
2000 2011
1611 2315
989 2054
1275 2920
662 3518
1030 2795
627 2210
434 3508
335 3931
1542 3585
1903 2775
649 3129
679 3430
1175 2283
1385 3677
1128 2209
1458 3878
1393 3293
1894 2949
1317 2525
1427 3536
416 2671
1836 2474
290 3610
1441 2219
1062 2408
1773 3007
1682 3157
283 3559
1725 2904
968 2605
718 3687
1026 3785
165 2057
1342 3031
1550 3951
1609 3808
394 2418
519 3425
264 2002
1558 2596
1090 2520
823 2446
1328 3519
1158 2264
1009 3258
1723 3642
55 2250
277 2725
845 3280
1912 3501
1816 2189
1096 2447
1177 2069
485 2114
1465 3688
154 2934
1081 2020
346 2158
769 2019
224 3422
402 3656
1377 2263
252 3196
1579 2710
710 3481
985 2234
1720 3832
1236 2544
1456 2812
1493 2613
959 3861
931 3553
1184 2989
425 2504
1665 3599
330 3004
821 2839
347 2110
1331 2827
1291 3573
1982 3404
1370 3512
1113 3302
1731 2932
1325 3286
1589 2556
1854 3316
788 2930
1592 2818
42 2073
979 3094
108 3983
493 3987
891 2166
1560 2229
1978 2331
1451 3115
299 3167
590 3798
944 2492
632 2265
691 3682
83 2701
1961 2498
531 2476
1774 2806
1534 2055
802 3014
276 2576
561 2774
8 3148
699 3528
1232 3406
123 3433
81 2026
740 3979
1586 2862
85 3303
1805 2700
1098 3071
1857 2736
4 2310
271 2464
871 2350
717 3929
424 3161
1515 2868
651 3082
488 2624
986 2572
960 3283
712 2648
1907 3234
48 3217
1837 3253
906 2676
642 2027
834 3463
878 2197
1196 3598
1250 2291
837 2522
1032 2851
521 2220
1748 2691
1505 3334
1093 3491
917 3298
368 2454
1082 2389
1025 3211
894 2270
1111 3780
1321 3393
1784 3474
1203 3805
1584 3971
343 3411
949 3703
6 3615
625 3096
1872 3121
995 3441
761 2668
102 3331
451 2763
1151 3431
912 3760
1074 2955
141 3618
240 3032
1190 2287
1297 2757
1204 3049
1223 3443
311 3447
1176 3483
593 3790
749 3484
745 3244
943 2802
1502 3681
1601 2333
744 2328
1876 2879
992 2363
124 2163
1688 3288
358 2686
1279 2649
1466 3388
1552 2514
1127 2017
135 3426
1626 3335
1909 2654
921 2190
1095 3977
1555 3710
755 2724
34 3332
86 2154
1367 3844
146 3888
1019 3304
1885 2369
28 2144
1935 2034
140 2566
1849 3935
1733 2140
743 2169
1915 3910
1985 3423
1409 2814
1687 3773
1938 2084
1536 3904
1652 2279
1779 3348
605 3195
367 3514
1473 3461
1341 3155
1011 2268
953 3287
1268 2170
1721 2081
1658 3696
1027 2148
1580 2669
1055 2768
1215 3704
1121 2494
1449 3806
1198 3386
442 2861
766 3811
53 2694
444 3853
1102 2705
1193 2539
1154 2068
1927 3259
1612 2330
708 3923
721 2180
1698 2171
1846 2698
1034 3036
1629 3813
10 2744
327 3060
1380 2528
1339 2841
1366 2101
1747 3840
1841 3323
1746 2127
329 3177
1572 2944
672 3716
1791 2288
607 3754
1672 2404
1867 2674
838 3595
1164 2939
1813 2755
1230 3309
1254 3795
576 2780
137 3633
1050 3467
1139 2693
1651 2803
61 3791
1417 2699
538 2431
1661 3734
336 2023
771 3241
507 2314
523 3224
1256 3828
887 2156
876 3488
503 3278
1078 2819
136 3210
1004 2093
1132 2200
307 2005
88 2218
888 2164
1997 2943
1005 3268
716 3010
784 3104
1514 3345
1501 2207
262 3625
213 3874
687 3629
547 3354
1301 2105
1320 2269
686 3297
65 3672
409 2237
466 2285
1491 3964
1138 3592
1097 2480
405 3203
527 2090
351 2397
64 2367
799 3040
1715 3213
1767 3561
1486 2574
122 2536
1049 2902
1597 2173
951 2785
144 3742
587 2217
1445 2772
1384 2602
1359 3579
725 2976
1713 3684
1450 3957
1037 3465
681 2766
973 2033
1636 3233
152 3970
95 2620
645 2945
400 2343
1908 3123
937 3782
1575 2010
1610 2542
195 3882
1315 2607
1877 2510
701 2491
684 2899
873 3435
1014 2273
598 2290
1786 2878
613 2128
677 2121
1796 3823
1521 3590
1965 2641
341 3997
914 3589
1440 2999
535 2719
1995 2740
780 2458
657 3621
246 3042
1966 2421
935 3743
1376 2455
659 2044
1058 2869
1647 3469
1825 2858
1812 3064
453 2857
1039 3421
997 2512
357 3836
1439 2713
637 3575
467 3746
709 2062
560 3329
1735 2312
319 2136
975 3584
1659 3163
97 2582
354 2848
270 2417
437 3686
1655 3932
1897 3922
84 3653
585 3729
129 3389
413 3562
1079 3972
1667 3150
654 3106
46 3755
790 2612
1916 2575
1264 3015
540 3741
719 2631
729 3520
1205 3837
1581 3576
30 2015
1406 3108
984 2204
1015 2652
1160 2977
1923 2102
1992 2336
228 2684
1435 3238
1674 3333
1178 3860
1729 2922
1951 2302
1018 2213
1711 2898
1643 2871
939 3162
927 3086
456 3468
1700 3221
455 2936
579 3739
1234 3260
300 2383
1934 3166
922 2983
1766 3577
92 3719
868 2749
1628 3547
52 3370
588 3296
272 3012
1085 2767
468 3285
1006 2444
227 3231
181 3090
736 3314
145 2410
1602 3454
1529 3563
715 3720
244 2750
333 3295
1453 2942
562 2790
1188 2580
807 2816
1065 2428
700 2029
149 2013
930 3113
601 3745
1657 2076
1488 3613
1764 2155
541 2695
641 3185
1077 2077
544 3919
752 3243
1926 2434
1157 2729
963 3880
200 2735
1646 3208
1021 2423
1539 2627
475 2451
1368 3830
25 2453
1352 2208
1382 2714
1799 3943
1187 2960
1045 2529
932 3170
293 3442
188 2885
1186 2917
581 3552
1901 2282
1044 2946
207 3564
1758 3934
550 3857
610 3376
1483 2653
578 3395
933 3136
3 2231
225 3420
291 2239
1503 3392
1989 3702
179 2901
1564 2659
567 3526
320 2954
965 3383
