4000
1267 7461
3435 5752
302 6881
896 7086
740 7360
1723 6026
2326 5939
602 6151
3211 6764
2204 6217
1381 4511
1530 7705
3347 4550
1453 4466
375 4539
2915 7302
1020 6958
3455 6551
3264 4398
3639 5628
2140 6841
1695 5358
2319 5686
61 6236
1098 6942
3202 4733
1250 6748
735 4861
1873 7490
1002 6675
3040 4956
2755 6260
3262 4901
647 6039
3247 4778
235 5413
1852 5129
1770 4784
2121 5305
1673 5509
1891 7192
2525 6426
2788 4089
2095 6499
3255 4499
1155 6817
1418 5618
3156 4195
1710 5093
314 7025
1820 5134
2978 7542
163 7273
3198 7327
578 4652
3624 4488
2414 7064
1994 6782
817 5037
26 7167
906 6040
2419 6690
3912 4757
3042 6448
3078 6493
961 6657
1193 5530
3563 6424
2002 7187
1018 6981
2665 5122
2777 5728
188 5845
2197 5789
1590 7586
3941 5874
2411 5944
393 6451
2541 4426
555 5855
2930 4819
133 5484
2785 4118
3986 4844
1240 4548
1167 7771
1490 7160
3785 6338
1879 5447
1838 7788
984 4319
3735 7846
2876 5906
849 7882
1274 4892
3118 5927
2477 4531
2271 5392
717 6068
625 5578
1601 6208
2110 4458
1378 6519
3509 7916
336 5677
902 7227
2109 7103
3688 4811
1199 5321
90 6776
1843 7814
1066 6409
911 7524
2495 6329
3780 4387
3195 4127
1884 7201
3716 6038
1420 6759
126 7789
733 5373
1542 4986
766 4385
1631 6683
2472 5771
1688 4114
772 7312
3554 4642
160 4252
1983 5943
2223 7060
2390 4236
2246 4625
97 5825
3533 6155
3790 6081
598 4459
603 6472
3532 7639
781 5490
2371 7099
1880 7528
1181 5948
3629 6009
2289 4482
3881 6561
397 5342
2449 4588
1382 6265
3468 5474
84 5651
3238 5138
1073 6296
3023 4489
1456 6808
1826 4439
353 4107
2018 6118
2471 4491
1208 6813
1430 4788
1118 5280
1775 4414
750 7983
653 4675
210 6356
1604 4472
3814 5116
537 6244
3557 7495
2685 6254
267 7738
3873 6961
2880 7865
1998 5352
513 7750
1963 5429
3166 6587
253 4273
2149 4735
838 4853
1594 4429
2354 4845
3744 7324
3488 6758
2245 4036
2953 5940
494 4644
2218 6399
2106 7148
3974 7498
1196 6963
1218 7263
2795 5263
410 4929
2947 4010
1135 6229
2920 7917
1667 4141
1684 7740
714 7345
1920 7057
2480 4090
1719 6686
3543 7177
1608 4221
3865 6912
967 7479
3675 7303
939 6988
1234 6504
2434 5739
2921 7189
1083 5988
2214 5437
3271 4295
946 7570
1962 6350
3920 7625
3655 5914
2517 4899
2364 5920
3143 5312
2917 6246
2619 4651
1287 4571
1105 4988
1351 7499
1677 5229
1648 7982
252 6078
627 7310
862 4538
3324 6402
158 7654
774 6112
1932 7657
2679 4337
3351 6013
2142 5034
2388 4731
2990 5584
1460 4656
1205 7482
2171 6074
1885 4792
540 6649
1637 7391
820 6563
1064 4754
2667 7453
3619 7637
3374 6726
527 6209
672 7447
3562 5504
1784 6547
3484 6061
744 6488
3560 4436
123 5554
1768 4960
3039 6455
76 7243
99 6873
1592 4440
1134 5287
220 4809
1457 7993
992 7314
613 7580
3646 6512
1324 4269
358 6757
3355 6408
3848 5336
2638 7831
3521 4158
2737 6163
3090 4624
281 6565
2007 5147
3474 4541
3151 6369
2967 6315
2806 7842
611 4435
1206 7905
4000 6146
3595 4023
3530 4936
1187 4239
974 7975
1293 6135
935 6223
3001 6680
2257 5488
456 7437
44 7601
1736 7128
3385 7887
1981 7008
3052 7933
2979 4370
348 4696
441 4605
1389 4389
3495 5225
2250 5977
2011 5408
2677 4592
2644 4995
2107 4870
36 7110
1391 5283
2890 6869
3340 5390
1760 6539
2174 6802
3829 4105
2194 6664
3337 6577
1783 4527
3349 4743
3821 6293
2654 7191
2800 6042
2642 6874
981 5748
765 7346
3874 5510
3872 5837
1432 5994
3761 7290
3985 7000
1462 7813
1864 6354
595 5399
3977 5673
2657 6490
2096 7331
1119 4031
1513 5419
3363 6515
201 4263
1237 6502
14 5452
3902 6832
650 5219
931 7427
3097 5971
352 6979
409 4423
2397 5016
361 4606
1787 7807
3387 6330
3482 4173
2763 5822
563 7378
3071 4061
2401 6665
2572 6943
3644 5796
2790 4059
1751 6069
3443 5819
1087 6228
2074 4586
1059 5329
2345 7101
2047 5053
798 6120
1612 6545
1006 7374
2413 5727
662 5672
3918 5559
522 4682
254 7509
3706 7058
1160 5604
680 6400
2707 7645
2891 4381
3983 7280
771 4382
1797 5411
3370 4687
3838 5436
2309 6606
1096 7182
2508 6241
337 5588
1702 7484
2483 5502
2221 5809
359 4629
1722 5088
1528 5547
949 4582
3564 7029
2745 6625
846 6498
3608 6970
3339 5574
822 7722
42 7052
2730 5869
449 6652
1954 5580
2661 7097
3844 6973
3614 6679
1236 4428
1636 5591
3826 7465
2301 6238
3804 5853
3849 5489
3314 6740
3599 6677
1025 4463
2080 7839
2632 5267
3424 6425
1867 7066
2396 6641
2510 6689
999 4206
3517 6077
3996 4964
2691 7642
3733 7162
1416 7981
2208 5461
1394 5745
709 6261
25 5799
3737 6871
3360 4159
2753 7792
1275 6580
3108 4552
1062 7119
2161 4140
645 7380
658 5993
2553 5036
2057 7096
2436 5303
2421 6033
2024 5205
3107 4721
3163 5379
2475 5307
1841 5608
1254 6703
2896 4265
2152 5095
3457 4611
2439 6255
37 5257
2875 6588
3433 7549
2578 4494
2682 4485
2839 7355
3956 7999
380 6297
2599 6291
3916 5859
1439 5916
3649 6824
3943 5965
1048 7853
3070 5416
3386 4766
2996 6695
2820 6672
2726 7223
1830 7502
472 6599
1004 7932
577 4434
3694 6651
1810 7992
3178 7521
2504 6162
3747 7136
3288 5658
1373 6142
3586 4741
1268 6080
3425 6821
693 6465
2703 6154
2641 5344
1747 5846
2741 7605
668 6747
874 6290
421 5582
2943 4533
215 7014
2198 4890
183 6646
1061 5048
400 5104
3704 4279
147 7568
1913 4830
3231 4908
2179 4125
417 5173
3214 4659
2412 6150
944 5894
952 5226
236 7090
1266 4129
344 6430
1484 4355
2754 7369
1853 6239
3304 6221
4 5571
1202 4376
1410 7630
1474 7682
697 5593
24 5961
2126 4825
2437 5873
2162 5773
1241 7811
2077 6648
2747 5341
1360 7076
670 6505
898 7712
3932 7763
1294 4693
2242 6995
800 7921
33 7751
179 5266
3805 7077
3609 7370
1610 5465
2784 6301
2540 6203
3892 5868
71 6396
3018 6199
3316 5214
1765 7505
2939 7668
1040 6622
3346 4477
1052 6698
3126 5469
3248 7912
1253 6157
190 5743
422 6133
3471 4521
3309 5841
2780 6320
1993 4896
3911 7207
2058 7774
976 5592
3682 4399
2686 5032
608 5182
1948 7220
1144 5896
112 5359
3687 4168
2016 4253
557 6362
784 6139
1574 6025
870 7708
2851 7760
1213 4177
834 4677
2469 6461
3702 7941
2383 5784
2666 7508
2575 4242
559 6332
3615 7341
3364 5118
3605 5096
1175 5060
3249 4943
245 6305
184 4755
2027 4544
2588 5238
3915 7526
31 6603
2292 4634
2584 6693
2105 5924
2909 7415
3232 6021
492 5634
1973 6466
681 4508
482 5805
100 6538
912 6609
3764 5243
75 7501
1617 4520
199 5515
2097 6353
3651 5136
1392 7494
3625 5637
2391 4977
3967 4098
710 5369
2986 6892
2010 4554
2859 5529
3955 7653
783 6615
1075 6207
2321 5030
3627 5397
19 5075
1403 6299
1183 5695
3765 5195
3332 6454
303 7435
2757 7267
728 6566
1211 6506
801 4553
1195 6480
1570 7112
3854 7460
415 4271
3093 5146
1785 7024
3726 4612
38 4050
754 6481
2817 5798
2860 7804
2025 5196
3259 6605
1752 5572
2515 4940
2760 5498
279 5902
1743 5221
5 6201
707 7386
2035 4476
3226 6393
3786 6642
1198 4034
3801 7214
3490 5438
1615 4854
419 7497
1336 6220
110 4513
227 4115
2828 4497
3187 6586
3944 5068
2374 6880
1896 4004
1621 5211
1058 5964
1773 4532
3832 6976
3223 7279
228 7552
562 5820
2627 6732
2993 7055
2586 4810
1057 7577
3722 6272
3170 4122
2655 4636
1756 4368
2922 6066
1949 6043
145 7403
3587 7956
2166 4883
2944 6863
2013 6709
722 4019
3924 7022
549 5454
275 6974
234 6336
2274 5063
3411 6392
346 5955
2235 6432
1961 4322
2240 4729
1721 4416
272 4492
3362 4044
2372 4460
2933 5301
957 5319
2169 6495
2793 5492
3177 6840
3698 6063
151 5370
654 4241
1116 6075
3756 4272
3287 4495
873 4066
1767 7168
2960 4974
872 5616
1701 4749
525 7434
3660 5810
3049 6935
3465 5311
141 4257
2404 7610
3540 6214
2186 7529
2991 6775
1027 7063
2275 4179
2258 7240
2624 6501
209 4146
2868 5137
2356 6389
948 7506
2055 7694
2808 5527
2447 5563
1705 4503
631 5550
3033 4262
619 5617
2623 4763
1711 6435
2378 6309
3437 5861
3352 5653
2481 7636
2931 6468
3345 4465
3094 6815
206 7809
2837 7357
3356 7503
2728 4836
390 5409
2897 6374
3840 4773
3657 7330
2673 5247
1532 6989
3571 6232
378 5508
1925 6318
3919 7416
1796 7381
1809 5385
587 4867
204 7138
2287 6391
1086 7321
779 5675
3359 7117
2987 5692
3321 5721
864 5207
1356 4353
910 5121
3436 5513
610 4415
2131 6421
1442 4707
2605 6311
2315 4579
3053 5723
172 7785
2052 7581
2854 7688
2633 6628
3676 7733
1819 4997
2590 6197
1488 6412
686 4055
356 5638
1034 6543
1575 7786
1364 6295
1858 6216
713 7144
2104 7709
1177 6751
1397 5761
502 5878
1463 7347
736 7624
32 7930
1334 7618
1960 7908
3830 5347
3856 7217
2464 6788
1559 7914
2203 6429
195 5248
689 7729
1835 4471
903 7045
1369 6036
95 6076
542 7011
1072 4130
260 4369
550 4879
1670 7389
1696 6062
2311 7840
2945 7714
3391 4247
3220 6141
2373 6161
3766 6107
1694 5978
3684 4608
1172 5175
508 5433
3528 6016
1379 6056
3379 4430
1551 5302
3713 7306
349 7268
1203 7742
2870 4772
2486 5424
2901 6160
925 6621
1799 7848
2342 6046
1569 7485
3114 6656
2602 7548
2995 6671
1958 7794
759 7488
1883 5059
1434 5190
2659 5769
2279 6090
1406 7538
3320 6491
1475 7056
3019 4082
1106 4581
295 7954
2862 7628
438 5099
1345 4070
1191 4839
971 7081
2889 4506
3679 6722
1869 7142
395 6262
2729 6731
1606 6581
2022 5915
1503 7510
1276 7075
843 5172
758 4371
2589 5751
2034 7514
1813 7974
597 7379
3460 7659
721 7640
135 7527
2433 4283
2692 6833
182 5814
737 6590
1525 6032
703 6716
168 7041
1481 6188
533 6211
2958 5500
1174 5091
1170 6534
1225 7015
2893 4267
3607 6773
924 5776
3121 6115
2005 5274
2528 4670
3520 4590
1967 7026
3104 7959
1015 7388
1817 5586
915 5573
3991 7188
1780 5024
3091 5516
3536 7611
569 7208
2497 5440
1270 5589
2989 4756
3601 6704
3850 5187
3683 7252
986 4831
3852 4400
1329 6612
2088 7275
354 7270
2431 4200
2512 6098
2778 4194
289 4933
936 6569
2158 6735
3537 7222
1510 7703
929 4483
546 7478
1609 7199
3581 7326
2067 5779
564 5581
1129 4143
300 5423
2756 5349
17 6321
466 7218
850 4858
3442 7226
923 6126
3141 4148
3427 6955
3393 7996
2427 7755
3594 4172
3548 7906
1259 4942
1286 7384
1527 7517
622 7017
2581 4939
2001 6507
2775 5444
3422 6632
1085 7805
1738 5092
491 6746
788 7251
2923 5650
2111 4041
2694 7747
1855 7903
1121 4432
1053 7866
1904 6366
2102 4985
2614 4884
3634 4691
1262 7616
808 6786
1289 5834
3188 4847
1582 4333
3678 5951
3367 5033
3957 6645
341 5999
609 5101
539 4727
1176 7958
2983 4661
2099 7717
3456 5376
3478 5481
2089 6723
2704 5720
3129 5535
3659 7122
2185 5838
3671 6724
3208 5494
60 7588
1764 6928
2687 6926
73 7787
2376 5856
2881 7676
2344 5548
995 7701
3898 6475
818 6878
2524 6224
3994 4256
249 7202
3466 7756
2941 7766
2294 7100
695 5162
355 7801
652 5111
582 5446
1587 4512
1108 7424
3284 5279
2118 7635
462 6484
1217 4934
2395 5117
3102 7080
2093 4305
3371 7575
3928 7584
3576 7861
2981 5363
155 4421
3099 7493
2579 7926
334 4005
3136 4225
495 7557
1449 4454
3842 5378
1138 4973
3285 5757
1846 7859
2006 5045
3286 7897
593 5781
821 5356
2369 4298
520 6414
1445 4700
2803 4742
1692 4363
2714 4711
3661 6092
2988 7977
2653 4631
993 7523
1022 6489
614 4688
2791 6027
2262 4540
3310 4628
370 4764
1032 7366
2122 6319
2672 6462
1898 4287
223 5140
1412 5611
3997 7198
917 7116
2796 6711
274 4014
3140 6178
1831 5087
1868 4816
1865 4650
1285 4563
3103 4514
3570 5990
3887 7185
2973 7387
3148 4564
1781 7242
11 4875
131 5085
3180 4851
50 4205
3853 4932
1690 7050
851 4786
39 7677
2115 5277
430 4027
3559 7259
3867 6939
2066 4224
3951 6600
1127 7446
3405 6666
2041 4912
1342 4348
3739 6763
637 6476
516 5472
3013 5112
3182 6187
985 6333
1554 5514
1647 6128
819 6805
189 6798
591 5710
3010 4630
3546 6148
3428 5556
552 7343
2187 5487
2716 7020
2278 7516
3888 4686
164 4152
2913 6744
3731 6849
2454 7328
2935 5506
3463 6303
88 5684
3227 4980
382 5361
2924 4704
2148 5962
1080 6095
1834 5956
3714 7178
156 4857
3884 6910
1616 5224
1766 6854
617 7291
1724 4056
3250 4088
1598 5552
3907 6057
1762 6843
3016 4703
2834 5135
3979 4230
2256 5074
2750 5292
304 4795
1730 4623
2934 5561
3715 6174
1300 7810
3662 7829
2802 7604
169 5215
1341 4668
3778 5073
1655 7283
2776 7545
2526 7411
1815 5176
648 5600
859 6348
848 4203
835 4142
1200 7730
3260 7410
2479 7924
1278 5005
3171 4378
1653 7781
6 6175
3384 6596
501 7857
1985 4909
1031 4220
1876 5396
2168 4080
3797 7244
1318 6754
2720 7338
2389 6927
989 6857
3652 7791
773 6720
299 5339
3269 4314
2997 6795
3341 4617
2969 6352
1671 4697
2084 6437
657 6546
1618 6595
975 6411
2807 6102
2192 6367
983 5133
1663 6136
3828 6954
894 5893
1706 7470
3109 7184
2133 6670
2092 6294
471 4299
790 4446
3404 7748
363 5884
1613 4185
1938 7161
3065 5120
146 5153
3895 5642
1141 5167
2021 4473
2173 5775
2241 7300
3038 4935
3388 4856
1145 5549
1279 6371
3263 5467
2740 5661
764 4184
3547 6179
1645 5759
2154 6780
1801 5716
2566 7852
1383 6065
554 7068
3993 7719
28 6053
198 4734
2907 4324
3029 5265
480 7661
802 4071
3789 7658
372 7368
3602 5115
945 4087
646 4796
459 5442
3252 7556
23 5332
2735 4052
2296 7960
2215 4304
1390 7929
938 6576
3950 6902
464 6552
3257 6654
1872 5526
3058 4724
3992 7305
276 5652
2180 4210
705 6104
2473 5795
92 7770
65 5386
891 6620
3123 5296
1581 7409
589 4767
3978 7962
1467 7797
1291 4453
2314 7899
1665 7867
316 4937
121 7919
688 4568
1063 5455
2567 5019
1290 4347
2042 7414
445 4226
2882 7146
2183 4855
871 6339
2739 4351
2583 6730
2403 6460
3197 5232
3890 4965
3305 7299
3969 7288
2895 5308
3908 6114
98 4862
3080 4484
990 6862
2060 4794
3929 7031
1136 7607
1975 5192
1045 5300
3399 6598
1821 7458
448 4672
3598 6875
2462 6453
2736 7361
2370 7592
573 7487
1188 6322
119 5871
2616 7255
3441 6977
2926 4119
853 7094
2629 4073
2293 6513
749 5018
1014 6950
1111 5643
2746 6900
3945 4069
178 4058
1890 6450
1273 7681
1520 4278
3064 6227
3454 4765
1734 6658
1556 4053
468 6685
3206 4907
2341 5666
2856 7873
1017 5320
2689 4308
2422 4191
2580 6523
2069 6894
1936 4598
1039 4728
342 4648
1607 5086
1483 4750
3398 5471
3389 6158
3 6886
2165 5852
3878 5354
811 5441
2353 6286
2711 5521
3798 6556
745 6226
396 4103
2532 4496
2290 5186
1074 4801
2547 4818
2721 5015
116 6496
1579 4135
963 7627
2916 7069
1147 4783
2049 4897
2603 7953
3375 7298
2062 7836
1019 4310
2461 5531
933 4015
454 6895
3014 5202
3760 7082
1309 6108
3335 5200
3736 4175
368 6100
2768 5690
1377 7284
450 6998
2558 7335
1302 4843
3368 4442
572 6906
1597 7515
3501 7186
629 5880
3246 6922
3647 5043
426 5712
2498 6005
3745 6170
263 6258
1839 7376
2028 6269
2693 4392
1651 7936
3212 4983
1976 6083
1863 7672
3233 6433
2474 4666
2507 6964
1405 5439
600 5603
2911 6434
883 6749
1037 4255
1049 5061
3636 4091
3056 5614
1999 7686
1905 4156
1179 4569
2116 6706
461 6359
319 7990
89 6555
3793 5885
1319 6443
3851 5886
2743 4969
2340 5766
212 5156
1953 5181
2824 6325
3440 5039
1308 5450
446 6111
2835 5388
1625 4437
3596 4768
2867 4211
2123 4610
207 7923
1526 7241
1333 7869
3004 6573
987 4153
3415 7451
1844 5921
3100 5626
3418 7965
3469 4959
2363 5887
787 6923
1923 4334
3498 7535
2529 5565
3176 7782
3409 7210
3236 6688
22 7124
3328 4824
404 7483
2782 4346
2506 7994
2748 7037
1008 4874
1567 5897
793 4921
2213 4160
3117 7318
1870 5895
1646 7966
568 7589
3076 5417
2124 7711
3319 6737
3244 5377
739 4928
1840 6079
579 4589
3476 4679
2217 5213
3242 7988
2769 4374
575 5236
2594 7473
2937 5233
3331 6467
1372 7907
2719 4245
1228 7928
2415 4872
2237 4468
1326 6755
731 4451
1754 7918
2805 4635
1084 5786
1739 7765
2114 4972
3630 5816
868 6390
333 7074
1173 4981
225 5456
2065 5764
3927 7758
2277 5271
140 4161
3962 4769
2631 7626
2350 6721
3137 4067
3430 6540
3972 4979
486 6619
2269 5183
2467 4367
3353 6287
412 4633
1257 5191
3633 7704
3740 4162
844 7333
1295 6028
213 7598
1531 6879
2663 7845
824 6530
1472 6181
1367 6681
3880 6243
3749 5800
3228 7395
768 5923
3597 4007
3565 6225
69 6370
3934 7543
240 6302
2040 6406
3303 7986
996 4994
2313 5952
716 4204
1229 4913
1480 4366
1534 6349
523 6837
364 6613
3297 4771
51 6957
46 4805
1452 4949
757 6019
3082 6946
1000 7209
3658 4145
1220 5697
2045 7878
1315 7572
138 5040
1065 6550
2172 4077
3218 5912
2819 6533
1207 6742
1968 5824
2836 7004
3525 7555
1301 6578
3192 4676
3686 7322
3650 4770
194 4340
173 5462
3101 5698
2320 4894
1401 5237
1689 6441
1314 6822
2037 6661
1012 5240
3477 4028
2695 7980
1197 5649
2731 7013
2974 7920
2349 6525
514 5782
129 4043
248 6618
1790 4237
2879 4134
3060 7407
377 4201
2266 6152
3763 4336
634 7566
72 6147
3964 7613
3400 4281
1591 6268
269 5992
237 4008
531 5028
1370 6966
2821 6814
1335 6364
972 5330
1454 7278
3635 6167
1584 5696
805 5325
639 5935
1802 6344
3050 4577
1263 7579
3670 4562
599 6449
2798 5102
3504 7406
2877 7264
644 5375
2752 5295
3876 4713
3566 5394
3799 7513
3461 5081
3669 5553
3824 6200
1395 6635
2252 4865
3296 5667
1283 4736
3815 5212
1814 6836
2298 7175
3278 6342
479 7629
921 4444
1252 4880
1956 4660
1560 4260
1735 6887
3002 5621
810 7948
2260 5288
2699 7329
791 6447
2316 5606
3858 7692
3894 6948
1772 5533
1151 6518
1142 6851
1729 7297
1388 5203
1955 4717
3295 6193
1361 7699
3947 4555
3492 7336
2119 4315
258 4594
2078 5304
2866 5587
2698 7039
980 6969
435 6891
3086 5700
1101 5857
3438 5768
1823 5693
2465 6924
2749 6564
592 4526
2858 5089
2625 6023
191 4040
2305 7761
3020 5479
3584 7844
144 4411
954 4325
3365 4583
1669 5291
2844 4614
1848 4251
3809 7963
751 5199
2038 4448
1496 7436
1357 5427
1384 4326
1776 7972
290 6257
2970 7236
2153 6779
2201 7367
1272 6099
1347 6479
2081 7471
1742 5954
2797 5051
2530 4461
3703 7211
675 4074
1435 7944
122 5922
2670 4163
1013 7768
3051 5635
2448 6346
809 6073
2141 4930
3496 7308
512 7685
1991 4198
1577 6733
3681 5678
1429 7157
2157 4401
3522 4560
1169 6968
2487 7224
3152 4259
3541 5524
3406 5792
1761 7671
1402 6617
837 4065
1674 5486
3837 6960
2286 5403
702 5551
2980 7612
2270 4797
106 7665
2085 6500
3412 7216
1984 4882
3191 4171
2957 6003
867 4576
3281 7174
1728 7937
2457 4306
328 7087
250 4739
2683 6264
1871 4951
2766 6585
2033 6859
524 5002
753 6914
3535 7358
1535 7171
423 5532
3600 7744
1226 6860
2713 4120
2000 5057
561 7067
3885 4523
2536 7474
3616 6591
701 5198
2484 7890
2822 5194
2815 7603
3420 6355
149 6812
2178 4026
3315 5625
331 5680
130 7784
3372 7615
3973 6532
48 4572
2678 4110
2592 4822
2073 7449
1143 5250
1068 6818
2591 5168
1371 7158
408 4848
3827 7035
1715 5245
57 5145
1153 7215
1359 4481
3026 5744
934 7803
1874 7219
288 6486
2549 7815
1497 4282
3024 5275
2254 5273
291 7547
2452 5493
1090 6196
831 4092
2014 6327
3230 7850
1264 5725
1974 7439
3875 4331
1713 6907
374 5197
3219 6233
2543 4916
3946 4338
2857 7115
246 4133
2658 4826
3432 4233
1029 4547
1431 4343
214 7967
823 5317
490 6669
887 4025
1916 5953
2738 7402
2253 7235
1540 4048
238 7564
2285 4925
2946 7507
3131 5160
1230 4136
379 4462
85 6427
769 6131
3692 5282
1280 7796
1408 6684
3434 5843
3738 7016
63 5577
1782 6896
1986 6558
1548 4386
251 6865
1519 7129
77 5900
2100 6270
2300 7071
1182 5987
1470 5448
506 5707
3519 5443
3952 6999
3937 6655
2962 4187
541 4186
3699 4967
1997 7632
604 7648
1128 4178
2343 4060
2026 7573
826 5180
3000 6212
431 6035
1745 7772
2189 6889
3087 7669
3261 5937
2362 6624
1771 5862
2869 4593
2135 7253
2843 6537
2155 7334
1901 5410
827 5374
196 7847
2352 5422
2809 6521
3292 4268
1194 4806
2511 5322
807 5657
1878 7468
1941 4885
3611 5459
402 5414
1304 4420
879 4814
711 4747
3251 5980
224 7631
3342 6323
1818 6037
3999 4214
1117 4266
1190 5936
3383 5645
581 6867
2985 5973
1201 6457
1522 4799
247 5783
2959 6777
919 6756
1088 7533
2942 4501
640 5431
2534 5391
1306 7165
2733 4537
2083 6317
1629 4938
43 7893
1056 7678
3518 7741
2243 6644
1716 5947
455 4701
3695 7233
1043 7969
3783 5821
2551 7179
3968 5470
1349 6980
3975 4261
847 6259
3812 5154
3254 6382
1654 7362
305 5733
3382 6629
3491 6884
2621 7047
792 4803
719 5629
3574 6913
2234 7350
2259 5646
794 5709
3612 7018
1482 6953
724 5737
1516 7098
2550 4418
664 7951
2537 5511
1795 5942
477 4627
15 4919
1547 4018
2826 6030
3066 4638
113 7277
2150 4149
2607 7721
2545 6866
3573 6310
3204 7892
2546 6177
1611 6554
3159 6949
2827 4904
1639 6394
3473 6375
1909 6417
1906 5310
3401 7817
3186 4923
1626 5253
1238 4530
2304 6048
2709 7311
615 4218
3173 5753
2912 7121
3954 4846
2385 5314
1448 5889
1498 4217
386 6553
553 4869
2597 7609
534 6584
1623 6368
997 7417
515 7070
280 7911
2925 4535
3549 4320
2228 7072
1332 7808
1348 7154
2450 5801
3534 7228
3819 4365
2557 7539
2573 7234
1113 4600
1565 6674
120 7135
453 6697
2825 4039
638 5679
2336 4300
677 6123
2789 7888
2445 7456
3847 7885
3439 5027
2392 5387
1038 5131
3350 5991
1282 4850
1269 7835
1097 7997
1465 5717
3656 7032
3685 7194
3194 4621
3088 5335
3138 7559
1943 6237
3486 4291
2948 4042
2548 6041
2519 4349
2671 6222
2792 5891
3989 4151
2163 4284
1687 6696
2265 7455
840 6918
1887 5242
3243 6714
799 7849
2318 7874
2476 6831
451 7133
387 4126
3728 6820
93 4316
1133 7492
3803 6273
1455 4486
1323 6647
649 4359
3481 4311
1833 5113
1239 7620
2902 4813
3253 4989
1070 6888
3241 7398
1903 4364
2377 6184
308 5860
157 5934
2196 5655
266 6153
2368 4037
2636 4270
2130 5368
3721 4565
3710 7307
1620 5297
3146 4317
1162 4961
306 5449
1100 5607
171 4313
543 7276
3641 5765
420 5850
3572 7583
2004 5029
219 4775
498 7405
583 7393
134 4817
782 7131
3021 6503
1107 6190
2852 5931
951 4169
2182 6469
1212 4274
3055 5722
3589 7673
892 6116
884 7169
2841 7931
497 4958
1366 7666
484 4166
1682 7152
2494 7860
315 5261
1350 6361
1407 4280
1303 4584
2892 7816
347 7153
2620 5382
3193 7289
3963 4574
318 5613
2648 5150
3306 6164
1837 7309
1255 7793
521 4785
1614 7352
2520 7767
3144 6634
3098 7463
586 6282
2513 5877
930 7183
973 7141
3072 6149
1443 6901
2964 4124
752 7452
174 5726
1605 5762
3057 5157
854 5842
1990 6574
2774 5345
1071 5670
845 4556
856 7164
2816 7578
3568 5926
1561 4570
3317 7660
2552 6885
1895 6725
2333 6996
3700 7232
732 5285
2640 6925
3583 6842
726 4863
18 4787
3922 5458
175 5767
3162 5904
3590 7095
222 5127
257 7320
3006 6008
775 6810
437 7442
3667 6279
1001 6458
3569 7247
1327 4962
509 7881
2451 5959
1588 4360
154 6830
2701 4889
1140 4615
3380 7317
2531 6728
1681 6702
3467 5217
704 6868
3948 7834
1450 4083
2488 6705
86 7166
955 7821
3866 5541
3711 5158
3183 6345
2329 4774
392 7176
411 6413
3294 4591
885 7030
3877 6012
3719 4155
1759 7773
1398 5917
804 7825
1156 6105
2325 6753
3823 6331
1825 5930
350 5210
2574 5306
1680 6219
115 5188
3836 7221
2134 6933
21 6064
3648 5056
3282 5910
1564 5326
2144 6180
1699 6445
1995 4645
708 7707
1124 8000
3205 7092
357 5639
2652 4804
351 4176
2348 4993
186 5246
3889 4924
642 5793
1146 7728
3068 6835
3788 4121
233 5164
756 5170
1413 7896
715 4075
3062 6811
1769 6407
746 5854
1952 5662
3145 4307
2355 5453
1261 5407
1247 4578
278 7971
317 6834
998 7855
2071 7213
3119 4332
3373 4174
2932 4215
2068 5609
2382 5432
763 5863
2032 5338
683 6206
3834 5052
2054 7203
2432 6384
694 7778
3813 7363
3926 6908
1549 6847
2649 7871
1292 7293
340 6663
1987 4380
2015 6473
2608 4695
3705 7486
1297 6477
1461 6002
2908 7323
2351 7145
3960 4232
1157 5012
3839 5130
3028 5663
3095 7532
1757 4375
1758 5867
2288 4342
1877 4777
1316 7737
965 6785
52 5945
3396 6719
3567 4199
2617 5706
414 7522
1763 4543
481 6917
1643 6864
1338 4113
2724 7428
1148 4264
914 7909
3610 7413
3215 4587
3110 4665
685 4303
2674 7438
1897 4197
1917 5539
1487 5286
2423 6667
2402 7634
566 4112
2120 4837
56 5644
2295 7301
626 5972
2200 7617
243 4079
2697 4424
2708 4012
922 5738
66 5755
969 4102
2888 6604
734 4328
200 7364
1271 7206
2684 7003
2324 7536
671 4302
762 4139
2113 5969
1546 6210
1502 7500
712 7040
636 7196
742 6395
2247 5575
2502 5477
1828 6316
1122 7554
3326 6205
1024 5835
1007 6052
1779 6275
897 7716
2273 6911
3933 5228
3845 5050
1492 4329
1067 6701
1219 7900
3539 6242
2276 4212
2595 4891
107 5713
1931 5348
545 7373
2206 6750
3168 7444
866 4603
1583 5831
3179 6442
3965 4886
855 7365
1451 7518
2565 7266
1426 7088
2846 4542
2977 4860
202 4877
927 5729
1235 4131
1044 5184
881 4517
282 7571
2429 5941
1103 4422
2418 6517
1130 5148
1224 4433
2850 7313
1627 5141
2885 5503
3970 7561
3125 4616
900 6992
143 5025
1365 4915
778 6778
3990 6575
3312 7173
1396 5974
1322 7684
2505 6103
2306 5128
1889 7824
905 5957
1980 5601
3896 4561
3995 4567
1558 7332
3067 6189
3903 7260
618 4207
2878 6482
487 5284
3769 7689
244 7197
385 5421
2521 6593
1914 7776
185 7901
2773 4068
1166 7819
444 5566
2936 7054
3083 7443
3046 5996
3707 5567
1602 6903
2181 5997
1849 5451
1845 6583
1788 7894
457 6230
1030 7225
1050 5174
548 5918
217 4391
181 4309
2164 7078
1860 5826
2029 4084
3758 6919
2443 4109
616 6020
1875 5719
2514 7560
3015 6277
1246 4702
3493 6718
2919 5985
3105 7935
3556 4470
1685 5041
3213 6803
2046 6807
2226 7109
452 6122
2086 4456
3417 6915
3426 7838
3971 4101
2999 7476
2772 7725
2727 6119
3158 6816
1317 5076
1921 7970
1311 7939
2337 6568
674 4641
3938 4208
1186 5986
3299 5082
3150 4719
1222 5201
1082 6852
1009 7651
1079 7114
3120 4223
2855 4032
2216 7718
1242 4705
3606 5832
2700 7746
3054 7927
2430 4573
2491 4147
2231 7563
3069 7674
180 4229
2615 5708
2359 4164
1305 4413
3059 5389
216 5703
3953 6717
699 5525
659 7608
2347 4760
1310 6636
729 4181
3796 5983
3787 4841
231 6944
1678 4744
1055 4881
538 6101
875 7680
262 5337
1446 6570
2664 7172
3153 5256
814 5966
2637 5872
3843 5023
588 4566
1154 7841
424 6579
1299 5404
34 6085
2017 6548
1750 5105
551 4480
3196 6070
1662 5251
3900 7450
1069 4678
2628 7902
256 4165
1414 6630
1544 5989
1344 4528
27 7710
1353 6819
3499 6314
3743 6791
2952 7752
1139 4438
2759 6941
469 4405
1927 5683
2786 4339
3782 4183
1732 6531
2012 4732
2090 4292
3526 4808
812 7585
3939 6385
1500 4049
1023 4100
3732 7798
3446 4285
1171 7864
320 7295
3265 5633
3904 7732
1077 4076
162 4452
2612 4549
1110 6082
1501 6420
3696 4467
3578 5979
2339 6589
3135 7913
841 7870
1971 5222
3833 4196
3512 5258
1622 7706
2811 5069
1792 7348
3791 7743
1354 7544
2975 6360
1919 5892
2971 5620
488 7287
2744 4345
1231 4249
3653 6307
2151 7292
3620 4673
1529 4022
1376 5360
2832 5741
2645 6381
384 4807
1320 5938
3116 5542
3366 5294
700 7137
1992 4998
2501 4003
3724 7200
1215 7120
1641 7876
2725 4035
3506 7491
3961 5813
2810 5570
2968 5780
3580 7599
1132 6936
3279 6738
510 5731
3325 7496
1060 4536
3886 6793
1902 4157
3207 7392
287 5866
673 4776
3081 4902
2188 4726
2199 7340
3497 7989
2063 5064
3132 5260
1185 5333
8 6140
3378 6978
3720 7325
1900 4646
2061 6934
2562 6010
3770 7590
83 6363
1888 5220
3414 7023
594 4730
1163 7512
2611 4715
1922 7872
2137 5047
2367 7553
2577 7735
321 5546
2555 5475
567 6956
2302 5161
2818 4475
1661 7614
3169 6801
1924 7883
1189 6464
1753 4515
607 5206
3174 5735
2220 5235
3771 4976
605 4947
1036 7432
40 5903
118 4975
3870 6897
1965 6850
109 5466
3914 5858
2365 5366
1523 5564
2762 5324
3005 7976
447 7195
1726 7433
529 5007
1102 6191
2598 7043
3157 5648
1857 7600
1473 5132
1504 5171
1524 4953
2446 7027
470 7079
1593 6694
1893 7093
1165 6456
3419 6357
2690 5038
398 7108
3044 5401
842 6253
1717 7775
1969 6173
3181 5169
1635 7769
2906 5078
660 7155
1644 5815
3381 4828
68 6088
1550 5595
3185 6165
2050 7683
391 5223
1440 7638
1464 7537
2460 6844
1918 7005
1137 6127
858 7083
3142 7687
2094 5254
1478 4545
2008 7947
1459 5110
2884 4835
177 5179
2330 6971
3189 5967
3729 6823
877 7190
1223 5009
1244 7863
3450 5327
232 4607
1977 7062
2331 7033
3897 6283
806 5281
706 5166
2332 4231
2718 6790
2656 6920
1537 6470
1942 4917
78 6855
2651 5430
2091 6610
3113 7048
2963 5724
1545 4357
2568 6044
3344 7576
2125 6985
1589 6337
560 6827
2297 4402
888 5244
1514 7469
3272 4859
1307 4128
630 6024
478 5812
1566 7540
3794 6853
3290 5687
3338 4047
2268 6607
503 6959
535 7806
1438 7691
2499 4602
3502 5010
3618 5496
1866 7754
2538 6292
330 6631
1712 5590
310 5144
3665 7504
3291 6767
3354 6358
1624 4991
3322 7945
2416 6528
1806 6905
3336 4193
1714 6492
261 7904
2328 7656
1468 5685
2407 4718
3673 6093
3410 6993
229 7408
3280 4992
511 7123
443 4455
3859 7820
3330 6592
1979 5659
861 4407
2064 6994
322 7650
3423 5499
2781 5151
3779 5585
3240 7426
665 5276
1596 5098
3835 5913
2516 5828
3753 5066
3654 5406
1419 7851
3825 6487
294 7780
1486 5318
3011 7868
1800 5946
152 4922
687 6423
3817 5241
332 6559
1123 5402
2146 6436
576 7964
3730 5632
369 5785
1944 6975
2030 4490
2927 4622
3906 5555
2387 7594
388 6838
3027 5315
2023 7049
1114 6288
3553 6898
2236 7163
1441 7619
1951 6365
2379 4632
3025 5811
526 6846
876 7562
893 4842
3112 4557
2610 6712
1011 5718
239 4117
2994 4906
2563 4330
2984 4288
3124 7723
3089 7448
741 4812
2894 6510
2688 7830
463 6047
3334 4671
1296 6608
1476 4952
2 5888
2232 5124
2898 6601
3516 6826
3268 4999
103 5316
2248 4447
2229 5640
1425 6250
1368 5035
899 6529
1660 6218
3513 4017
544 5520
2440 5599
1331 6893
1978 4358
2770 7001
1221 4516
1214 4970
1104 4534
3458 7269
570 5001
3860 4823
3712 5630
2459 5754
2210 6285
1915 6772
2059 7425
1861 7597
1325 7646
932 4815
3045 7248
2031 6990
82 5949
139 4154
1741 5602
2554 6215
3555 6341
979 4966
1937 4388
2453 7375
1737 4016
1428 6560
170 6058
968 6653
2272 7641
2470 7382
45 5907
3663 6633
1816 4599
2647 4868
2874 7019
1808 7693
221 5058
2523 7212
1260 6789
2886 6289
3626 5518
2764 5178
504 5080
2409 4024
3921 5262
916 5367
1243 6186
943 4081
2676 5100
2056 7949
2307 6511
2003 6168
432 5270
1703 5364
3621 6397
2955 6640
816 4474
2928 7910
1281 6109
3603 7700
2117 4669
58 4982
2742 4740
1393 7339
3408 5522
327 5702
907 4228
2544 4866
345 6091
2840 4689
150 7828
2053 7593
3209 6245
565 5119
2019 5507
1424 5664
3160 7445
1940 7143
1988 7530
81 6668
2950 6931
1746 7655
3403 7118
335 4510
2998 7351
667 4920
1444 4450
2951 4235
3329 6011
641 4487
3742 5298
273 4580
1676 5231
2072 7230
913 7818
2227 7046
2303 4011
3394 7574
161 6700
2176 6334
970 7695
1178 6557
2675 4362
942 4712
2864 7812
1543 7316
1959 6463
1650 7595
2420 5365
127 6313
908 5090
3358 7569
1232 5669
2582 6266
3754 4132
2230 4276
230 5654
3925 7837
2281 6509
623 4829
242 5875
2334 7193
1436 4996
2883 7995
1553 5125
1950 7596
926 7652
166 4903
1934 7265
1580 4390
2299 7315
815 6765
1313 6909
1125 4441
1089 4895
584 7985
2408 6760
1337 6380
2571 6377
2662 5209
2872 4002
108 6541
3175 6372
2596 7764
2732 4694
1352 6743
67 5797
2310 5239
3155 6248
3077 5734
1112 5230
895 4051
3551 4618
2634 5357
2103 4663
1409 5976
1576 7480
53 5598
2542 4445
1051 5426
389 4379
3808 4558
366 6984
3701 5865
1698 5905
2160 5107
1708 7371
1363 6204
1562 4505
3494 4296
1803 6398
1 6428
2887 7472
3777 4180
825 6134
770 5538
3500 5534
3550 5714
3544 4984
2587 4575
852 5049
3864 5415
3524 6054
362 5647
339 6734
3795 4384
62 7462
2503 6379
493 5473
2317 7412
167 5004
1026 4978
1404 4595
1411 5641
789 6522
880 7991
1945 7390
373 7229
3638 4373
1091 4911
2842 5434
2145 6544
863 5480
959 6106
2900 5457
2604 5778
1400 6861
3301 7180
698 6004
2569 6055
2956 5259
3542 5123
1824 4406
2783 4182
656 4216
2463 4876
3333 7372
2492 7477
1568 7898
3009 4356
3348 5597
49 7419
3931 4522
2138 6987
2428 7105
574 7127
3343 4905
2660 6084
528 5512
1042 6766
3361 5293
1672 6087
2177 4601
2425 7274
1479 5750
286 6235
3917 4781
2787 6676
530 5543
1245 6787
3283 7675
2070 4893
3901 7950
428 6707
1886 6520
427 7511
2940 7012
3942 7304
890 5536
3485 6692
3776 7663
1926 6602
937 5505
2399 5384
1946 7238
1180 4063
663 5671
1811 7802
1632 7734
1786 4887
1718 4054
284 4425
690 7800
1265 6198
1652 7126
718 4020
3234 6007
474 4647
2559 7520
748 4383
2522 5631
394 7525
3511 4525
1656 7697
2613 5818
1789 7922
2812 7696
329 5636
2098 7159
696 7622
3910 6231
3459 5006
324 5272
3677 7429
2794 5425
3855 4971
3073 5579
205 6247
475 6673
434 4945
2386 6156
3935 6809
193 6938
1330 5610
3318 5380
3674 5681
3909 5328
755 5418
2845 7724
2717 6263
2284 5981
2853 5730
1725 6650
1495 5255
966 7783
1642 7139
2184 5163
1972 6015
1679 6982
3063 4596
828 4341
59 4409
3489 5612
3748 7643
3041 5309
1035 4585
2051 6890
2335 7879
407 6983
3529 7149
2175 6252
1791 4396
2918 7531
176 6113
904 6097
3267 4001
465 7979
3697 5011
3637 6089
1850 4838
2438 5749
3075 7726
678 5732
632 5615
226 5353
1115 6403
2143 7010
2954 6137
10 5802
1209 6124
3883 6741
3936 4954
958 6034
3407 4006
1120 6729
635 5758
2585 4108
1284 6514
117 7862
3984 6249
2075 5901
2949 6614
208 4529
2863 4738
1192 7021
2132 6627
2715 5605
3503 4834
3628 5746
1003 6727
1164 7430
1700 4097
268 7799
1640 5340
3369 7826
2779 5031
3452 6940
2668 4137
2833 5788
2904 4637
3008 7170
283 5046
326 5950
2323 4833
3940 6524
1508 6745
1882 4479
2635 6110
3017 4500
833 6792
2156 7489
35 5619
1288 5836
2527 7431
3327 5071
558 7551
401 4779
1892 6144
1557 7441
2043 6071
3022 4301
1509 7690
1778 4957
1021 5177
297 4662
3831 6713
3727 5189
725 6240
1804 7034
1515 4559
3577 6904
1466 5013
153 5405
1541 7205
3592 6278
1707 5269
1417 5829
1355 6276
476 5736
496 6659
1929 5278
909 4029
301 4246
2972 7130
669 5227
1054 4240
2082 7938
1005 6899
325 6736
2202 7745
2312 6014
2722 4699
2873 5932
2500 5975
218 6638
2225 4654
2966 4722
628 7957
3725 6000
3413 7053
532 6800
590 4746
3047 4761
1659 4604
203 5108
255 5216
1989 5701
74 4189
1258 7891
1912 5445
3464 5594
3579 4408
839 7231
270 7296
1343 7125
1328 4910
3768 5476
3818 4243
2129 4393
1774 7418
1691 5665
338 5343
309 5848
1131 7249
2398 5464
3276 5711
2639 6388
3645 5460
3200 5682
2823 7007
2358 4546
2020 5688
70 7002
3012 6130
3210 5898
3982 7749
2308 6829
1126 5763
964 7541
1521 5691
991 4751
485 4354
1251 5478
1249 6145
547 7606
2751 7466
2224 5014
3289 6387
2322 7942
3552 4478
1571 4737
2593 6017
3545 4871
3762 6986
3043 6096
1911 6281
55 4045
2282 6050
624 4716
1099 5756
682 6804
2861 5676
3593 4752
1854 7404
2509 4222
3048 6483
2938 7294
3037 7587
416 4655
3752 5519
371 5165
1248 7984
633 6806
1518 7644
3134 5864
3130 4821
3531 7877
2207 6687
313 4518
1709 6404
1028 5289
2646 4254
857 5537
1095 7258
1908 6774
3958 6781
3717 6639
312 5313
3392 4710
3800 5827
3869 4507
747 7250
3092 5021
1312 4639
405 5715
16 7481
13 4404
3487 7664
2406 7757
132 5299
1755 4968
2338 6415
3229 6138
3449 5485
832 6422
3172 5067
3031 7467
3199 4820
367 5420
1630 6858
2478 4350
3007 7833
1447 4021
1777 4692
3515 5804
3642 6459
580 7342
940 4038
1572 7822
3822 6611
2606 7134
3300 5839
1899 7759
2643 6582
869 6006
3270 7662
2136 6796
1683 4900
440 5017
1506 7282
1386 6182
2669 7044
3861 6234
285 7591
1538 6536
928 6752
3690 6452
2899 5362
1935 5656
3622 5008
1362 5003
2239 4258
104 7739
439 7713
2267 6828
418 5268
1619 6768
1603 4030
836 4427
2444 6715
3222 4064
3774 5627
2193 5925
1159 5963
1964 6572
994 5919
102 7102
643 5193
1469 7239
3709 7420
2982 5544
2238 5742
136 5968
1016 5833
1947 4335
3085 5323
1433 5562
3451 4681
3604 4213
3357 6691
1427 5517
2357 7356
3079 4762
3643 4926
761 5704
2804 6444
1158 6202
3149 5558
3429 4469
1046 4321
2426 7961
3976 5393
505 6067
1907 6001
1930 4286
1161 6312
3483 7779
125 4086
3505 4327
882 6086
777 4759
1939 7009
406 6328
3802 6308
3893 5252
2211 5849
3111 7670
3061 6952
1633 5435
1507 7377
797 4931
3472 4294
192 4714
786 6284
3680 4170
323 4950
3632 6373
2712 6306
2417 4683
1666 4640
829 5523
2101 4277
3376 6662
2706 7059
3773 4504
1094 5094
3708 5097
2458 6876
518 6060
1399 7886
64 5055
1380 4519
197 6951
2576 6516
684 5890
3167 5909
3899 7140
436 4397
2076 5381
1149 6378
2535 7285
2212 6997
1836 4680
3792 6508
3084 6797
2251 6438
2910 5044
376 6474
1957 7582
3998 7884
47 4758
1657 5070
1033 4849
692 4864
3613 5022
3508 4419
1491 4619
3664 5557
920 7042
3767 6324
2765 6848
3561 4690
2360 7679
1374 5705
878 6383
1733 7383
2849 5109
3718 6972
2191 7727
20 6183
2108 7337
148 4344
2424 5817
105 5760
2564 4290
1928 6022
3891 4099
298 6298
2366 6991
3030 6335
3882 7858
2771 7385
1152 4708
860 5204
2723 7762
1748 5823
2539 4626
2466 7602
2710 7091
2205 5495
3397 5790
3402 6304
2009 4753
3846 4104
3781 7623
1517 6962
3133 5747
2456 5984
2493 5933
1511 5830
1552 7132
2380 4395
536 6401
2680 5772
91 6549
3623 4033
3106 5995
1793 4832
2167 4293
2159 6535
3274 6567
612 4150
2831 5882
142 7633
2871 6418
1536 6049
1387 4653
124 4685
2518 4464
3591 5899
3445 6347
1731 4657
1996 4377
3816 7546
3308 7856
3298 6930
87 7731
383 6783
3245 7519
12 4009
571 7036
3588 6386
365 4144
3147 4649
3225 5218
1704 4709
114 5463
988 6171
2485 7895
796 4096
620 7246
264 7558
2441 5482
3905 6845
1458 6431
3139 4791
3987 6626
3750 7353
3453 5126
2327 5528
413 4780
723 5668
3273 7051
2264 7968
1092 6771
3585 6143
1649 5911
3862 5054
2570 4457
3074 4013
29 4323
3421 5398
3980 4248
1047 4192
1227 7401
2560 7084
1600 6945
3949 7946
241 5560
651 6708
3203 5077
30 5791
621 5106
507 6562
3480 5149
2734 6623
1832 6256
3032 7344
3395 7934
137 7073
1375 7978
2400 6494
111 5483
1150 6770
3416 6018
767 4620
2346 7823
3755 6159
1842 4106
1340 7702
1499 7262
3871 5083
3313 7349
1505 6351
3806 6125
1298 6784
2630 5770
3691 4123
691 5583
3479 7286
978 7399
3462 6416
1184 4944
1881 4417
3128 7464
661 4802
3034 7777
3122 4431
1339 7061
2829 7567
3841 5103
2702 6877
2139 6280
2244 4095
41 7832
950 5998
3775 5958
343 7720
1847 7237
760 6439
211 5062
3959 6194
1573 5000
2482 6213
2393 6045
2799 7272
3161 4372
159 7534
3475 7421
165 5208
3323 7254
3035 7422
3311 7915
655 5400
2905 5787
3868 4789
3256 5960
941 5596
3879 4361
1966 7150
1982 5412
1109 5020
2929 6799
1744 5139
2761 5079
2410 4878
187 5844
3036 4955
381 5155
977 7621
1277 4658
2865 6471
2992 6376
259 7795
3216 7038
1658 6405
1638 7550
2468 5395
101 7698
3514 6825
2455 5185
1856 7065
730 5372
3164 7475
3431 7107
982 6965
1697 4234
1822 4085
2039 5152
795 4078
1749 5876
3966 6643
467 5694
2813 6870
1805 6937
2087 5026
1256 4698
1415 7854
3807 7006
3165 7880
2650 4597
3689 5351
2490 5371
3154 6872
2263 7156
96 6594
3239 6129
2489 7204
2847 7973
2283 6597
1385 6192
3857 5689
2609 7319
1512 7106
3115 5881
2830 5929
1578 6882
960 6699
3734 4412
1489 7889
2255 6446
813 7423
2705 4720
1829 5794
1494 7245
1210 6169
3293 7715
1421 4209
1851 4723
519 5622
3275 6326
1910 7281
1894 6051
3558 7354
1539 5290
1081 5540
517 5568
1563 5569
3277 7457
2079 5065
429 4664
3235 4094
1634 6916
1093 6478
1812 4800
3201 4188
1423 4318
3302 6059
2222 4674
399 6761
3757 4551
743 4524
3741 7649
3863 4289
666 5334
3811 7440
442 6616
1437 6678
2801 6343
271 6497
1076 6637
1740 4918
94 7955
3377 6526
2394 5346
3640 6921
3448 6839
785 7940
489 4706
3003 4987
3470 4312
296 7565
293 4888
473 5331
54 5808
3096 5847
2533 4941
3307 4963
3390 4062
79 5879
556 6029
1477 4840
7 4748
3988 7111
1807 7028
2976 4138
3930 5851
2838 5497
9 5383
2384 5807
3672 6340
2128 5883
2696 4202
803 4852
727 4793
2375 6485
2435 5576
3507 7089
3746 5803
2442 5840
1675 6762
425 6769
2233 6031
2681 4502
1720 7790
947 4643
1010 7843
738 7113
2626 4072
3913 7359
360 4057
1628 7736
2622 4190
1727 7875
1422 4410
2618 7998
3127 4667
585 6271
956 6185
1586 5624
889 5806
1233 4948
2601 7952
2758 4790
277 5234
606 5982
3582 5428
2195 4745
1346 4227
2112 6739
1970 4873
780 6300
1827 7104
953 4394
1595 5740
3666 7925
1493 7753
2291 4093
3221 6660
458 6682
1471 5142
3668 4927
499 4509
2170 7647
307 6883
2147 6794
901 6072
3723 5501
3444 6710
1485 6410
886 4725
1599 7943
3575 7396
3184 4403
3258 4827
3237 5623
2190 5072
3631 4684
403 5660
776 6856
918 5970
3772 5870
311 4352
1168 5084
1204 5491
3751 6172
3617 6195
2767 4046
2361 5545
3523 6132
2848 4613
2600 6166
433 7261
80 4250
2127 5159
3759 7397
265 4275
3810 7454
1078 5777
2961 4609
830 6929
3923 7257
2814 4498
2280 4914
676 7394
1216 4782
2914 4946
1664 4297
292 6251
2048 7667
1668 4167
1555 4898
962 5908
1693 5928
3527 6419
2381 6440
500 4493
3981 7271
1859 7400
1794 5699
2036 5774
2219 7987
1686 6176
3217 7459
3820 6267
1585 4244
1862 6967
3693 4116
2261 4990
1321 6117
2249 5249
3447 6932
3784 7256
3190 7827
128 6094
2044 7085
679 5143
2561 6947
596 5350
1041 6571
1533 7181
2209 4443
483 6121
1933 4238
3510 5042
3538 5468
2405 4449
601 6527
460 7147
865 4111
3266 5355
3224 5114
2496 4219
2556 4798
720 5264
1358 7151
2965 6542
2903 6274
1798 5674
