8000
6057 15277
5748 14311
6482 9314
6282 13576
3591 9304
7516 15823
3337 10480
4169 8083
6418 14182
5268 12481
3219 8575
4357 12737
2760 8508
692 13578
773 9185
5088 14211
2159 12817
374 11159
482 10801
5274 13443
1980 14269
6447 11128
6303 11248
4760 13146
7314 11074
758 11379
948 15982
6537 11560
1698 8431
6815 11649
7737 13236
1664 9713
4829 15856
6042 14606
1307 13197
4744 10927
4883 15764
3841 13232
7256 15033
1316 13074
3539 11270
1996 14204
4863 13425
74 8251
6626 13401
4414 8197
479 13149
4226 11514
1719 13645
7119 14590
1810 9393
7433 15179
2379 14893
7270 11680
5618 8375
2309 9850
177 10015
6635 8338
7595 12271
2604 12838
4431 11689
198 8164
1998 8985
6184 10279
7156 14666
4010 12667
137 8484
149 9603
614 8066
1105 15774
7065 9435
71 9134
3405 15946
5646 8189
4532 14799
2003 11662
7402 15109
2584 15577
6937 9453
7585 9976
6247 11000
4249 11225
4776 11002
1065 12892
1267 14876
7687 10518
4053 10219
844 14471
6352 15333
2293 13285
7612 10336
4826 14580
2579 10253
1522 13381
85 12866
4312 8643
3798 8790
3869 10984
4923 8198
3951 15893
3166 8252
3343 10069
6970 14923
7317 12086
2746 8992
5049 13545
2520 10117
511 12430
572 12744
7161 12209
5240 10365
6993 10709
1559 12854
1214 10422
5292 10577
6893 8456
5556 12536
5577 9305
1817 10607
7725 13451
5718 13442
248 9558
1523 13638
5218 12470
6100 11796
4805 14294
717 9780
3269 10561
3772 15776
1900 11968
6285 15099
3056 15588
2551 10950
7164 9944
7557 11242
5015 9909
3702 13303
2881 12106
907 8296
6207 13488
2772 14514
2088 15820
3294 14504
3054 11702
1656 9452
1312 8522
2930 15659
708 10257
6458 12754
4695 8307
3313 14299
2830 11281
1894 10836
6690 11133
3729 8919
1646 13164
6479 14508
7938 15917
4367 8486
1474 10433
5668 13396
2104 13631
2709 8234
5689 15363
5720 12486
6570 13777
1762 13605
4282 8286
2894 8149
2835 12208
7925 9425
1200 8892
1603 15320
1982 12118
6347 8599
345 11976
6957 13812
1454 8610
7899 9155
5141 14239
3978 15980
6819 8179
2280 12615
7566 8863
5227 13392
5914 8944
1704 15364
2211 8177
2673 11684
7531 10822
2730 15246
1652 11599
257 9022
4000 15665
1167 12319
657 14220
4709 12846
6730 10506
1632 8193
2345 9512
925 12899
89 10057
5716 9609
7299 15321
6902 13781
5637 15135
4710 11530
7787 14860
3410 8570
322 14486
6339 13906
1479 12662
5680 13099
4892 8707
3447 11989
2175 12138
3560 8466
5957 10562
6147 13231
6290 15962
267 9915
5628 12380
6768 8259
833 9056
609 9097
536 10558
1829 10903
6023 11946
5978 9278
5801 8020
2659 9306
7741 9989
5792 15338
2890 9927
1289 15516
2193 14164
2162 11676
1216 15041
3484 8728
4672 9377
3888 12654
3961 14052
471 10118
1616 8542
241 13653
2946 8562
4927 8768
5568 13439
1749 9443
2748 15062
5813 9967
2188 13642
7070 9047
3150 9307
5331 8025
366 10536
6301 14480
6295 13743
6426 13759
4558 13003
2888 13737
6443 14553
6944 10899
4470 15016
5376 9922
3606 15345
5949 10859
7964 8965
6411 12625
7187 14043
888 12747
7194 15903
1945 14308
1968 8202
119 13903
6963 10032
2967 14714
5807 10269
7693 15622
686 14265
7935 12635
7130 10960
5421 13523
3475 15316
6581 12446
977 12222
2654 15378
4045 12095
4032 13139
6109 12356
3675 9458
7212 8289
6159 15256
1344 15245
2802 8587
4969 9171
6172 8261
4380 9999
1164 9190
2853 12898
3002 15435
4854 12516
7813 14735
6613 12155
4663 8010
4555 15971
1120 12017
4082 13421
2707 15531
5425 13452
1724 15465
4251 15505
6152 10659
4332 15448
2199 11766
211 15439
7704 9266
1885 12426
864 10791
7855 8064
5662 14453
6063 15942
6799 14358
3925 8605
5198 11734
5545 10080
1294 9408
4078 14462
7679 14298
1913 10126
302 13772
669 11023
5059 9676
1432 9072
6606 8086
2928 11009
3436 13235
2657 8959
6320 11118
4364 13550
4232 15958
3446 12669
6359 10587
3215 13583
3823 13308
7291 11562
72 12281
2103 10729
2534 8232
43 13960
2954 12760
1178 10676
7177 9519
6659 8753
2200 10686
3351 10749
4492 15915
4308 15544
4370 8118
4765 12229
2936 14223
1736 14302
5538 10958
507 8759
3011 12954
7151 12246
7924 11126
6530 9147
846 11396
1843 8033
7896 14339
1134 14664
7181 14173
3720 14057
7834 9448
5443 10258
540 8394
6576 11912
7652 15713
4298 10434
7398 15075
6047 15552
5594 10201
5446 14283
2527 13754
7917 10746
5110 8761
684 12541
3019 14844
6813 8623
2566 15087
7481 13068
3124 13076
5468 10961
2642 13730
7872 13534
518 13382
4084 15339
106 14715
6674 9794
4155 10119
4500 10524
2370 10368
6397 14999
1269 9885
2373 15778
1647 12488
4833 11922
3530 12477
1812 9102
5787 10476
3644 11082
6431 15286
1975 15110
4968 11288
1091 15004
62 14428
4443 11881
3115 10689
1544 12707
336 10611
379 15094
6580 12561
3196 8615
2662 13374
5540 12158
3775 12140
6940 9705
534 9567
6835 8895
4231 14949
7948 10328
6749 9166
935 15728
250 11548
6797 11296
2270 14702
2268 9759
1424 9270
2093 11456
1687 13281
5916 8068
2914 9623
3886 14773
354 14599
4213 15890
1308 13948
7878 15522
4513 12116
5153 11663
1029 8870
2546 15276
4581 14295
4427 12437
5044 9878
5085 15468
152 12384
949 12868
5585 10647
805 12494
1751 8674
7584 12206
7545 14518
328 9501
2121 11032
2161 9106
4059 13214
6678 9707
5371 15975
1015 14930
678 10856
5435 14200
4160 13061
6346 9702
947 11916
5075 14688
4623 13496
893 9544
2230 11480
1847 12911
923 8784
2186 9291
2876 13465
2251 12451
7055 13300
2026 11693
4715 9090
4801 10129
494 12596
4867 8513
5195 12775
6603 10373
1201 15208
3893 14940
325 11536
6093 9993
7862 10226
1989 9189
7406 15138
7827 12903
4368 14645
1256 13807
7418 12154
2895 10306
2160 15106
3711 8541
836 15637
3544 11166
1623 8363
128 14783
6567 8115
5806 10207
7319 9003
1028 14971
6901 8859
4522 15124
3312 14427
5076 13596
7207 8536
6829 15579
3851 11764
259 14824
3969 15791
495 15967
1682 14491
4299 8537
1139 9867
1574 14866
4667 11826
425 9907
3762 8498
7117 10861
5359 10463
2038 13489
2306 15611
7960 13325
6906 13207
41 11840
1672 9101
2056 12642
1304 12033
1718 13145
383 11500
6722 15668
2192 11292
7932 15651
4838 13546
7689 9963
3123 13604
5304 15013
3731 10576
952 10596
962 14253
4283 8781
1299 8701
3789 15289
743 13503
2114 11640
705 8263
2064 10190
5971 15935
4542 14938
7217 11386
2594 10879
2462 11151
1372 14257
5200 11872
2842 13675
3470 9263
2262 14711
2530 14559
4600 10362
1446 10244
5102 14333
1624 14763
6825 13697
2818 8270
2257 10029
6864 9774
141 12309
4378 14479
6175 15420
5019 14386
4366 8365
6919 9098
2915 15847
203 9499
6166 15960
6375 12589
1218 15405
4203 11250
4982 8847
171 10009
340 13486
5640 14180
5641 11851
874 8821
4790 10790
5140 15265
5495 8505
1528 9714
2384 9675
3638 12132
4525 10025
4813 9546
2210 15862
7774 14484
412 14421
1804 9777
3223 9754
1502 12909
7068 9009
4415 8034
2871 11767
1819 10414
3896 8718
4658 9390
6314 8758
6221 12402
955 14840
6276 10781
2941 13258
4190 11108
4279 14877
4894 8780
2357 11349
4019 10642
2806 10235
2106 8423
3679 14398
7945 11125
4207 14734
2444 11723
4412 14346
4652 12933
7520 13600
2389 12102
4255 13520
822 11304
4922 8361
4375 14098
6215 9391
4756 8142
473 9948
282 11776
127 10475
4348 14368
1004 8806
5191 14509
3286 9040
6741 10875
3427 11591
3740 8907
2498 15485
6032 12040
4761 12696
4228 11113
1161 13013
1062 11269
7845 13612
1452 14842
2781 12223
6281 14585
2137 13100
7596 15566
1964 12762
970 10976
408 8729
3467 9378
3704 11198
7100 8717
4919 14250
2655 11566
594 9997
4307 11335
4541 13383
1633 8169
4535 8227
576 10251
281 12705
7214 14420
3683 12739
3529 12554
1268 14527
3377 10076
218 8325
1355 12523
1484 14587
4688 10376
1934 15441
3562 9240
5649 13091
4736 14435
3138 12002
6826 9661
5587 10741
4661 10529
2214 10664
3557 14641
108 11027
6459 10277
4622 10595
2225 14879
1351 8451
3751 12009
3148 9741
2405 13023
7791 13255
2168 15506
5987 9330
7252 10234
5989 15191
652 10977
6684 15120
7809 13783
5101 8695
80 11192
7411 14659
2296 15986
993 8424
5881 15298
1524 10122
6711 12487
5291 12844
1361 9908
5415 15267
6313 10228
4881 9699
578 9856
6854 13544
6670 9203
3863 11177
3373 9523
7152 8213
3327 13447
7658 14682
7488 10404
5451 15715
3510 8722
5655 15868
6142 8474
7427 14752
2999 14017
7349 10315
585 12692
5498 14642
5608 8746
5532 13718
6163 8651
6182 15696
4886 15970
7431 12684
4247 14301
67 14276
4523 8721
7790 13765
1951 10959
506 13213
4200 14143
6439 12814
2190 11425
113 12450
4309 11224
4280 8771
7671 13584
4044 10684
3777 13073
3231 9001
2983 12248
2848 12135
6660 10140
6852 9513
7354 14445
1814 10016
7984 11595
1916 11055
4424 8622
7258 11600
5386 14627
7793 12215
7160 8256
3615 11385
2173 8724
2400 13088
5097 13908
3216 10026
5901 10042
597 10940
4976 11219
514 13184
4396 15894
3421 9244
3463 13548
69 15422
3610 8329
5428 13761
6137 13011
2355 10731
2414 10272
1636 10544
4240 9065
1012 12373
7047 15997
6667 12142
3797 8592
3276 15707
703 11466
4579 13879
1521 8267
1471 14152
2341 11058
6593 15183
6213 11626
4948 15834
1759 11446
2423 10083
3423 11232
4362 15359
2068 11001
33 11557
7362 14985
6273 10205
6227 14983
5790 8520
6311 14560
4011 14404
503 11516
6381 14397
3308 13650
6318 8951
5182 8406
7376 10877
3070 10109
1773 12585
2319 15133
3473 12515
1903 12270
1319 12045
2963 15499
4687 8453
5157 10290
5544 15197
5990 13479
3655 14247
393 13294
4476 11413
2354 9914
5004 14831
5167 10792
6865 10548
6976 10900
1433 9750
581 13475
812 11894
7483 14467
7867 12120
4762 10000
5354 10835
6697 14410
268 8984
1546 14685
2508 10276
4075 15646
1360 12893
2540 10776
4940 9829
6191 12371
3383 15675
6995 9186
196 15367
2747 12480
4296 8283
2703 8911
3976 11867
7370 12647
2800 13434
4436 15747
522 10435
4678 10912
5413 15569
5843 10420
7209 10931
3256 8819
6342 13162
3739 9320
441 8114
7926 13131
3657 14134
1969 8136
2687 10216
4297 14382
768 8873
3850 9650
4468 12513
5745 8936
1054 12008
1852 15166
3161 14500
5482 13096
2142 12103
7506 12193
2516 15538
6822 11357
7054 10937
6634 8982
5761 10652
3107 11724
7422 12124
771 11478
1677 10493
5831 13789
2102 10337
4339 8439
7893 14742
2605 11479
2146 14519
6724 13379
7962 14632
6070 8538
3261 10547
5962 14932
1021 14272
5868 11397
3810 12272
638 9799
3233 10073
275 12930
5493 12340
1803 15977
7928 14913
2438 10466
5954 13080
3140 10716
7514 12294
1671 12675
7702 13681
1048 14620
6304 14633
710 15845
6897 15216
157 12613
7854 10454
2401 14939
3206 14755
1758 10393
3251 8653
4376 14439
2344 8579
6887 14798
728 8337
7227 10568
318 12694
1614 14138
3907 15949
1899 10935
232 11545
6158 9745
277 13977
5694 15814
227 9194
6971 11879
6440 13636
825 14584
5621 11263
4745 12369
4845 14691
1566 14855
1240 14460
1241 11326
5366 13228
700 10851
4617 8691
4836 13507
1106 10045
3972 8794
3897 9412
5613 9795
1845 14284
3271 14127
1684 10887
3160 11670
6805 13275
7597 12865
2227 14805
3667 12211
1889 9271
4087 10918
2684 8956
2445 9343
4405 10665
6292 11652
6181 14567
4264 9119
6632 11460
4821 13339
443 15503
5301 8332
6316 9210
2971 15645
251 10484
5165 13831
4907 14168
3792 12321
44 8914
4211 15825
5188 8383
2139 13901
2545 14964
5455 13738
6676 14185
4604 14482
1711 11109
1365 13395
4713 8696
5184 13253
5904 15735
3918 8106
2431 12547
6857 8085
5861 11659
7215 9969
2287 8322
3314 9890
7248 12041
34 14672
626 10646
384 12580
1485 15978
4734 14739
389 15398
5332 11980
1087 10264
3977 13581
7081 12128
1530 9352
6098 15772
1731 9148
7023 13181
1142 13984
1702 12358
3461 13335
2047 8909
6788 13406
841 13318
7490 15663
2509 13498
742 15122
6891 15042
3265 14275
5294 14144
5480 12935
6029 15172
7111 9520
5150 12841
1211 10535
975 12522
1877 12418
4241 8555
7378 11974
6542 13132
1031 13924
1576 11644
11 11243
4584 10905
6014 12629
4649 15858
7031 14945
3913 8411
82 10492
7947 9132
5404 10978
3623 12936
4382 13456
6117 9941
7698 11846
1597 9806
5542 9658
244 11028
5639 15353
4691 13414
3245 8514
331 11686
1340 13623
4985 15720
950 11513
7034 12067
4593 9444
3742 11836
6296 11381
7364 15149
7409 9687
7344 9739
6929 11725
6924 8797
1375 11939
7460 11013
1451 14647
5510 9349
3643 9067
7762 14841
2910 9841
1486 14327
3753 9709
1051 14084
7099 8772
7267 13780
7335 9979
29 12263
4372 9384
1332 9689
7308 11421
3016 10971
1237 13874
4983 9894
922 10273
7905 9354
2017 13049
3796 9474
5215 10881
5972 11399
7021 13785
5466 8645
5782 11289
5732 9000
552 14206
2959 14387
5717 13412
6566 12050
4061 11341
7300 11435
434 8146
3134 12581
148 15596
4146 8052
5193 13886
3836 11085
4817 14607
4986 12442
2427 11048
4253 14106
5920 9162
3838 15535
5398 12990
770 13340
4586 11501
6208 11036
5080 13591
3892 12090
5955 10517
1032 13367
1513 8172
4454 9328
7914 13527
3420 9149
562 11742
1258 15200
6877 10946
2477 8129
1549 10149
878 13064
3757 10040
3769 10703
1605 12417
3401 12433
4103 9074
1047 14205
2451 15350
4144 10919
5070 8341
787 8815
5697 8546
2696 12227
5896 14548
5133 11625
6782 10206
159 15151
5690 10461
5068 15337
5185 8991
7170 12089
7519 10169
5958 14066
463 15229
2603 8433
12 13287
5634 15174
541 11618
2254 13577
4335 8368
2362 13410
2882 14370
5329 9779
5321 11216
7175 12292
4965 15855
6403 12577
5256 11765
86 13428
3588 12109
2392 8420
4012 8875
1791 14530
6892 13688
598 12097
2503 8921
7086 13778
7080 10628
3184 8752
6265 14000
2610 12220
983 14784
6067 13828
4245 13611
2907 12664
61 9481
3646 11463
2526 12583
3370 9564
2897 10388
7336 15585
3687 13390
4161 10891
7844 12678
6719 11948
4987 8500
5166 9606
5464 10671
225 9486
1787 12764
1679 9465
5065 8678
1869 15716
1023 8813
3336 14054
5985 11820
512 8182
6663 10698
2515 8904
5202 9441
1892 10762
3536 13923
1119 14065
7630 8250
1650 8857
4702 15403
3039 15704
6233 10688
3049 9742
3289 8918
2900 11433
4445 13217
6909 15309
4768 10338
3908 13289
2018 12130
6011 14807
2859 14230
7880 14001
4831 8860
493 10866
4055 12657
2960 8838
6750 11022
7269 12713
7204 15116
4331 15315
4475 12224
5018 15356
2050 15644
567 11309
7660 12999
1557 13502
1163 12719
7690 8354
274 8396
2054 10175
5177 15221
3116 11046
5417 14260
167 12610
2721 10055
7936 13699
7621 9071
1231 10310
6579 15612
7309 8617
2263 9614
7540 14191
7082 11933
4416 12600
1555 14447
5288 10634
4337 15682
5234 11923
1950 12400
5588 13816
6487 14157
3008 11864
2862 14179
4629 11347
1121 8187
6731 8204
4950 11090
5526 14778
7042 11673
130 11965
5531 9538
3899 8774
1363 15990
6006 13283
7681 11534
7591 10065
6274 13668
7961 15454
6846 9255
351 14598
5993 8836
1607 14992
474 9644
4956 14588
5508 12262
6996 12198
2465 14280
3073 15322
3038 9500
7313 13477
1335 10030
1476 15148
6345 8600
7420 12260
7718 9375
4135 12401
5306 12407
4895 13655
4939 10710
6509 14006
221 8367
5696 12234
7833 10027
3710 13602
1674 13458
3170 10800
1901 9078
7253 13320
1184 15297
2128 14663
402 15920
6049 11493
7095 9039
6913 9006
3036 15009
7298 8053
4696 14833
1930 12302
2680 15961
3773 9524
6228 8510
3922 9131
7220 14878
1197 10160
4717 15293
4803 15988
7383 11257
3346 9615
4848 9626
7202 12344
3319 14088
4721 11582
554 14070
6498 11575
7593 9224
4566 15797
5276 14610
5743 11858
3843 13177
3634 8472
1439 13846
685 14603
5513 9163
1467 10667
6920 15136
4979 15093
1333 14935
1741 13022
3288 10520
7933 12436
3158 15882
4127 10880
3362 13646
2993 14569
6872 10797
4131 8730
6806 12414
7296 12683
1586 11011
3004 11708
7614 9936
4202 15139
7920 10802
3943 10910
4839 15427
25 10557
7967 14059
2349 14670
1554 14677
5604 10911
535 8968
900 14355
1462 15019
2832 15940
349 15092
7414 8138
954 9172
7556 12766
1070 9369
4553 14719
5277 11526
6511 13168
4759 11786
6350 8400
4192 12603
5357 9161
7394 15348
1932 15955
5580 9763
7950 12285
7616 11733
2125 8901
4557 14377
1564 8962
3575 8063
7318 15035
4804 15486
1905 13497
719 11913
3480 8564
1329 15702
7897 14644
1068 13043
5522 8719
484 11395
3982 12607
4575 15182
1978 14526
1771 15528
6409 11803
4421 14503
1186 13247
3153 11937
984 9701
2421 8156
1067 10189
1868 14549
6661 9990
7324 14036
2982 11207
6323 15184
1891 12096
7889 12756
163 11247
763 12250
7115 8415
4676 12943
2116 9091
6555 9037
4101 12727
2112 9365
4989 8783
5976 11402
1013 12915
7619 14330
6134 9226
5754 13056
2980 10266
1678 14529
6698 10673
7954 12074
3207 15584
1713 10271
5253 12947
3254 11470
4388 12490
6594 9048
1694 15523
7850 14741
4452 9849
4390 11449
239 9690
4450 13703
5766 8931
1786 10084
5224 11130
5205 14830
7957 14266
3236 15407
1882 10314
5209 9965
5883 13904
3239 14745
5671 9625
312 8274
5038 14706
7232 12991
4179 8953
5871 14197
6101 13326
6333 13974
7188 9333
1284 11991
3901 10638
850 8443
4724 10058
4898 13368
3279 13755
352 12659
4781 8785
7713 13256
6422 14292
2409 10245
1563 13978
960 10754
4551 15852
7505 15238
6099 13590
4856 10632
5599 15026
736 8572
1213 9229
1896 10168
3598 12568
2810 12698
200 9449
5966 9691
3765 10302
6848 14505
2708 15003
6779 9792
3432 13919
4528 14753
7941 14673
81 9122
385 13873
3267 8804
386 12746
5816 11593
1447 8195
6222 9639
7956 9995
5031 14176
1157 11454
4811 11564
1169 13334
1681 15318
6718 9488
625 8545
1686 13084
1491 12993
1342 14543
1352 13225
3616 13518
4324 15254
1292 14917
4292 13955
4539 8412
4808 9586
4978 11861
2525 11411
3157 12726
4359 10218
584 13269
7529 12032
3682 12565
2390 9975
1594 11124
1870 9757
516 14972
4369 9029
5439 11221
7501 14861
5897 12422
2202 15837
7128 12482
3915 8682
5691 11877
3937 12869
7885 10876
3301 10719
7539 14448
7040 11465
2794 10232
7056 14381
3031 15887
4273 13327
3469 9260
8000 15168
4417 14564
3983 10412
6898 12597
7985 11408
4038 11286
3408 12691
7046 10449
7694 11749
6488 8995
5923 12742
4365 12616
4967 12275
3514 11656
6139 10437
5146 8684
4931 15089
4304 9182
7861 8210
6949 15876
3963 9036
405 10772
4681 8764
56 14502
1974 15916
1884 14576
4039 11419
2105 11008
6009 9462
5945 14268
583 10869
5678 12225
166 9968
5687 10550
5107 13954
3574 8937
273 8569
2267 11918
4261 11024
7343 13843
2170 8018
7050 11383
2720 9300
696 13821
5370 15083
1827 8170
4037 8019
5778 15351
5817 8810
217 14811
4434 14433
491 8147
6086 15411
3563 15211
5 11981
3668 11140
3287 13224
6926 11041
2415 8416
1434 14785
3146 10213
4769 15426
1921 9208
245 14053
3085 10723
1302 9483
134 14652
3579 11904
2600 11885
3057 10706
1290 14237
1565 12444
6357 12153
6193 9046
5630 14350
4504 13430
559 8631
7884 14989
4218 12779
6710 11185
2590 15631
3220 14797
6592 8027
4634 13157
190 15771
5444 9311
3325 12592
5940 10775
1285 11431
1612 12965
5156 14871
2085 9549
4379 8265
1140 15653
1438 8379
5624 15963
2596 14328
3130 11781
7631 13385
360 13462
3021 9791
1919 13170
2331 8074
6880 15842
2024 14317
2037 9565
4028 15625
272 12555
1288 13331
6252 13422
4913 12473
6715 9464
6699 12741
679 15005
7211 12069
2846 9105
135 10658
640 8535
5704 11280
6885 9551
2933 15878
6150 8201
4729 9637
6759 15399
2537 12166
6229 10750
5918 14581
662 8903
1835 11273
339 13950
4465 12000
7183 12526
779 8253
5517 10672
4432 14062
5889 13472
1823 13400
3917 15688
6434 12822
4132 14170
5089 15360
5230 12110
3630 14628
3766 9671
3733 10893
7237 10786
7726 8565
5859 14316
242 12313
4633 14312
4355 8159
756 15143
1371 11222
5247 10323
698 11129
7345 14366
2238 14533
5915 11182
2974 15144
6330 9846
5543 8710
2177 13537
4406 13528
7371 14829
3210 15762
5711 9832
4810 13480
4793 11311
3494 12968
16 13592
828 14415
973 11283
6272 13323
4997 11720
2132 8070
5438 13627
3617 14367
3369 15937
1640 13866
1177 11718
2700 11437
2643 14296
5789 13695
6052 10409
3698 9769
4606 14244
6600 11924
4269 11345
7579 10193
7399 10680
6337 14131
3479 11665
6558 12179
4798 14602
1761 14425
7186 8427
753 15867
5786 11056
2393 11266
7776 15401
6621 12291
4618 10176
3250 9996
2228 15397
3856 10380
1128 14291
359 8490
6037 11628
7895 14994
5558 11868
1520 9595
641 14169
7287 10942
3547 11063
4924 13682
1499 9151
4536 10107
5667 8649
5821 14345
3098 13272
4323 10837
2573 11510
4777 12457
7881 14020
4243 10147
2446 14406
943 12660
4187 8966
2560 9708
1206 9416
1093 12181
7821 13155
235 11797
1295 15412
6617 11012
3726 12758
4732 8435
3781 11476
2791 9173
3932 15001
5221 10509
1552 10589
381 8078
5423 10424
5631 13854
3875 15416
6113 14389
2243 15036
4237 15738
1783 15809
2488 15177
7010 14998
988 14883
2155 14954
7635 13517
711 9339
7759 11769
4091 12777
6040 9081
6545 14600
7824 14476
5239 8917
6423 12674
5706 13626
7271 9141
6587 9727
5481 10847
437 15909
6725 8788
3 12641
150 11657
4050 14281
487 10980
5986 9247
5447 15495
3064 10560
783 10333
5340 11759
5152 14749
3212 15957
6398 14704
2905 8462
295 8410
7457 11193
4788 14705
5098 11561
3852 11598
2455 9530
3506 11865
7848 11683
5514 14767
13 13341
646 14887
5864 11823
3176 9877
6981 13105
2805 13069
5389 9178
4472 9366
7751 13492
3081 9503
2439 11426
3589 12278
940 8335
5606 13239
3263 13292
2217 10247
1179 10155
5255 10572
6026 14201
3345 9683
927 11029
2075 15650
6237 8393
2369 9215
300 9743
7533 12953
5259 11932
759 14018
6998 9447
154 12238
7307 8646
2867 13501
5465 10745
2311 11101
5956 14790
1994 13277
4970 15502
2798 14595
3106 9715
7135 14449
2650 14903
6477 10953
7574 8163
2463 13555
4383 12904
934 12178
223 13286
3347 9962
892 15225
6859 13140
4266 13712
3262 9570
816 11316
1858 9803
6980 8190
1572 13914
3793 8532
7542 12468
20 14572
7993 14361
3399 8399
4033 15028
5970 10223
3290 13063
6693 10892
1262 8352
5094 10627
6073 9816
1348 14187
739 12724
2826 9555
6353 12439
1036 8805
4524 10793
1914 10354
3293 12390
3580 14229
1072 14033
1219 15889
4878 15605
3549 11837
3939 12757
5002 11487
2598 10655
109 10267
7553 15554
2454 15826
894 10460
7874 8245
6810 10312
7242 15252
4467 9032
5034 15169
1538 13620
2669 13680
786 11403
1764 8426
3032 11050
1816 12969
639 14675
5650 14537
1297 13309
7894 15788
2339 9937
1082 12926
6975 11006
233 13087
2154 10987
4387 12637
2466 10112
6374 15048
6739 13380
6203 10769
3700 13304
7403 14864
2780 15288
4917 14697
5282 8268
7722 15757
6492 11092
4662 10948
6729 8428
1942 14646
2222 13387
2360 11573
6244 10511
1040 8065
3067 15948
5026 10501
5057 14970
4595 13893
3642 12239
6533 8697
5829 14669
4903 13474
3942 14251
725 11073
5887 11256
7733 9685
1578 12079
7059 10842
1863 9385
10 9731
3734 11617
305 13233
6312 15496
7910 11710
6551 9781
2153 14523
959 9273
1275 15230
1313 14195
7836 8641
4143 12311
2343 9160
5775 15923
107 15943
6024 15671
4438 12093
525 13830
3885 11262
1541 8506
5383 14746
858 10088
7077 14183
7105 15371
6401 9142
1793 14776
7009 9370
6611 10907
6180 10294
98 8154
6984 11114
1825 14978
5930 13988
1472 14193
7351 9135
915 9399
2437 11772
2356 11047
3799 9589
6679 8312
2107 12685
1389 12091
695 10668
6243 15375
7067 11107
586 13690
6039 14441
651 9381
2322 11253
5499 12503
3194 10019
7684 13920
2940 12330
7062 15205
5448 14769
7980 11616
7361 12611
2489 11554
2090 11717
5093 14007
6967 11988
6074 10443
6716 13639
3203 8832
677 14360
5001 11145
6999 12237
595 9858
4488 10482
5541 11099
3873 12419
3677 15011
5467 9957
2975 13354
4559 10832
7968 15414
4051 8231
647 13519
6436 14525
5533 15015
4718 13806
3350 12791
7536 10240
4413 12964
3266 14891
238 12862
6992 11990
6871 11627
2069 12157
6253 11438
7416 14068
3414 13506
283 13757
291 11605
1264 14905
1639 12851
104 14681
4866 13018
1247 8998
7223 13849
3240 13940
5163 10690
2189 10604
103 12736
206 11131
1742 10231
7605 12048
5546 10636
2583 13752
5328 15173
5926 11818
170 12955
3438 14456
7456 15539
1708 13610
7562 12054
5548 10327
3086 10936
4614 14757
5876 10444
4140 8580
5795 13270
1685 13487
4787 13467
500 8690
4554 12815
5895 8180
4588 9041
2101 12449
4093 11646
3391 15619
6620 10366
3035 11931
3229 10152
2218 8744
2453 8731
5661 11992
2695 15415
5007 11367
7913 10289
1010 12151
3192 10926
4601 13707
5394 10805
5069 8668
4439 15546
5944 15816
835 14914
4716 14014
5159 13543
7304 9910
4173 9599
6254 10485
7167 14605
1920 13990
2825 9140
4778 15589
5793 11430
7280 9740
3092 14135
5322 11701
5898 10925
5853 11290
222 12948
3553 13469
2491 14953
3695 14873
2918 14931
2156 9939
3552 10538
5768 14049
3904 13037
4930 13921
7453 11559
7639 13793
7468 10768
5758 9522
1272 13613
6765 15082
2259 12378
527 15924
6664 12461
172 15270
5399 11666
1323 14337
2323 11343
4782 14357
2468 13201
3355 11303
5132 9533
461 10479
3379 8364
5012 11682
611 13562
845 10500
2668 10944
3548 13048
2872 13764
1979 9562
4448 10860
457 15292
6616 15153
316 14159
6259 9347
1137 8133
4064 11142
7903 9302
6493 9982
1581 15586
1615 11489
5557 11706
7852 15635
387 14090
2829 14443
2670 10539
7765 10685
7715 10621
2229 8713
3884 9785
1166 10873
5572 11014
181 11660
938 15580
6216 13358
3152 12298
5474 14167
2698 15100
1985 8023
6414 15802
3586 8294
6299 13938
3864 8566
7279 12070
7379 11442
7753 15547
6471 8060
2562 11687
5767 11228
2314 14440
7830 14991
3989 10742
1011 11054
7636 10187
7769 11091
5090 14402
5460 8976
2236 13245
4222 15513
1663 8812
3101 12525
5919 10044
1198 10757
3182 9053
7858 15717
4373 15146
4518 8334
1328 9582
7171 11211
1596 15891
4464 9005
912 10099
1243 8755
5886 13716
3278 11777
1709 15161
5818 8304
6712 10062
2574 13792
5975 14975
185 11812
5892 12489
125 12621
6173 11375
6395 13819
681 14340
2207 10827
5762 13514
5563 8620
4657 14634
2020 8526
439 12053
3059 12412
6466 13850
4598 15561
969 15268
849 14791
3344 13426
6672 10738
4571 12300
1100 9199
1456 13113
990 15361
5851 10678
6338 13222
1110 9297
6291 15175
3800 9542
369 10130
6504 13991
2338 14510
6356 13569
3569 14008
4490 9787
4998 9761
2956 9096
3764 12604
4643 9528
2303 10809
6903 13490
123 11057
5136 9126
1229 13012
5928 14684
5622 9554
2653 10531
5129 11606
7027 13571
574 14303
5147 11416
4583 8097
7749 11314
3671 9925
2640 15396
7656 14242
6807 10259
6298 9576
5708 10363
7669 8981
3528 14625
4943 11491
4770 15119
2071 13751
26 9212
7400 9541
7601 12139
4088 9460
2087 14219
7053 15383
2288 10945
6425 8933
4859 13060
7149 14270
2948 13093
2169 11727
1413 13891
6651 13444
5363 11331
6604 13628
5839 14551
3061 14304
1550 9733
7236 10158
2458 13153
3051 12147
5692 8391
6882 10812
6168 11632
2521 12988
6595 9953
6116 15188
1027 15193
204 14698
7038 14093
7820 11690
6546 14870
2902 9842
3803 11081
5740 15993
5719 12906
1210 14828
499 12552
1507 13183
1583 15871
4767 10010
5726 10579
2418 12765
5674 11297
5233 10570
4220 9497
3364 12882
2820 15418
5360 14332
6624 13890
6888 11705
6064 12207
2945 11215
7216 12123
2294 10943
5337 9852
3302 8414
550 10101
4205 10694
1377 14993
7381 15768
1130 13250
2843 12131
1754 9938
6115 12799
3686 12005
394 12673
3306 13186
1601 8801
5509 11279
3489 10924
528 10624
1878 13559
6531 8370
7727 15965
4893 13649
5231 13756
6647 13934
2395 11147
837 8302
7576 12853
2274 10377
4597 15131
6681 10748
6830 14380
7600 15187
7356 12014
3927 13163
3694 15721
3912 8679
630 13747
6424 13936
7710 13705
7701 15708
303 9254
6241 11790
811 8441
1469 12928
2078 8897
6988 12732
870 11189
1408 15052
497 11394
1661 12572
7484 10574
2232 10505
5779 12598
2419 13860
6964 14695
5879 14902
4168 13995
1696 9344
7368 14575
5654 14190
462 12127
2522 8448
1058 10297
4486 12668
294 15779
4531 15666
3582 14463
3499 10947
7477 12809
1560 12951
6106 9213
7755 15237
5669 15165
7233 15573
6133 12060
5625 8582
2402 10329
2852 13306
3920 11443
7700 8276
5214 13077
4426 13391
6294 9678
1738 9353
3627 8143
2413 9789
5279 15408
2724 8765
4512 8499
5317 10157
246 15680
3003 9855
298 10644
6370 9432
1060 10504
6650 12788
5834 8284
2261 14472
4646 15103
4543 10438
362 12492
2029 12307
5344 11258
3490 12557
3748 9574
2919 8075
2674 13403
1064 13167
7995 14570
3205 13552
930 12466
4937 14608
767 11726
6789 14039
5492 11907
4640 9027
347 9808
7346 13030
6911 10039
5476 9218
7622 8639
3120 13994
1965 14437
5933 15386
5553 15388
3825 13791
5567 15669
3520 10378
2924 15317
1716 10204
4738 9651
817 8340
3592 10239
5808 14477
1441 13032
186 13359
4209 10003
7842 8964
1465 9932
2608 15171
208 8848
509 13264
827 10491
3902 13351
5565 11910
4936 14943
6156 13805
7886 15677
755 13775
3044 9548
690 8789
6463 9313
2022 15996
7282 11096
4138 10007
6240 8861
7326 9368
4752 9945
7035 10850
7672 8492
5127 10063
2570 14464
3445 13953
4507 8675
3692 11087
4026 12773
7546 11978
6004 12460
4806 9726
3857 12046
6649 8525
863 15655
2504 14906
5251 8927
6368 12395
4703 15610
6094 13332
3143 8047
7819 12693
2317 12087
1937 15472
197 8544
2582 9100
6387 15908
4263 13386
2664 15572
430 9951
3328 8200
6573 9220
2076 13717
7367 15212
2443 9020
1946 9839
6051 11985
5229 14825
2686 13932
6686 14810
7712 12560
751 14542
1034 11469
1769 9264
7777 9251
1562 11382
1867 10692
1378 13329
4328 12627
2067 10339
6068 12829
2171 15686
2795 8455
2255 10617
3483 8258
7436 9563
2821 9018
1926 12545
6733 9553
3009 11359
5066 11809
5729 10156
3532 12469
1526 9424
4343 12702
1558 11699
2552 10439
4639 10089
1627 12022
2666 12337
194 14051
1003 11338
1114 8597
4779 12072
2089 8581
5946 14432
741 12464
4902 8929
658 10311
4 10011
3911 11636
59 13794
7746 12073
6843 13108
6965 14713
3041 8087
6188 15614
2299 11371
4791 12188
3237 12445
4849 10788
6251 10361
533 11070
1908 13858
4499 11310
789 12458
7555 13535
179 9983
1794 11217
4021 11944
966 12221
6179 10303
4934 10246
790 9640
4389 9886
7380 14678
3164 15034
7413 10519
903 8493
3814 13554
261 15689
2679 11313
2903 13905
7567 15543
4757 9183
338 15130
5117 14160
3247 13461
3791 15525
4520 12257
909 11753
1009 9494
754 12359
3934 11743
6007 11173
5803 12259
7276 8529
5828 11997
2856 10774
6421 10035
3162 10340
3568 9019
3618 13875
5232 8447
6939 13180
3723 14012
5776 15654
4256 15603
6870 9257
2701 9536
6077 8835
5236 8880
6836 8463
6486 8884
1018 14362
6770 14199
4293 15096
5179 12880
3181 9883
3811 9476
5050 10406
7780 9991
6591 8601
7385 11576
2757 11958
7103 9262
2147 13634
2091 14492
423 8458
4385 13436
4942 13658
5511 13121
397 11552
3581 15500
6582 13882
4686 14188
629 12314
3111 9360
4480 15652
7734 10036
2756 11635
6369 8604
5693 13500
1802 8795
7185 10885
7168 15370
6138 11319
1046 14161
3459 12569
2099 11134
823 12550
848 13677
5122 8974
813 10038
7297 10450
2149 8666
1888 8471
4741 11168
5648 14061
2011 11323
1050 10815
2644 8125
4394 14388
1943 10402
6540 12122
4834 11951
2359 15912
3474 11808
1828 9357
6214 13536
7680 8473
1404 12510
7904 9406
3601 12065
2647 9319
4171 11295
1132 13369
3930 12508
2796 9034
3238 14786
5391 15071
3609 15192
670 10605
3948 12399
4262 8858
5385 14029
6178 8120
5286 11959
3826 12405
4310 13852
6028 15853
5164 9732
5062 13118
3126 10773
4993 11084
3895 15846
5730 11698
7521 11920
7306 8853
228 9865
2242 13949
2327 10896
7197 14692
4003 9219
1871 10220
5902 8607
886 8215
3595 15498
6331 12497
278 9014
4077 14024
6914 15798
2021 13364
6609 14990
2048 15959
6945 9241
2366 11414
6629 9552
7421 11654
413 15607
1 9451
5456 9258
3105 10846
2213 8775
2264 9893
3226 12548
2557 13586
2855 12434
4083 12831
3385 8630
3047 15061
7331 10483
54 13827
7625 15076
2744 8503
7659 11794
1273 10840
5403 12857
2943 8867
842 11206
7847 9083
201 13892
1343 14770
2609 13616
4928 11499
1078 9851
3527 10335
7515 9633
4850 11409
7043 14815
4654 9572
4460 14650
2012 11436
3945 15080
2336 11895
5593 11415
2396 9531
3485 10309
7002 15634
7093 12768
5947 11175
3155 12438
1066 12475
4511 13259
1613 12386
579 15464
3017 9736
1618 15160
2184 13698
7887 14023
4505 14373
2728 14987
7731 13033
6383 9364
380 15685
807 13117
7723 8559
3303 14394
5396 11671
5115 9421
2723 12104
3020 15279
6056 12535
3830 9397
3178 14324
2884 15190
6627 15458
3142 14847
4234 11203
6372 11051
4139 8818
438 9329
1309 14395
1338 13319
761 9025
144 11892
6001 15460
908 10914
1037 13575
5924 9245
4563 10874
4286 10423
735 15529
3894 11370
6658 13312
6881 10353
1291 15088
6646 14775
3076 15433
4669 13449
1995 8680
6709 9560
2892 8014
151 11238
5436 11179
951 13525
4461 13178
3213 11306
885 9376
1933 10848
2641 11184
6507 8421
2556 15490
4294 15621
757 13298
2158 14536
4162 13176
1675 9617
958 14208
5999 9575
4792 9315
5523 14045
5980 14936
1883 11144
4342 12981
4060 13137
2887 14638
2591 9547
7717 12761
5942 12649
265 13784
1382 15684
4980 9060
6332 14754
2131 13889
3477 9897
1368 8223
4926 13813
1808 14015
6448 14737
3272 8971
7106 13635
4772 15369
2248 14862
4384 12144
929 12500
1768 12875
4361 15302
7430 10717
6380 11098
987 9568
296 15275
5921 12771
4344 12612
2082 11577
4972 11833
5823 12752
2292 13521
7084 8319
1539 12297
5045 9093
7818 14566
2015 14081
6003 9017
2033 12634
933 14321
1610 9896
7811 10691
6072 13119
6734 9198
110 14597
6154 9672
6083 15765
2308 15630
1970 13667
6541 12912
6989 11852
4181 9052
7779 8122
3759 9527
2616 13313
70 15381
748 12919
7295 8208
4844 13740
1414 14095
5738 9569
324 13125
7101 9279
1788 14032
5318 15128
5560 12233
2460 12026
4521 10641
1324 15273
7729 11528
3545 10760
3722 9580
5484 10884
7250 14908
4321 15374
3971 9299
7263 11252
270 12521
7511 12743
6497 12979
1026 11789
6329 9773
7030 12633
1508 10296
17 13930
1282 9758
6728 14817
2097 15787
6832 14400
133 11122
6404 10549
5950 13956
4451 14214
4017 11866
1897 12280
4683 12334
5491 15178
5702 11488
6123 14171
6979 13594
96 8657
3121 11200
5794 8022
635 8850
1853 15763
1117 10356
3109 12790
1123 12887
4880 8206
4281 8128
3672 9233
91 8778
3743 15068
5838 11019
3853 12296
5384 8194
139 15661
7646 8287
580 10301
1147 12578
769 14724
1954 12030
7559 10182
7283 10196
496 9813
1044 12681
2428 11954
794 15973
4178 12253
7949 8531
1234 10810
4723 12080
5507 8700
7599 11236
1842 9293
6017 14429
6956 10995
5030 9228
3001 14772
3931 15272
996 15431
2167 14979
7919 15249
4290 15865
5135 13347
1305 13324
1207 8627
4879 14414
280 13276
7651 10938
4526 15899
7911 13959
1792 14067
3965 13587
3465 15313
3089 15698
1022 14911
4567 9177
7530 14351
1427 13685
6441 11730
871 9550
7523 12341
3770 8824
7706 14622
102 12632
3790 8349
1872 9405
3512 9383
3318 11060
2697 11162
6192 14853
4392 12827
1202 15722
6340 10141
2568 12505
183 8770
6102 10191
2985 15956
2787 9394
5961 8168
6322 11075
3466 15804
4214 11890
2425 9796
3341 9973
5578 10174
5377 13407
5647 14234
1895 10448
5043 15930
6908 9298
7472 8035
5303 11791
5024 15866
6377 14880
401 9011
2738 10445
7240 11031
3964 14834
5739 14233
6217 14444
2839 15108
4254 14086
6933 14909
2060 14262
6478 15201
4137 11517
7963 11722
4962 14353
3024 8336
2483 13240
2039 12914
4036 11886
492 15129
4885 10573
2807 10510
6378 10955
608 9753
7720 14322
1165 10575
791 14318
1041 10115
5969 13833
3919 15447
5590 11828
207 13265
1638 13758
7707 11822
600 14329
4197 9717
1688 9284
3779 8317
1387 10082
6473 15617
4067 10487
1936 13024
1887 12910
654 13710
7512 15025
6565 9645
1042 15537
3315 15896
7347 12377
5698 9959
3439 14916
5309 15163
2995 8993
2764 14910
5388 15578
1490 12614
30 8855
818 12010
4625 10623
706 10171
5960 15951
7397 9819
4556 9680
3747 13083
3523 10814
5525 10993
2473 11732
2601 13766
4112 9514
6326 13753
3376 12559
3813 11452
1986 14207
7193 12042
7321 10022
803 9280
5174 11422
1715 11119
7475 12162
539 8366
4616 12232
2198 14044
5314 12305
4105 11344
6399 11604
136 14854
101 8094
6751 10591
2875 10737
4679 12160
2375 10551
4363 10708
391 14466
6727 11042
6103 15880
7213 9159
1780 15066
3973 8803
6583 13299
7249 12288
1967 8883
5483 11504
3513 11735
998 12562
6468 14103
5658 8878
4320 11535
1250 10453
7473 8672
2613 9920
7391 12006
6638 12606
1402 8055
3488 15745
4446 11163
279 12753
6753 8313
1963 15260
3718 15180
1151 14172
575 12066
3154 13290
1222 10386
1073 10566
3348 14027
6043 14013
3298 9069
160 10490
375 15014
6732 11324
1445 15285
3511 13432
2351 14731
4399 12519
1223 15556
4815 12949
7558 9923
2140 11020
3817 8273
1917 9145
364 14300
2860 8359
2972 9970
4706 12424
6990 13910
5078 15101
4180 10806
6928 11856
2913 8277
476 10916
3950 10425
5963 12835
5737 10447
642 10778
7853 9175
5559 12210
7806 8005
3504 14922
1628 15480
1720 15548
58 13438
1703 10481
1725 10389
992 15518
6630 14374
2181 10370
4605 14956
6557 9248
7972 13246
4217 9429
3334 13377
3815 12672
4977 10415
3075 9455
674 14025
5055 12108
1928 11527
1391 14649
4259 14630
6962 15706
6639 14263
7966 13499
7866 8648
4175 13689
6543 9068
7789 12842
5077 8351
3652 14115
365 15024
5217 9051
7641 9862
3809 11908
5569 14995
2638 8975
7097 15759
3859 13532
4627 12855
843 13393
2083 8390
4864 11506
3165 12830
750 8021
2589 8534
7113 14030
6309 14511
252 9797
6148 13098
4527 10952
4158 15974
4694 12921
5984 13672
6786 13212
5673 15692
2633 10649
4751 11969
3030 8854
7180 8876
7728 12824
3953 13446
6129 9998
6896 8111
2559 12982
5490 13008
523 11862
2216 9088
5505 9755
3430 13558
1426 12029
3198 8983
939 12385
5570 12316
4128 13939
2386 10260
6429 8220
1230 8910
5326 11819
4469 9422
3732 9153
6968 11106
544 15994
1075 11945
548 15305
4896 13106
5872 9221
4529 14392
4699 10998
5116 9261
3227 12152
2452 11502
7407 14900
5900 13261
3936 15805
5800 8879
7663 15215
6261 13748
7532 8167
6197 10705
775 15863
2180 12472
1621 11226
3354 8793
317 11274
5862 8271
5710 13219
6219 12427
5777 12920
3191 14574
6393 8088
2123 10920
4877 8865
2981 9130
4182 14976
2025 10400
2185 12092
5701 15690
3136 15451
1517 11880
2702 8100
4042 10394
772 10868
5913 8990
2524 11715
4747 14858
3013 9502
6136 15476
1131 11586
4589 14787
3413 11026
5367 11137
2364 11751
3752 11929
3767 14371
3883 10427
5458 13725
2618 12049
788 8885
7108 8244
663 9363
6837 12195
3755 11956
5275 14981
4121 11902
7147 8799
2374 15263
688 11188
4014 13928
680 8438
4906 13199
3881 14108
932 12690
4519 8844
2086 10699
6185 13835
6124 8013
6823 14890
606 13397
1136 8912
2432 14245
1807 11044
2422 8677
2049 14325
4823 12594
3715 13774
4136 10666
4085 9062
7075 14343
4698 11005
1145 10317
2277 13036
5672 11977
5927 12549
1864 15536
1938 14980
5735 12318
6820 12750
5387 8576
4453 10986
7137 14121
5752 13802
7538 11471
1728 12655
2767 9485
5632 14573
7970 10726
6269 11830
6394 13788
192 9125
2587 13504
2938 15483
2030 15063
6915 15925
7302 10915
5305 8629
6483 14218
7534 9559
162 13931
5400 14826
3339 15839
5374 8905
6416 9454
7480 8446
7155 10838
3709 8314
2964 9866
5888 9668
4550 13263
234 13090
378 14494
1949 8185
7637 11785
6008 14125
1280 12247
6577 12078
3252 13911
6407 12182
5518 11360
1301 13378
7642 12825
3555 12363
1752 8845
4697 13540
7828 13539
3632 9835
926 14293
7742 14792
3481 9341
3440 9903
45 14686
1622 11556
398 14376
3260 12397
963 15623
94 10477
161 14636
7732 11249
3211 15114
781 8409
5974 12958
2878 9600
3175 11342
5635 12994
5178 9477
1510 13229
1315 9337
5011 11745
2176 15673
7032 8735
7988 13674
4786 12149
5358 9656
4538 10056
2312 15562
4484 12506
1990 13031
2768 10024
2449 14338
327 8899
6361 10298
2773 12169
6286 15869
734 11097
466 9659
3249 10957
592 9475
5952 10209
6850 9943
3321 14986
4159 14424
546 13166
1455 14517
2758 11485
3962 11116
4755 11519
6922 8530
5663 10164
590 15944
4246 10123
395 8708
3507 9063
7389 15583
1111 14083
4347 15902
3392 10923
1568 8171
3074 14297
5219 8239
4807 13089
2877 14948
5302 8255
4920 9958
3412 10620
2632 14832
7756 11064
3880 12810
3100 13915
800 10889
1362 11067
6942 14662
1104 11547
6105 10727
1763 8295
253 15872
4827 11332
6126 8464
4988 9901
4995 13171
5335 13070
4644 13822
1002 14417
5998 14946
2637 10956
1061 13917
1196 12391
4607 8820
3721 9269
7441 12264
3551 12474
3046 10474
972 11467
156 14310
661 8874
1298 9085
6568 13409
6769 13683
6016 12189
2144 13599
4775 10648
3078 9209
5858 9225
1593 15442
1358 10459
4066 9677
3605 15368
7340 9986
3656 9585
2119 8214
6526 15874
2535 12129
7551 10008
3487 15470
693 8093
650 9601
7006 10214
99 13267
1536 13206
3384 8166
859 11169
7219 8281
3891 10902
3491 11551
795 15222
92 12448
3234 8524
3398 10178
3108 15430
1331 10533
3968 8305
1531 9070
2464 12075
2774 11521
3537 14055
5118 10102
7165 8913
3349 13942
7974 13763
4822 10183
4946 13194
2233 11059
941 13648
7166 9805
4176 9016
3839 8642
5422 11778
5264 12126
1232 15484
1094 10564
3795 12778
1577 10375
4374 15527
7327 8757
2040 10121
7870 8567
6189 8469
1756 13787
7735 8476
3468 12870
3363 12364
6775 14984
4074 15670
989 11356
1515 13288
7857 15964
3874 12811
230 12710
6774 9911
1245 15349
4268 8139
1737 13314
6334 15091
4508 13857
5931 10052
3564 10939
1740 11135
1757 8339
7066 10465
2923 11170
24 11709
6513 12666
1354 9174
1160 8749
2916 12007
3876 8961
1334 12895
6916 8001
5855 14593
6410 14732
2831 12058
1799 15204
3486 12381
2052 10590
3113 14326
2325 9445
5056 13768
6589 10440
617 14198
5751 9157
665 9042
269 13998
5934 14487
2279 14430
5213 14750
3975 10153
6841 9518
1448 12185
6839 13254
2513 8369
1422 9638
520 12925
956 9966
676 14781
2506 14812
3419 11407
409 8595
3674 12057
6645 13429
4081 15456
470 10864
4462 8689
6013 13870
5289 15218
1463 11053
7435 12731
6671 9621
1535 12832
498 11260
1645 13067
5841 9647
3944 11692
5005 8126
3556 10345
5812 12793
7823 13733
4195 12019
1987 13856
6781 13154
2699 11697
866 15966
2761 14668
2689 14532
4186 12463
88 15914
1393 9821
368 12037
6721 9479
3570 11746
5134 8326
7618 12322
4653 15017
2219 11568
501 8952
5280 12514
371 9624
6501 13533
6946 11492
7134 12527
1168 10249
5323 15639
727 15008
6248 10844
7386 15466
6637 11752
3204 15312
6239 13192
2471 8417
111 11925
2511 10674
5346 12467
4974 13773
5173 8502
5046 14236
436 15560
5894 10657
5308 8673
4853 8928
5741 13661
4150 9746
6288 11136
7851 13877
309 9870
4707 8669
6527 9058
5270 15504
2001 12455
7146 15220
6325 11615
1976 13423
7906 11688
1278 15346
2398 14796
1170 11368
5870 11719
2987 9423
2117 9184
2165 10111
297 12733
513 13585
5504 9285
1634 10135
3877 13997
1226 11079
5245 14762
7971 11080
701 8887
2617 10005
6474 10966
3365 9888
2051 13343
898 9150
6985 12406
7569 12884
1935 14385
1326 8350
2858 13014
5111 15793
3727 13301
636 10224
7476 14712
547 8162
4621 15734
5343 12454
6160 10262
6258 12644
4905 10472
4110 8488
1875 13220
4265 12819
6120 10639
3611 12274
3110 12617
7260 14951
4876 10222
4549 9812
3374 15437
4647 15207
3417 14261
704 10241
6224 14031
4353 14618
4537 10696
1464 13006
5968 9648
4911 15739
307 8449
1498 13058
526 8419
46 12563
6491 10502
3923 10985
422 8378
1244 15393
7839 11839
4533 8829
1873 12534
1983 14026
3596 9947
4685 15233
2517 14003
7382 9857
1569 8970
5180 9602
2564 14631
7052 10074
1217 11678
1879 11444
3724 11813
1390 8345
1735 13172
4802 15656
2004 9398
7089 8886
4961 9783
1851 9534
7360 12782
5605 15467
7110 9662
6201 9080
396 12055
5009 14290
1228 13992
6020 8310
5106 8392
6167 8199
7277 11758
7568 10148
7264 11834
5128 11821
7877 11669
4651 9055
2510 11329
7255 11276
3835 8072
4861 12024
5827 9109
7969 11565
3326 13615
3171 13353
7459 13296
5434 9230
2412 10556
3578 9859
5529 12266
5684 11911
53 14845
5899 14076
3521 9193
1257 12306
6050 9396
6300 15481
2484 15400
1357 14056
4613 12199
3367 13133
7634 11325
2376 10229
2239 13129
882 10006
616 9380
6869 14759
3135 15602
2614 9350
3012 15835
2166 14837
4740 13896
460 10898
7495 13719
3065 9079
3505 9670
4349 12877
337 11928
1999 13987
5965 13862
7073 10330
6910 15752
5083 14863
4947 13188
3296 12044
6079 9916
5084 8285
6918 8808
3202 11333
3808 14046
3396 14249
1915 14166
1209 8999
7623 8872
2244 14126
3661 8540
3986 11672
1800 10886
1910 8482
2320 8130
6966 8028
7613 9810
557 11102
2138 15203
1311 10020
6858 13355
5037 8504
3033 12241
7770 10199
5941 10530
3933 12254
7261 12194
5835 11622
2544 13248
2497 11018
5265 8980
873 12704
5609 15892
75 8077
1478 8938
3304 12845
1866 9235
3406 12881
2333 9195
165 10787
4493 8955
5269 13770
6264 9526
7594 8635
3693 10663
3451 15542
2237 8817
1501 15695
3426 8436
48 12335
5242 13042
1988 11267
6588 15724
7494 12212
4561 10150
4147 12795
1834 8437
3559 13588
2950 15006
1831 9804
3368 8621
945 15662
2307 11919
3597 14838
1859 13252
2404 8069
3829 15266
6194 10631
5791 15239
448 15723
6010 14827
1190 15608
2804 8660
6760 8516
3967 10862
1055 10843
5392 15748
2081 11859
6406 15683
916 13350
1960 9164
7767 9030
5747 12701
6041 9236
4659 15574
6171 10732
4227 10186
3464 14921
5798 8266
2008 13215
4149 9561
3090 15046
961 9605
862 8112
4239 11196
3357 11363
4100 10934
7923 15376
782 15064
542 9532
4485 13651
1717 9517
7442 15667
4393 9919
1274 10421
2612 8924
1325 10507
2457 15155
910 8978
1189 13723
5551 10619
6736 11401
7352 9643
6818 14282
7592 10780
4005 14947
4964 8046
3631 11761
4174 10744
2550 8634
4809 12520
1617 12836
6744 14760
1370 8140
3393 13115
7675 15571
5905 8262
4216 13445
4957 13441
7091 10106
1080 14768
1321 12462
5865 15773
2553 11713
1419 14927
4257 8798
875 15807
3750 13055
3921 15558
5703 15271
1156 12584
7979 13815
1444 15164
689 10177
7 8963
3735 11641
5581 13230
3558 13964
999 12740
6943 11254
2007 15939
4250 14411
7666 10110
5408 13505
5285 13786
7497 9345
435 15972
3188 8521
7863 14722
545 13195
5267 14690
1277 8613
1487 13051
1188 10181
7975 8184
2755 8685
5884 15410
6146 8371
5938 9256
1271 15926
2731 11960
1118 8942
7026 9831
601 15832
5271 10610
4750 15697
4065 15594
671 11003
569 12016
1547 9652
7665 8241
4814 14259
2492 12038
6539 13508
865 15329
3329 13531
4711 12031
2240 11757
906 8698
7366 15355
7805 15992
3199 9634
7739 15060
1657 10367
1641 9974
6108 9760
124 11199
7123 11739
4944 13211
2133 11497
4501 12734
388 11835
4628 15927
5712 12728
189 9764
2410 14194
1102 11483
5216 15888
1162 9296
2891 14671
1475 12187
3924 15281
3955 10991
4428 13947
2487 9809
2996 8401
6317 12942
1135 11884
555 8588
5638 8733
2992 14436
4737 10503
5617 8188
7374 10399
7244 12148
4719 13729
2342 12967
6776 14458
27 8096
2968 13009
7102 12532
5477 11180
6997 15551
342 11158
6653 8658
6132 14804
7768 8316
7691 14969
1890 9275
5139 15751
604 8102
7363 14960
2692 11804
1107 13482
1992 8888
7825 9265
4494 8148
1855 13237
4402 14624
1500 10446
2066 14777
7451 13141
3583 11010
6408 14080
2383 12774
7525 14967
3456 10154
5597 15344
7320 8571
1925 11240
2925 11549
852 14418
3900 11780
6790 9338
7510 9358
6610 8212
6351 11817
147 9950
2478 11417
6343 12861
5450 11043
315 12653
5060 13913
4820 11271
4851 10675
2984 14758
7879 14703
4766 11241
7315 10571
872 12716
5228 14485
3956 15098
7449 11703
3833 15038
77 15679
2265 14764
7132 14658
2704 13606
426 11731
7764 15576
5433 11392
2187 9627
2847 13471
4547 14273
5190 13657
6666 14920
5338 11505
6689 13002
4163 14904
2448 13273
4395 13580
6065 15181
260 8822
1784 14611
3282 12416
7792 9766
1024 12408
7781 15056
633 9010
3144 13845
5452 13205
6358 15784
6636 11849
7549 14696
6856 11412
7965 10871
2799 12917
4975 10114
6673 14255
2046 12518
3806 10897
7989 14128
5405 13071
1255 13370
5591 9272
4727 8209
2122 13038
1880 12004
2044 13985
1956 12878
1249 15053
1626 13427
2433 13349
2470 12834
3603 10852
7393 15084
944 9310
5486 12839
5272 11062
4409 8470
3244 15462
2934 15257
4569 14488
6834 8432
3435 9516
4191 13744
414 9956
5959 15226
2191 11883
4152 12571
5880 8132
2751 15705
7028 14756
1395 11642
5176 14364
5547 9295
5355 8839
766 10238
5479 15394
52 13148
2769 10707
824 11312
6494 9127
7377 15112
4912 8586
5054 11845
5893 14531
7796 9931
4076 12326
4904 9334
3217 8104
1403 12290
6176 11015
3776 10095
404 10299
2519 12796
2367 11942
6469 8556
3622 15857
5262 10079
2543 14423
7007 13424
3816 14709
7719 10091
7358 15947
5925 15047
5992 9669
330 15231
1909 10286
4124 10381
5530 10679
6642 8612
6562 10343
5395 15587
7322 9540
4637 9744
7323 12748
5162 14788
3478 11831
4009 14252
6435 15387
7392 9942
1369 8720
2784 8348
1096 11123
2134 10794
4411 8333
180 14839
467 15202
6961 13260
7470 11472
7109 9863
7629 12101
1734 13344
6713 13310
440 12251
2732 15121
7013 11017
4705 12803
5550 10431
2753 9478
6561 15507
3195 9884
1296 10413
7478 15859
715 10255
2278 12117
1425 11235
140 9277
7578 10139
3565 10933
5863 11171
7999 14120
3005 10651
5750 9801
3516 9537
6960 8230
2036 8454
4095 14391
7458 13244
3500 15295
1053 9222
5261 12885
2816 9985
2150 9371
5725 14751
1383 14534
6547 15373
7417 11578
1580 9906
1573 11607
271 8986
7071 10078
6680 9407
7628 11007
3094 13278
6851 8478
723 14202
5373 10979
2474 14192
2886 8203
6432 12593
7832 10012
1283 10346
7835 8192
4185 11685
804 14886
1689 14450
116 15443
1421 11380
4029 13945
851 8898
4102 11581
1014 12200
697 11178
3037 11038
7560 13020
5457 8376
1183 11191
1785 14241
5552 14928
911 11792
5382 14228
5967 15022
4172 15760
4023 13637
4404 11428
3330 8457
1846 14475
3027 11983
5349 9566
4534 9775
538 10614
2841 8377
3058 15922
5586 11571
1155 10630
1409 8387
1582 11712
2592 10396
7548 15389
6388 8323
2813 9608
453 9283
3645 9871
5196 15358
3372 8864
7650 11445
2118 8059
4288 11308
5008 15043
2922 8554
2209 8058
5485 13899
1350 11451
6415 12332
7405 9430
1927 11814
7973 13564
5352 12443
5722 14899
5832 11369
1830 15455
2676 11596
2786 12317
3736 14264
4223 8916
2065 12273
747 9120
7126 15217
7561 14454
2567 11816
3534 8693
1007 12375
7982 15328
3756 15031
6392 13644
621 14102
4458 8347
4478 13706
126 14248
3132 9021
475 15883
1680 14474
7141 12553
1045 12361
115 13868
6502 14028
5539 15030
292 9031
2740 9992
7191 10342
1385 10878
5471 14736
14 14635
7846 10606
3633 9050
6895 12680
702 13745
2285 9156
3624 13547
4630 8079
924 15701
1589 14545
2363 8659
4072 15461
7643 14836
3649 15492
4107 14848
3708 10565
1235 8920
4509 11251
5442 9064
7334 9035
5596 14087
6795 10895
3716 14716
5032 13027
3847 13342
7524 12043
5549 9382
5307 12112
4025 10287
531 13464
921 15303
1089 9940
3707 13837
6599 8632
1619 10014
308 15140
353 12789
4503 9509
3949 15253
1286 15283
4999 14802
3145 14558
4726 11420
568 9827
5138 8840
7443 11340
6696 11645
3926 15687
3577 15219
5873 11040
7697 8248
4655 8217
7901 11893
2275 8174
4945 14727
6027 11610
6390 14137
6735 9359
3654 15969
3454 8298
1971 13307
4336 8939
7462 12574
5653 8395
1833 11285
785 13722
3431 10753
1534 15392
4153 15310
3626 9596
1133 15595
5602 15185
3429 11150
1651 10470
4260 10248
3608 11770
7174 8465
6263 8496
4858 14278
3395 12413
537 13315
2861 9372
5312 8491
4325 13187
1668 13665
6860 9387
530 14105
407 11783
138 15753
7154 13728
3125 14146
5345 15228
3258 14577
808 13202
919 8402
1496 10764
3359 12720
87 13066
1826 12338
2514 10331
4116 12952
2896 11995
7541 12376
6500 8760
2204 9111
2671 12011
1428 10908
3768 12167
5844 8362
6954 10001
2581 8109
1449 9748
446 9473
891 9324
4474 12531
155 11391
7022 8989
1729 10588
417 8626
5237 15105
3550 12913
4684 8950
214 8388
1353 12987
1346 13399
3455 9853
2182 10321
1739 11089
6518 9038
3879 9491
7222 15424
3382 12084
4118 8320
5257 12036
7678 13361
3503 11841
5627 14094
6449 12540
5524 9646
477 10975
1832 14591
5686 12544
814 9044
5362 9694
4789 15299
213 13799
4530 15515
7606 9355
4034 12453
5368 9327
2645 14064
3640 15803
84 14203
6091 15636
4645 11844
6648 14522
432 10508
3508 14637
2665 12781
1084 11291
1359 12623
5039 12068
964 10645
2528 8748
4338 10295
2381 8358
722 9082
5830 11936
3993 10599
3738 15836
3118 10771
2518 12349
2098 8288
350 15590
1410 13560
6081 13529
7683 15352
73 10230
1590 15811
454 13243
3324 10831
2000 13007
876 15029
3546 13881
776 13362
6535 15132
5705 12440
5186 14096
5254 8796
1907 11298
994 9404
7577 10613
631 11061
256 8869
1947 9510
1599 12956
5402 11384
7235 14515
7822 8135
1430 8725
4244 13961
5713 12228
2788 9457
4278 14369
7849 9439
3868 10582
4996 10499
1798 9840
6135 8173
3979 11629
6143 11667
478 13570
2646 15627
6044 8650
913 9196
7292 10494
5755 13346
1620 14100
3840 15767
2741 15938
5503 10405
774 13927
5736 9374
4874 9573
7815 11532
6767 13416
3585 14151
1540 11906
2801 14955
6071 14615
5774 14701
1727 8161
7873 8745
936 10616
6446 10870
1019 14225
215 10390
2961 9960
6618 14363
3787 10883
6232 9400
22 15900
3987 14184
6571 11071
5281 14689
6211 14099
6559 13484
4052 10417
1629 14130
4818 12677
797 9838
2340 8894
3404 14473
7311 10349
1374 12423
7208 10179
2475 10553
6226 14730
3415 13624
5453 12894
4377 15599
573 8324
187 11275
519 14718
716 10051
1707 15290
4764 11164
5500 14434
3518 8440
2441 10100
4002 14129
7333 12367
6549 15681
5086 10208
420 11979
4568 12539
6048 14141
5771 10432
2151 10969
4142 10525
2298 11110
7916 9103
6866 11334
7837 10818
1556 9752
411 8624
4410 8736
1940 13124
4578 8175
3619 12083
5058 9493
3663 9657
603 12900
510 14401
2330 13476
2716 10720
4199 15223
3428 13494
1860 11176
2130 13437
4284 11633
3072 10347
1962 10715
7011 9289
6708 12962
2337 12156
6015 13946
5536 8181
1193 15936
7826 11494
288 15649
2388 9706
3746 11655
5081 9207
7543 8353
7446 10066
6669 10270
4954 11351
5063 15291
7016 15049
7124 8137
5847 14546
2649 8619
2836 9286
4167 11154
6104 10650
7037 12354
399 15801
306 15078
1775 14929
1063 14952
7959 10202
2783 13573
5410 12546
1790 15390
6757 8787
2808 15850
1043 15976
3637 9472
3063 15261
6438 14231
3712 13760
6564 14594
7795 14158
1721 12236
6747 15045
289 9703
897 13970
7290 9115
4221 11915
2636 15206
5409 13568
6030 11194
4565 12759
314 11246
6289 8734
5645 13182
4843 12261
7096 11677
6615 11802
7802 12661
6814 13515
1181 8636
2380 9013
392 11891
1797 15860
5125 15444
1407 12484
6800 15284
2070 11843
5939 12133
2249 11072
3887 14613
132 14111
5148 15540
311 10348
918 13553
1453 9700
3584 13373
6861 8741
6714 12652
3522 13572
5297 11220
7939 10633
2901 15326
4797 8041
367 11511
6165 10901
1470 8776
5144 11540
1124 13450
5554 9681
7695 10580
2348 8543
7620 11509
4515 12888
834 15102
3831 14319
1384 11165
2145 10704
4027 10714
2949 9592
5248 12905
4599 8594
7057 8372
3861 11039
3214 12738
792 12804
5772 15070
489 9618
4164 11531
100 10930
1503 12493
831 15604
6668 13692
740 8856
6803 8107
6386 13440
4447 12863
6066 8076
5780 11996
4635 9843
4900 14562
3388 12591
4479 10817
1263 14766
6879 15334
2951 12456
1251 14961
1300 11155
7648 15012
2977 13909
6046 12628
7951 14898
2080 10913
5296 15417
5875 10250
2435 13659
3208 10514
4022 9631
4780 8269
1175 8467
1669 15489
6563 15023
7200 11112
853 11406
5201 9590
4258 10736
1020 12997
7876 11824
3938 9336
4188 11842
3023 14470
5770 8121
7401 8519
7229 9294
3758 15469
6503 11094
6206 15827
3524 8219
2092 13538
3268 8843
2586 14919
4784 12512
5885 11878
3471 15563
4984 8008
5857 10906
1744 14469
2548 14801
1944 12556
7670 9395
488 12588
5449 11707
4884 11887
4758 15618
2417 14489
4763 15058
5235 12150
131 14336
3291 13039
1367 13150
3275 11237
4194 13563
7044 11138
5407 14085
6457 15440
3821 9765
3870 14009
7649 9049
6991 11441
5035 12218
1079 8738
5170 12961
6121 15301
5983 15319
4358 15304
3820 14963
176 11035
3449 12231
3014 8596
2163 15901
4040 8802
4435 15264
4842 9117
5420 12320
5114 15021
1260 14254
7927 11550
4735 8954
5033 11468
7496 13483
1789 13092
2164 11149
724 15213
2220 11455
974 11068
5171 14483
6306 8791
6614 10305
2558 11943
7143 8091
1753 15907
2864 14446
3666 8186
1923 15449
1099 12931
5598 10858
4166 10028
382 11103
7909 8841
4828 11909
1505 14808
2385 8038
6484 9798
6427 12946
4794 13943
6489 12567
4689 9591
7773 8550
6935 10068
6938 13869
5746 9545
2346 12216
4333 13614
7581 12159
1584 11083
1085 11161
216 8539
3048 15501
7142 9902
4151 13311
2691 8119
566 14042
2016 12197
5092 13663
6161 14926
937 15766
4271 12776
6936 12983
3434 8915
1182 11799
1604 9461
6476 9718
613 11525
23 13996
1392 10281
7198 9954
1918 13044
7571 9075
465 10581
6405 13711
5353 9824
2201 14465
2717 10275
5695 12362
7231 12998
5681 13138
5319 8723
3495 11544
3602 11572
2929 9508
2096 15565
714 11117
6682 10227
5943 15881
5583 13867
3706 9246
1364 8871
4080 13147
3259 9114
7094 12308
561 14779
7814 11434
4046 14153
6833 13134
1665 9666
2733 12966
6612 15170
2273 9490
644 13746
3043 15592
4489 12279
2549 14496
2978 11584
7238 9468
66 11750
1676 11405
7645 8949
6890 9146
3754 9061
4129 10161
5424 10755
3397 15600
3172 10166
5679 9121
840 8272
2555 11132
3763 15141
2276 12105
4086 9470
1643 8418
5833 14497
2824 11461
2539 15933
5175 12823
6948 12035
5903 9952
3173 13455
5142 11889
1057 13801
4642 9557
6596 8703
7088 14717
319 13966
4177 15795
1818 8246
4126 13603
4030 8926
1527 12609
7375 9469
4918 12219
2332 8687
1154 14154
7247 11393
1973 12027
3322 10108
3442 12315
3444 8694
3221 11810
2706 9880
7754 9820
7387 15950
7245 14212
760 12459
3940 8373
4482 15754
2909 8800
7114 10777
2247 8561
6110 14110
6078 13297
3641 10124
2917 10322
2084 13809
451 13790
3974 14856
7039 13694
6520 13971
2989 15615
188 15533
6257 10098
7388 11390
5809 9482
7940 14307
3068 8807
1795 12608
4840 12062
202 8763
6590 12802
1261 9325
5497 14977
6804 11153
2631 12769
1931 15195
442 12415
7990 11609
4610 13169
718 13227
6876 13420
5212 8057
5023 12619
2250 12620
83 9108
4666 15247
1488 9612
1489 9737
7268 10615
3713 10894
3889 14680
7617 15069
2411 9057
7783 13495
304 13094
7508 9392
7674 15643
5845 15812
731 12013
299 14729
7797 12679
5380 14140
1468 15613
1587 14556
1874 13336
1642 9642
820 8551
4456 15712
480 15379
2391 15434
7121 15214
1666 11829
3604 9613
6454 10567
1279 9682
6187 12170
4008 9471
5890 8356
7243 12452
6085 8303
1776 12867
5977 10486
7736 12203
6777 13742
7500 8216
6344 10291
3277 8891
5714 9015
7342 14888
1655 14274
4352 11634
5848 8827
3458 10313
6452 12071
7921 13654
1337 13829
6756 14707
1506 12352
2683 14222
3543 10890
3703 13004
5535 13204
1076 8941
7153 15055
5473 9935
1025 10784
4574 15243
4154 12293
7888 12624
421 9506
1239 14034
7758 10293
3292 10256
2394 15336
6552 9110
4425 12396
3228 9133
2301 13824
855 14136
2136 14657
7930 12924
6455 10845
2272 14419
5123 13046
1038 8054
5723 8043
6084 9361
5764 10922
6578 13741
6930 10046
472 14626
3807 13735
620 11795
5249 8846
2129 14347
2365 10733
3801 12351
5064 8946
7184 12372
1911 11049
1199 14050
105 13967
4932 12837
4295 15445
4875 8380
174 8105
3882 15934
732 8557
4514 11328
3999 15989
6847 12502
1848 9092
978 14555
6702 10087
1840 12849
2426 9077
904 10489
4897 8045
6400 9660
3572 11423
6348 15549
4496 14674
4516 9926
3741 10364
3493 8127
7615 15818
4356 13726
7136 11201
784 15274
3095 10170
6705 12797
4354 12388
4609 12039
3128 8849
4056 13556
7489 13473
5665 8452
7384 11620
3625 10863
3947 15269
1056 12708
2035 12587
3665 11787
390 9776
3664 12056
7829 8706
1991 11524
2969 15575
7624 9112
5727 14639
7748 14554
4754 10133
3828 8342
4165 8278
563 11229
1224 12963
4941 15750
3935 9728
2407 15300
6034 11160
4785 12310
4108 11594
6417 11800
6475 12202
326 15107
2656 11567
63 12507
6706 10441
5397 11900
2246 11875
4966 8176
7588 14601
7466 10882
6293 12709
4959 13152
2893 14078
7983 14813
262 12833
4444 12876
6688 14238
1429 8940
31 14942
6628 9619
1103 9980
361 11508
341 11970
293 14740
6538 12111
5290 11832
7627 8158
6095 13328
3284 12871
6485 12631
762 13104
1287 12941
6310 15953
2857 11681
7771 15620
1320 10308
1336 8290
4079 14513
7929 13016
6271 14540
7172 11077
2461 10713
3492 11234
2178 13551
249 15758
7673 10048
1400 10992
1205 9667
2235 9674
1955 11903
6784 9089
6863 12348
2532 13509
3788 10542
7203 9987
6746 15258
5112 12213
7396 15782
236 15991
867 13079
1310 13916
1339 9169
4210 14708
1033 15402
5223 9604
209 9722
468 13736
1253 12872
1602 8489
1194 10695
5573 13883
1314 10807
3295 11999
3366 13059
2493 8308
6231 8017
5874 12324
4071 15244
6917 15593
456 10382
3183 10602
4973 12686
3045 11424
2529 9099
6249 15813
224 14148
3310 15641
7730 14849
7125 10236
3450 14934
5020 13481
3091 11503
7359 14869
7761 14962
5333 9900
2258 8300
3253 14118
3497 10242
5470 11187
4495 13679
5325 14451
4648 15072
3691 9738
5143 9154
6235 14501
1948 12938
5487 15792
4749 10350
4285 8958
1548 15512
344 15189
335 15372
5194 12425
3613 12370
1653 10782
4345 14988
5612 12852
5014 14016
5390 13951
810 11209
7900 14535
2172 15027
4206 13800
3725 11876
42 10274
6419 15987
1293 10516
3084 14399
589 10300
570 8224
4692 11973
6445 11512
2725 9386
1159 12586
7289 14868
1525 12398
4825 9535
4783 12805
4306 11592
415 9719
28 12650
737 15413
3280 8293
6532 14803
5418 10184
3862 9152
6349 12530
3542 13762
765 9259
1417 12064
5104 11597
2837 9818
1844 12916
5592 10921
5298 13317
1658 11284
2976 11901
6517 14210
7003 15050
5475 10904
1246 9419
1150 15085
7610 9323
1545 15251
6763 15365
38 10173
276 9786
7987 15800
1000 11373
4049 9949
3055 9913
5820 13025
3571 11869
37 15118
2611 14243
5537 15676
3858 9556
2912 12171
4289 11459
793 10282
5172 12974
3599 11538
3903 12813
5126 15331
7365 15559
6884 12970
5310 10037
7711 12883
2059 9693
3780 12191
1380 9420
219 12663
3087 15557
4156 11143
2869 14348
1415 14747
3761 11775
1806 11294
3274 13241
2986 9389
1112 14412
6544 8667
6623 10225
4915 9747
7328 10799
683 14565
6622 11121
4360 8291
1659 15952
2203 9498
1529 11773
5973 8218
4381 11748
6572 8779
1126 15783
4981 13050
7144 12622
7205 9234
7817 12787
1185 8101
7025 8002
6641 10053
6652 9087
2485 15828
3988 11208
6364 14867
4208 11938
1598 8113
2561 9402
6005 12394
6868 12749
2834 14547
6238 13086
3050 15382
5610 13431
2223 9735
1437 11069
4603 13731
981 14621
4007 15873
2739 8141
121 8637
65 14011
5584 10159
6209 15519
2935 11482
7426 12012
1726 13842
2378 14885
2991 11755
6155 14021
5429 11679
4506 13360
4170 11825
6793 8583
7644 10711
7981 14378
1203 14119
5642 11214
7667 15158
7329 14181
6198 11174
4184 11972
2770 11579
2302 15491
7210 12172
6096 11953
1376 11539
226 12258
7272 15438
6033 12651
931 10600
1366 15725
1670 11921
3225 12978
7330 13972
4277 13823
2397 10849
410 8134
6941 10677
1480 12374
6556 8030
7415 10798
5796 13671
5025 13415
532 9415
6899 15517
5364 10534
4835 13198
5866 9710
3737 10532
1862 12192
6025 8831
4391 13640
1625 8877
4668 13047
3676 10821
7305 14213
4517 14958
3018 11202
7273 8485
6089 8754
346 12687
5932 11955
6204 15044
7045 8739
5461 15719
4420 9814
6236 9834
7092 12343
5910 11418
5378 9525
1608 12772
5103 8450
5660 11317
7491 11448
3209 15159
19 10047
7997 15777
2266 10990
764 12025
6994 14552
3593 12656
5852 14403
5091 12989
4215 11648
895 8688
832 11486
3855 14139
3053 13684
5724 14334
4313 13926
2062 9200
7017 9854
2253 12957
3865 8249
6978 10103
376 8497
7685 11427
78 12889
431 9521
2712 12411
6986 15919
6889 9751
2625 10127
4057 8578
5615 9622
4455 11986
143 11675
3794 9825
3846 11086
6000 14660
4047 9793
1984 13776
5183 12763
4141 12886
709 12347
2034 15475
6130 14224
1837 9577
6605 9800
2502 12346
2661 8404
7743 10759
3802 8429
2970 12342
2531 10061
6097 13112
3071 10416
4868 10669
884 11853
2850 15897
830 15877
321 9231
3141 13542
1174 9076
1767 12143
5445 14901
1158 12392
6766 11447
7816 13589
2595 13804
2565 13127
6255 14586
3984 11462
1748 8997
1436 12204
2998 8676
7794 15210
4463 9170
424 14895
1809 13808
5744 11619
7527 8051
5614 14937
2927 12174
2898 14592
6465 9873
3670 13734
2467 10981
1693 10701
4481 9874
1886 10265
5347 8988
7303 10385
6522 11186
1514 14104
7482 12940
7404 10407
3375 10387
2042 15564
6512 12751
2063 14679
691 11172
1388 12721
1893 9192
3719 12646
18 8823
2690 8398
7159 12136
890 8346
2281 15126
1030 11574
3230 13010
5287 8665
2793 10419
4963 8590
7582 14306
7992 9673
2658 13330
4096 8868
5426 8852
5810 12164
6521 8628
2436 13617
3607 9094
4626 13295
5951 15232
175 9290
7504 14614
464 13574
778 10319
3614 11522
3849 12511
6069 13175
2921 12121
1519 12269
3860 12995
4442 15864
5356 10142
4552 14726
5521 11066
1379 14277
7019 9318
2109 15810
6904 13769
7069 10811
3621 15482
637 8110
2315 10304
2005 9332
1635 8973
7301 14101
4350 14521
3745 10968
2324 10643
615 11458
5623 12119
2840 8609
6200 13713
7139 9815
5731 8960
986 15648
4287 10637
801 12929
3264 10839
1129 14112
6036 14123
3992 15979
2057 14617
5699 13918
5192 14571
7575 8386
3538 13251
1904 10682
967 14037
3660 13673
749 14132
2688 9912
3981 11398
556 12688
1071 9811
6862 14047
3394 13958
7750 11613
2838 11299
357 15362
7079 9321
6974 13820
7162 13375
6267 12284
3028 14235
7338 15921
4953 10724
6778 10351
5815 15235
1683 8900
4502 13652
7395 13123
2371 10004
667 14422
720 15342
953 13962
445 15581
7677 14656
3916 15037
4248 10498
4006 10853
2183 15709
3433 11756
1838 9977
1074 10751
1242 14379
1722 10403
2766 10144
1765 9191
6983 14356
3517 9028
1059 8089
2873 10569
6045 10237
2624 9784
5582 9181
247 9288
2727 14882
5922 11300
5802 8740
6601 9823
3554 13103
6260 9504
4134 10594
6059 14578
447 14438
7257 10128
6328 11457
4316 10125
7487 14459
2350 12023
2179 11400
4073 11034
7580 15854
6319 10578
6354 8517
1176 11543
7288 9895
3648 11696
1109 13491
2224 12714
4641 8056
5047 13218
7479 14897
5579 10132
4846 10326
6080 8756
856 8327
7196 10002
1993 15404
4796 8031
7607 9964
2512 12927
6196 11496
653 12859
7098 8664
6683 10785
3418 8766
93 9237
6811 14305
5781 10728
7952 10203
7120 13128
2009 13512
4318 9636
1195 12576
5369 11661
5603 15125
6444 15524
2538 10654
3006 11882
3333 13210
798 11377
6379 10522
6055 15199
1108 15354
508 10622
883 14872
4650 10513
7757 14019
3380 15477
6153 14699
2032 11728
5527 13732
4564 14109
1777 9480
1772 14149
2955 9274
6053 10972
564 9848
3482 10071
2828 14407
3519 13811
3639 12864
4123 13478
7763 13656
3600 11432
4596 13863
3218 9434
1416 8602
7915 11971
7332 13189
2215 12820
7189 12566
4955 12780
3040 14285
666 10031
5607 9981
2851 10352
7943 14215
1101 12256
7423 13384
6817 14461
3169 14568
7178 13838
4018 12429
4830 8012
4570 11157
6268 12843
6516 9144
5721 12431
4816 12201
4433 14925
4276 11782
5659 10932
4638 10917
5197 11964
7902 13470
1924 12558
2196 13203
4951 15494
6270 10855
799 12125
5651 13771
4753 8786
5825 8889
3400 8344
879 14323
6787 15493
6687 12168
1122 15838
5994 8614
6220 13593
1172 8048
3910 12329
1585 10451
3189 12015
263 11336
2822 8242
4873 8331
1397 12034
4048 9930
285 10180
1341 10888
57 9223
6828 11362
3561 11801
7775 12245
7882 11529
2908 12670
2547 15591
2599 10928
2678 9292
3177 13418
6145 9875
486 10833
5856 8311
1016 8702
1551 15347
6119 15294
7428 9116
1766 15526
1221 15678
7201 9892
6801 8092
7048 12755
6625 9123
881 14010
2937 8299
4225 15848
5206 15104
5071 12907
1148 11287
6360 12061
4580 14048
4862 9268
4682 12976
7647 8061
1673 8004
6704 10401
3305 14859
3409 9467
3997 8385
1398 15727
2023 9790
6740 10285
3730 12268
7439 11440
1440 9414
6977 11537
3117 10626
6302 15340
6371 14246
5082 8355
7602 10468
7955 9417
4291 15145
7254 12528
7977 15898
965 8098
4656 15597
6177 12575
4094 8062
5860 10872
1705 12985
258 8663
4725 12715
6456 10592
4133 10145
5520 15123
1839 9023
2541 12479
4204 14107
4708 15057
5589 12252
4201 12504
1637 8461
2430 12063
3127 10210
7424 10464
3386 8430
1450 13885
5489 14524
2994 14997
1373 8671
524 9971
6982 12944
5072 9388
2352 10162
2845 11871
643 11691
7486 10941
7721 15929
5022 15002
7838 11602
5375 15018
2126 15162
2672 8221
7285 13834
5854 8501
1399 13647
1005 15534
7312 15020
3898 14178
7798 11477
4882 10997
4572 9665
4351 9308
112 11569
7087 12689
2416 12299
4914 13001
114 15051
6462 11658
5496 11223
2013 8494
1180 9403
4054 12183
4592 12923
4305 11541
806 12265
1912 11740
3778 14335
7104 14165
7934 11553
6853 15450
3914 15306
5181 10398
4910 12816
1049 8549
6363 15509
1420 10721
5840 14528
5826 8384
7434 11962
6092 9033
2500 15332
1173 13357
4800 12051
1113 14022
2939 8006
7373 15452
857 8117
7638 9543
5334 13302
6210 10739
5799 9348
6644 14875
587 12404
7752 11268
5293 12244
6164 15875
6700 12665
5626 9418
7437 14133
2403 14060
5707 8067
6157 13101
6844 12723
3980 9598
51 15117
5053 12403
4329 10865
4157 8477
7281 10455
4608 12812
5463 8090
6809 12115
7341 15307
6619 10796
5979 15849
1386 9346
5207 12524
6894 8103
504 11952
5187 10113
1460 11716
2434 14271
5283 11704
928 10197
3834 10054
3749 12303
2685 9833
1537 10965
1092 12382
868 15032
1098 9252
1966 12282
571 14676
2762 14416
2450 13884
2019 13159
6162 12267
5440 15314
6602 14490
6508 9211
3452 11896
7696 13279
2849 10283
6717 13082
2361 8036
1153 12533
5028 13453
2682 15756
6773 11806
7265 11653
4041 10488
5685 13979
3744 15928
5320 13371
624 10097
1746 14089
4483 15744
5773 11934
1215 15463
7225 9928
6748 11940
980 16000
4812 11760
2002 15090
991 8704
3029 11233
6035 12214
3681 12018
2494 11315
4148 15242
4938 11762
1695 13549
917 9301
2588 11744
6867 13767
660 12175
4824 14147
6969 11321
5837 10497
1069 15236
3387 11927
4233 15833
6792 10834
6128 11213
6087 10740
5528 15553
452 10456
942 14894
2906 9340
7465 13982
6114 8767
5472 12806
2480 9684
4908 11100
6174 10469
32 8608
3653 15227
3636 15081
6212 10034
7348 14289
2952 15224
1712 11729
7372 13017
2675 12420
5988 15786
4104 11863
5997 12447
2459 14619
6685 9889
1778 12676
2094 13053
6758 13174
4590 10526
5161 10700
372 8737
5996 9861
79 15870
2711 13609
4591 14365
7262 15822
880 12409
2499 14816
7994 13669
6186 14174
1957 13630
7085 11583
6464 14040
2387 10233
3573 10662
5644 12973
3515 8229
6 8479
1690 14405
1861 9238
5981 9887
2745 9649
3389 15743
5709 11197
5036 12088
6218 13345
1443 9770
1648 8509
6453 13034
4242 14965
4326 8191
4183 13561
483 11563
7869 11603
726 13433
2789 13530
7049 9872
6824 14145
5600 9844
1233 10397
622 10743
593 15152
6367 10804
505 15755
7234 9826
7221 15421
3069 13190
968 10528
3093 10442
5365 14655
3872 8777
3371 13466
3015 10770
7709 9921
1303 11643
95 11589
4671 11245
5027 10803
2615 11854
2639 8652
1854 8460
5406 11847
5929 12703
1418 8893
3335 11763
5042 9704
4275 15729
7598 9197
2368 8236
2868 9933
7074 13322
3082 12355
6430 13895
2779 11984
6437 8309
6442 9242
2300 9167
1732 8260
2031 12939
4130 8589
3190 8647
699 13417
2335 11366
3441 9484
7190 12328
4117 13678
7138 9988
4098 10371
6460 8732
3241 14267
6195 15086
7020 8683
4106 9984
2577 10962
6633 12794
5258 11318
5441 15642
4712 13629
4819 10094
6284 15711
5246 12173
3541 12630
7572 14782
3827 10766
721 9587
3243 14728
1941 13075
7654 13565
7860 13888
3281 10428
193 10593
450 14058
5765 9721
5683 12722
4841 13107
5016 13797
3255 8235
358 15710
6225 8842
6514 13687
5220 12638
1606 14390
7445 10252
6584 9876
1850 10586
6122 12735
6548 11495
3990 9113
2742 11181
5763 11152
6450 11358
3496 15732
164 8851
6170 8705
6127 12850
1141 12485
4952 14700
1644 15488
3360 14288
6190 9918
3502 9762
957 12645
610 14320
2135 13191
5416 8977
3159 9511
1856 8081
2750 9137
6874 13028
4909 10426
7589 13839
2490 10989
5051 14557
1212 12874
6234 8145
343 9489
5566 12897
815 14409
7865 13825
3083 14287
7632 12325
7353 13158
596 8434
1492 8407
6169 15250
5574 10512
7655 14561
1649 11353
2743 10021
6771 13619
2602 15409
2326 10541
6855 13952
7284 13388
7991 9664
560 9326
229 11376
2284 11898
7611 10543
2814 10041
231 11204
2289 15147
632 13102
6529 11941
668 9410
2815 13660
3685 8481
7447 14643
7786 12975
612 10462
3307 13389
2110 10049
2041 11212
4690 15794
4408 14795
6125 9267
6496 10609
5204 15941
659 15861
1609 12134
6931 10325
7440 9227
7812 9450
3311 10050
6305 8979
6402 13818
3114 14384
2252 14506
7668 10307
5753 8593
2920 8026
7173 15532
707 10077
4795 13095
7922 8084
6726 13111
3425 14629
6707 10105
6061 14941
2957 8528
4418 13052
3785 11475
3034 8374
2043 12695
4193 13922
6585 8527
400 11429
3805 13969
4573 10292
1699 10767
7856 14884
5119 14393
997 10060
5381 13795
6287 13935
4089 15731
1592 12730
3122 11608
521 9138
158 11264
4585 8814
3717 10584
7507 15432
5757 10165
4400 9898
3273 14227
4330 8237
7357 14800
2234 13840
3701 13941
2206 13709
2729 8011
7278 12421
4872 11899
4473 13814
1306 8833
7474 13702
4855 12618
7772 8948
4576 9597
6112 11378
7590 8279
4677 13933
76 11473
3844 10983
6752 15167
7419 10820
3526 11674
2628 10722
2072 12350
5534 11588
3906 12327
4109 11585
1533 13262
4612 9428
4742 13160
4562 9934
5431 10964
6743 9356
5096 13686
3673 9845
4889 10563
7131 13859
6391 10974
142 11546
549 11365
5515 15879
5619 10332
2620 9994
3320 9584
4319 12226
7784 14495
485 15278
1090 8654
7864 14314
6396 9492
1442 13366
323 12711
6250 10670
2073 14063
4925 9249
7176 14725
4916 8044
2817 11947
1750 9917
6598 13779
3352 14687
3323 12366
3946 13810
2523 9641
6973 11450
3137 13293
5502 8809
7471 9331
2115 13411
7012 15886
1575 8330
356 11374
3941 8360
7463 15806
2580 8769
4401 15693
618 10013
7064 11815
3309 12873
1723 8512
3650 12626
2111 14163
6845 12984
5393 9459
4371 15324
4063 11277
2 11372
5562 11771
5488 10192
255 10243
1997 12496
7653 8306
5315 13196
2648 13907
839 8598
5284 11961
4701 10172
220 14604
7883 8553
6840 15545
6280 8969
6972 15841
7259 8792
6413 13872
7676 13234
2496 9696
1821 9024
7266 12082
1571 8935
2710 10104
752 14544
4577 9446
2310 10263
6384 12428
49 13226
5756 9463
2879 15453
7425 10608
7122 13720
7293 10585
5995 14683
7018 11141
7226 8029
2932 13268
1977 15380
860 13156
1052 11754
1959 9437
7714 12792
1660 8297
449 14694
4673 9571
3077 10284
4491 12551
7499 15624
2819 13968
3697 13122
4270 8408
2304 15815
4300 13457
7657 12712
738 8238
6324 15429
7976 10418
2291 8881
4743 10090
254 13120
4449 11364
6242 15999
6141 15428
4746 15065
5003 13557
2316 9505
7517 9309
5633 10537
4887 11301
6183 11148
3457 13062
6575 8039
7452 11747
7744 10681
6278 9253
7408 9002
1457 11694
5430 8205
370 12435
7157 9054
2942 11183
4497 10064
3635 8547
6701 14117
1345 13625
2313 14426
1542 8442
2693 14721
1770 8178
4929 15134
5760 12165
7688 11601
5882 10070
7564 10081
7337 9004
4020 11857
2124 15741
1567 10789
2027 10730
6927 13249
3026 15196
517 8518
4774 14743
6090 9427
4739 13040
619 12856
746 12243
1958 15154
5769 15736
1088 12643
4429 14150
5006 11950
5105 12745
15 15796
6951 10280
1083 10215
6062 15770
6199 12950
3498 13257
3300 10747
6341 8480
4540 9282
2495 12146
6574 12682
6720 13144
2241 12277
2752 8711
7275 9686
4890 13284
3453 8233
5555 8967
5073 8709
7738 8906
6524 13817
5266 13081
2713 14315
7498 13608
7859 13876
2055 11387
2290 8009
6655 11957
7937 13110
7464 15262
5203 14748
4303 13836
5341 14072
3576 11139
3402 8403
3149 13179
3104 13662
6308 12725
3957 11520
2990 11481
3760 9581
2231 8483
2148 14196
3422 13402
7145 13459
3628 9655
4921 11037
2382 12161
3185 13643
5953 12770
6554 9201
4865 15658
7778 12807
5742 8165
2045 9433
5241 9187
6703 8153
5688 11623
6223 12818
5611 8611
7626 8662
3960 9426
7799 10408
4619 10120
3662 14468
2429 14232
5412 8625
6075 11195
5620 8902
6107 8751
117 14258
5121 8533
2143 8828
1630 15097
3771 15074
6499 9961
4386 14186
7390 11721
5300 8699
3620 11700
7179 15079
4582 12605
7868 14331
40 15911
5814 14950
2456 15694
2377 14516
2812 14550
266 13413
6506 10735
3411 8397
5061 15259
5238 9711
7485 13894
4471 12205
3688 10357
7467 14091
3812 11210
3179 12295
1204 13337
3587 9188
5906 10163
5168 9487
2979 11515
2536 13238
2705 15377
3658 11004
2777 13280
1152 13714
1952 12858
6827 12379
2754 13641
5074 15142
4891 15904
1481 11612
4212 12543
1347 13372
2694 11095
2651 13848
4704 10909
490 13841
1779 11030
7944 14071
3996 12960
5342 8584
5252 9496
5411 14279
3416 15248
6900 12476
1922 15067
565 9578
7565 10825
780 11190
205 9362
1477 9583
5361 13664
2305 8321
5512 12163
1697 12289
5677 13980
6692 9012
854 14226
2759 13165
301 12896
2735 9179
4660 13173
329 8475
3845 11647
1254 8834
2077 8633
1171 15895
2652 12323
5151 9822
1225 15737
4544 8661
210 14457
6515 8837
6315 14352
4722 13750
3338 9539
2501 9723
2736 15657
5917 14912
4457 10212
5095 9442
212 10278
2870 8930
5656 10360
6816 11738
1600 11638
4252 9899
4122 9632
7014 9066
7492 14744
4994 8811
1824 12785
427 8247
6780 9143
6266 12383
2765 13035
4322 14765
2776 11021
3378 9180
2028 14442
129 14344
802 10344
1782 12706
1972 9136
4990 13511
3356 13021
2718 10288
6761 13803
6569 8124
1504 12465
7118 8007
8 10758
5575 9204
7804 11127
7705 15054
3222 15819
6505 10603
7163 10383
1532 8882
5682 12432
5836 9007
1579 11788
6111 8183
5017 8552
5278 14413
4870 9734
145 12826
4423 9828
2953 15638
5948 13208
3010 11167
4852 13782
1412 12331
5643 11888
6230 13005
5469 15629
1318 8080
3242 10629
543 10725
6875 14538
2197 9688
3066 10194
7912 12021
3509 13266
6054 14240
184 9124
6140 8099
1543 9379
4407 10982
5849 10763
6256 13898
2406 14256
4437 9165
6950 12184
7996 11330
4236 10195
4235 12076
7251 8257
7803 13143
2926 15808
4587 13721
5021 13944
7807 15821
4510 11860
1747 10093
4145 8925
7931 11848
1706 8152
712 9946
7150 15234
7369 15789
3970 9438
6808 11293
2318 15423
3832 15918
7246 14122
673 15730
4693 9630
4594 11016
3340 9716
5316 15073
2663 12339
3246 12368
2635 11227
4340 14005
1125 15749
35 8640
3714 14359
264 8782
7024 10316
4546 12077
5199 12180
6550 11045
3139 11711
7603 9807
7061 8042
5494 12972
2763 14822
1349 12922
4498 13405
655 14539
628 11025
5912 8511
6947 13041
6798 8328
4700 12240
5041 15335
7810 14806
2749 12590
3531 12365
5260 13305
3151 8157
6335 13598
3042 9860
5299 12601
3448 15471
3525 13116
5273 12345
459 10929
2058 13582
6205 13468
1805 11798
3959 9276
6373 13999
6742 14481
6481 10334
2563 13333
3472 15931
7801 12808
168 8444
5501 11874
6923 15127
429 13607
428 9864
5120 11967
2885 14944
6327 8254
1039 14667
4832 9515
6534 9868
3088 14097
5982 13986
1381 15740
4675 11793
2607 10994
4302 11272
4730 15913
1611 8211
1149 8108
1461 12636
36 13696
5029 8459
469 13404
7148 10495
310 14865
4327 10687
3824 9730
5652 12471
7140 14733
1774 11982
7310 15487
5715 12840
1511 9881
6480 10996
4099 8825
6831 15341
656 10136
4611 13993
1961 15395
7871 15932
2681 14156
5700 14857
2667 10467
982 9620
7004 13727
5169 10137
6031 8890
1248 14918
4398 9118
3133 15157
5657 10086
6849 14933
5155 14079
1394 10540
4113 12570
4477 9729
6470 10765
4111 13670
887 11518
902 13291
4624 10954
3232 11998
1902 13902
6654 11637
4720 15137
6467 12767
2221 14354
7230 13871
6657 13701
1730 12860
3842 14852
4560 13454
6987 10410
1516 12602
1265 10515
7662 11320
809 8563
2715 14771
5850 8003
3929 10430
5478 10635
5846 14818
7063 9095
2347 8670
7745 11850
7986 12971
5052 8747
6151 10318
591 14512
2778 13078
5937 15391
4714 12249
7008 9836
3180 13739
4230 13526
861 11805
2660 15186
796 8243
5797 10146
3000 12828
1236 14189
2472 9654
5099 11614
713 15457
195 13398
5313 14493
1876 14738
122 13274
733 11065
1327 15570
7199 14819
3390 14124
1714 15059
6076 12671
7090 8037
899 9351
6643 11389
3958 15325
7513 15714
6283 9158
3837 12509
5250 15478
2719 8315
5824 15817
3822 15633
7450 10384
6420 12717
3080 10828
6665 11873
5330 10138
1406 13541
5010 10457
7537 9104
5225 11033
7339 12498
7550 11570
4733 9456
3905 13976
7192 14507
588 10625
1143 13223
2260 8357
4346 13832
6842 14596
7898 13983
6631 13864
4487 12186
2108 9232
199 8160
7041 9610
4068 12542
6275 13975
3331 10085
6362 15111
2962 10734
1570 15780
7800 10653
1115 13448
2576 13566
6510 8425
313 14924
7195 8381
5878 8922
3163 12357
4933 15998
2195 8207
4301 11453
2734 14589
4459 10951
3381 10823
7907 10200
821 8405
4224 11350
2803 10826
3651 9972
3684 11305
2127 15514
7664 10211
6525 14843
287 8568
7892 12235
1017 12980
3540 15995
7518 13408
2542 15640
7107 13085
5822 11630
2931 10452
7953 13925
2775 15626
4857 9216
2874 13282
1493 14092
2572 9616
3954 10697
1760 9698
1836 10458
7908 12996
6461 10618
1813 14720
6878 8050
5636 8585
3647 10392
877 8032
1553 11076
3952 14823
3476 10867
1276 15384
2283 12499
2621 14609
4397 9635
2507 8523
2606 12992
4092 12639
3659 10808
2865 15568
901 10683
7583 13704
2623 14780
6838 10496
7072 9281
7890 12230
6794 13897
6958 10752
605 14383
3131 13621
1095 11935
5734 10043
50 10779
1631 9593
6791 13798
2863 12890
7469 9628
7633 12283
4016 13394
2578 13376
2997 13242
4960 13352
2575 8507
5211 9529
5222 8987
7158 15703
5154 13601
2095 9214
39 13419
5785 10379
6883 10967
377 11611
2958 15446
4125 12564
320 10355
7699 14077
6060 11052
6772 8123
5437 14113
2358 11302
4837 14396
4422 9663
1743 15781
3187 14789
4731 14038
7454 8015
5158 15479
2634 12410
1252 14968
829 12801
1077 13485
3235 8577
6932 12483
1466 13522
6553 13026
6921 9495
745 9206
3782 11404
2321 12098
920 9725
3119 9904
2329 12304
4949 10813
2833 15327
7785 14850
7444 12977
7760 11120
3699 14793
2399 12879
7831 10167
7708 8655
5869 8116
2482 8487
2295 10523
2245 8947
6656 11464
4119 9107
2904 13880
3022 11078
2533 14035
2006 8343
7609 10830
558 9008
173 11631
2627 8606
7840 14814
2899 15840
6694 14114
7206 10372
3167 12360
1035 12595
3156 11104
3966 10601
3403 12718
5149 13054
1483 8692
2790 8762
2585 13365
3443 11322
5728 12145
4441 12217
6012 12573
7218 11111
7129 11650
4035 12848
2505 12276
744 11827
2256 11523
2479 10018
7724 11105
5788 11205
6490 9342
3096 15628
3612 10598
2014 8196
1898 12934
3878 13193
2481 13097
1857 12798
3928 11774
3567 10369
5414 14217
2420 8773
4674 15582
2212 15040
2630 15829
4272 10612
1097 14640
2208 11714
7703 15718
6277 12177
5130 9139
2120 8515
1588 14974
2271 14907
7942 12393
7998 8240
5759 10143
1411 11590
6088 14431
1458 12517
7432 14846
6959 8228
64 15945
3680 15095
6144 12599
7078 13271
2597 8862
7843 13887
3424 9335
1953 14996
7493 13700
2286 15077
1192 11555
4238 10374
3168 11639
4219 12529
5804 14959
2554 13221
7586 14851
6321 9317
971 9128
4069 15598
6433 12945
1512 13072
2408 10693
1781 11587
5733 12800
6385 8750
6002 14286
5783 15831
1796 10559
2809 10067
7274 13524
1701 15672
4728 8082
7522 11926
7608 15851
4799 9168
599 9749
4665 10092
3690 13676
60 14821
7875 13622
7410 11624
118 11963
458 14665
4115 11987
5664 14761
2353 14915
2152 14809
4267 15039
5079 8225
418 12959
5327 10429
6245 11917
5935 14583
6451 13435
3079 9955
1561 14375
3985 14074
348 15150
2629 15366
191 13348
3566 8830
2282 13878
3062 15884
4869 10970
3200 12113
3590 9431
2947 13981
1691 15176
3696 8275
2782 8548
4991 13200
675 12301
1459 14892
5109 12658
5100 15606
6389 9409
2827 11088
3248 13853
7503 12579
1755 8957
1849 15555
3052 9692
6754 15497
4189 8468
5048 9367
6640 13865
3848 9879
2880 15530
5311 11352
5336 11388
6131 15520
7355 10478
672 15511
6382 12353
6336 10816
7083 8638
7554 11307
2966 15761
1191 14896
4317 15550
1317 13937
1208 15660
5819 12697
6262 13579
6376 12495
1238 15007
5145 10546
7682 10819
6955 8095
1497 9802
4334 8264
182 14075
5339 15156
7461 11115
1281 13216
373 9322
3867 11218
3994 11244
153 10963
1745 14452
5350 9507
777 9045
7316 12190
2113 15308
682 14648
6662 14661
4311 15844
146 14774
2965 9217
7570 15954
284 10656
1146 13912
838 15198
7958 10116
607 13851
6202 15296
1865 10436
6723 10471
664 15664
1518 9373
4015 13708
7526 15691
4860 12052
7058 14342
5676 14155
355 14162
1700 9239
2205 8618
2593 14651
4670 13965
6472 8996
4430 14982
1396 8972
4620 14341
6307 10973
3025 15830
6785 9788
2797 14177
3270 11361
6677 13460
1733 12901
7133 11484
6802 15733
3174 9073
4958 14612
433 8908
4004 8656
5351 15459
1811 13130
6428 13356
5936 11737
5462 12491
6691 15541
4198 13724
97 12891
1330 9830
3316 8742
5226 13000
2737 12333
1081 11784
2442 10824
3407 13989
4636 11348
2823 8222
2476 11239
6560 15240
602 8144
1008 12020
6934 15790
3147 14881
7224 15419
7918 15194
3193 10359
403 8150
634 11905
3854 12821
551 10188
1259 10320
7528 13826
6019 15323
3689 10033
6952 14957
914 12908
582 13861
7692 14579
869 10527
1482 11533
4888 8932
4274 9869
5964 8155
5911 9720
5379 9905
7076 10059
3257 8151
6297 14349
1356 15510
3361 8934
1431 11474
5137 12501
7808 9695
363 12312
2785 15769
4419 15115
2889 13929
7740 10411
7573 12937
4935 13510
5131 12059
6246 12699
4602 14372
4548 12478
1220 14541
648 8024
2973 15280
7716 14835
7563 13045
5571 9129
4899 14623
290 10583
5561 11949
1473 9026
7029 14408
7535 15311
2911 13618
502 10545
5243 12729
3353 12100
4771 13847
6597 11265
4013 8826
577 15968
7000 14041
1138 10395
3678 9611
7033 9411
1423 9978
946 14082
3097 12287
5432 8445
5067 13321
7788 13513
4680 10999
3297 11507
2440 10134
7509 10829
1494 11542
6873 13363
68 12986
627 15357
6021 14520
6886 15674
3103 9287
995 11994
1667 8591
5670 10254
5595 15699
3285 15885
7325 9202
2866 15906
2447 10391
7015 13796
3317 13338
3728 10185
7182 8816
3129 15010
6737 12700
5459 11811
6279 14582
905 8716
3437 10023
7747 11261
3186 11346
2194 10151
5516 9712
237 12107
5324 9882
4058 14073
4196 13973
5784 8644
240 14478
5805 15775
7169 8743
3533 15824
6912 9697
7286 12114
4748 11736
5040 15113
5013 11695
5401 11259
5263 15983
1006 15425
5842 9466
5519 11490
7661 9413
6796 12081
3594 11855
1801 14820
406 9086
3342 13015
7051 14966
3998 14498
7350 13633
2157 12336
332 9629
3501 15567
455 15287
7116 15746
6528 8994
515 13595
1929 13516
1815 11621
3629 10221
6149 13693
4631 11498
7429 8574
3007 14455
47 10761
4773 14142
5124 8016
2854 15385
5208 14693
7587 15785
4097 12648
3462 11664
2328 13666
4314 10473
5907 8712
3909 14209
6495 15799
169 9924
5087 11255
2714 8726
7127 9579
7448 15474
645 11278
2079 10718
1820 14794
7552 9312
4615 14874
2269 15255
4315 15981
7294 11231
2053 9607
847 10640
6608 12847
4043 13136
1435 11838
5576 11282
4545 11779
334 11093
178 13057
1270 8073
3995 11327
2722 12176
286 9778
5564 8573
3991 10597
333 8896
2622 13463
416 14710
1266 13316
2334 8603
3804 8686
889 8131
826 11741
6675 11914
7241 15343
7112 10341
7547 15616
1939 12537
5427 11807
3774 15742
5991 9847
6082 8422
2486 11410
7455 9043
5601 15726
2061 11966
2844 10756
6523 14216
2771 8292
4901 15647
1187 14616
4341 9767
5629 10096
1401 11768
3460 11230
55 8923
3705 12784
90 9059
1662 9316
3299 15910
2074 14004
2174 11558
2424 15508
1591 9303
2626 8715
6764 10521
985 13963
6762 8560
3224 10268
6812 14116
4664 11580
7978 8866
2726 13029
3818 13567
5000 8945
4229 8681
3819 8301
3866 8071
4070 13209
1127 11354
1509 13114
21 9176
2883 8558
976 10554
1227 8040
6366 13135
6118 14563
7946 11337
7766 13161
3358 13142
2792 9929
2469 11156
5189 9891
6536 15241
5113 12003
730 11668
1906 12141
5160 9243
2811 13597
1710 9436
4031 12196
529 8727
120 13715
4062 13900
2944 13065
7228 15632
5616 10702
5666 13151
6925 9837
1322 14313
6783 15406
243 8226
6738 12137
1822 9768
5295 13493
6953 15985
5891 14069
7438 15843
1086 15601
7686 11355
649 11651
5108 10712
3890 13126
6022 15700
6519 13185
5210 10854
819 12255
3099 9440
3060 12099
3332 9205
5811 9771
7604 8318
444 9817
1405 9084
1495 9772
7005 12918
419 8616
3783 9653
1981 8714
2677 13019
6038 9679
3197 10783
5244 10075
2297 10358
4971 14723
3784 10660
5877 8280
6907 13691
7544 8282
2100 13844
4632 14499
7502 15209
7036 13632
3669 12001
1881 14973
5348 12582
1654 10949
6821 11870
6058 12640
979 12786
3201 8943
2372 13109
4120 13749
7001 12047
7412 14653
1841 15000
3871 14889
7841 10841
4114 10555
1595 10217
4440 14221
2226 12783
2571 12094
7782 15436
6607 14309
6365 14002
7239 12441
3786 10198
6018 8049
623 12389
3283 15609
5675 11439
553 12286
2619 10795
481 12387
5867 12932
1001 11930
2010 8495
7060 12902
6905 10552
4403 11339
5749 10857
7640 10261
4024 15282
4871 8389
729 12242
2988 9594
3535 11897
5506 15984
5909 11975
6745 15905
5454 15473
4847 15330
3102 8413
4001 9782
896 12028
694 9250
6586 14654
5372 10988
6695 10131
2141 10072
6412 10324
4090 9401
4992 15521
5419 14175
6755 11146
1692 11993
687 12085
7891 9724
6355 10661
1144 8382
5908 13957
4466 13855
9 9588
2569 9756
1116 12538
3112 10017
