100
162 84
186 149
184 108
113 139
75 155
176 73
94 69
118 163
45 64
8 71
173 129
141 22
95 27
99 60
166 192
93 145
134 62
101 103
151 46
198 19
124 78
49 21
187 106
56 157
33 148
7 92
131 37
90 74
135 54
171 199
98 96
120 117
2 87
153 119
150 58
66 59
185 130
28 24
26 165
67 144
138 17
195 127
159 128
160 79
72 32
5 36
133 116
42 102
169 20
43 140
197 114
189 179
193 181
9 147
174 38
41 158
50 175
182 161
107 183
40 6
76 44
13 172
115 70
112 104
82 97
105 137
29 156
30 190
81 31
16 48
3 146
164 109
121 89
91 11
111 180
143 51
154 77
34 15
80 136
61 178
152 167
47 196
126 132
4 200
191 35
88 168
170 55
14 23
85 194
188 63
12 68
100 123
142 10
122 1
18 86
65 39
57 52
53 83
25 125
110 177
