100
29 154
91 197
30 181
51 196
9 146
25 168
79 171
48 163
23 178
42 195
58 164
16 183
13 176
68 101
89 184
37 144
1 118
82 185
11 127
28 190
33 160
21 110
24 186
62 115
20 139
60 136
45 167
43 123
93 187
32 198
8 103
7 113
63 129
77 175
83 111
26 179
34 174
76 130
75 191
17 132
15 151
87 126
22 133
6 177
47 114
49 193
78 155
84 117
41 125
69 108
12 192
100 162
98 153
38 138
18 147
61 157
66 116
85 199
59 159
5 120
81 172
53 135
56 142
10 158
31 200
4 156
19 149
86 140
44 137
52 119
39 121
35 131
71 112
94 143
54 182
14 166
57 124
67 194
2 165
50 150
80 173
95 106
64 109
65 148
40 122
46 107
73 145
70 170
92 105
99 141
27 188
72 134
74 128
36 189
3 161
96 169
90 104
97 102
55 180
88 152
