16016016 2000 2000 4161 4002
13370998
11661770
6190539
15811543
7208594
2287839
8357215
590986
15984007
9878726
4398741
1127736
11336806
461345
2915606
12889202
1514551
9872923
14002268
6698799
4382118
12385365
6011913
4440769
349275
10813747
680022
14976682
5731999
8091453
4923876
4486488
7375962
5770068
4565368
11068910
9081730
2326306
11105512
1768324
11393920
9255400
560235
13288692
8930899
11508147
7347769
2985509
15201585
6253004
10843379
14440669
1259728
6835300
2841377
14833302
6323713
5868528
45459
489196
10738203
11458173
9000708
806817
6013272
12210980
15343975
5618284
1978397
368023
2931499
9536839
11839585
5528815
11431071
7548959
2845543
9526489
3965522
11916294
3829861
4798723
7521691
9414633
12108743
9775865
13474568
11688964
14542317
10082944
9239023
9456793
10338124
82958
1307772
3112508
5780908
13629563
14699409
8507990
5458937
3944456
2210169
13202060
10773527
2226776
13533303
804827
10093770
2624910
9547157
495765
196811
8152714
9968303
14513769
13700981
4371117
14459821
813592
2523170
10897384
6403884
138938
4252724
7175975
2208128
7205179
6924151
14045019
15765133
6263891
4664158
9059665
12363948
7495728
7870076
8021456
1790131
6549576
1359097
5454822
1822415
7658284
13723025
13000859
3067989
14847986
4981299
6697344
10632841
3699717
2439044
8737543
15914975
384565
14084190
7962920
8049550
15289485
10370913
1240371
5368918
8014941
888744
4603313
1899903
7240578
14743134
12215458
234386
9339508
996087
15087166
11237580
744834
12506901
6168276
9629347
13315571
10931666
14045745
3607614
13726579
11812322
14182645
15382069
9521384
4970248
1740414
2721908
2405670
2100108
3406530
10497856
5055656
3594740
3555107
3659145
12000221
12017561
3703299
15316515
14301068
8477609
5408949
2570569
4449811
2784938
15409552
10809266
7640882
5999404
13357186
13840078
2334086
4851572
5442147
7983310
3911500
12384843
1667045
1806700
14250551
4622095
1845007
11566840
14152934
12762955
10084751
11326257
1700449
5871540
15151594
12328350
14223667
15157076
8677035
1065934
4316948
8131749
15575935
4456352
12116968
12433403
8216038
3266414
10029684
978592
10142729
6723303
3817953
7615159
4781824
10352036
7939059
7492659
6982188
2510118
8905111
9408344
9026186
812553
2145185
3106073
2021446
13616284
8505009
2671756
44620
15629418
5138204
6031927
8712056
2231157
9652096
1917228
8011871
14575992
13707212
15011578
8619572
636882
8050916
14726952
9448328
15568890
1982633
9150334
6652022
11369584
13130757
15000835
8145525
5961563
7581394
15974245
12815794
1802232
13263451
14245528
2316196
16005917
5999712
112380
12929407
14646658
14912334
13602169
6038689
10296486
1580955
12449377
15325888
10910447
3580621
9364526
8938091
121689
11329322
751654
11256491
8274179
4888269
5534317
13444577
7787134
10418160
7292
8145095
5247423
5347475
9448493
9990043
6635487
13559139
10051795
8860126
14093237
822866
1145266
12685055
11626377
5598766
234097
14655900
7824390
1345563
10968947
2312586
13980590
11234671
1993269
7070123
11303593
13390142
6857333
10243176
14312732
9284769
1330747
14360788
1783778
2307685
10018156
9948390
4457250
10079086
11726414
2581051
8112605
1715959
7010124
2642374
5948006
13212391
2113377
9961556
14861668
13993609
12564957
15724611
12679592
15034823
13766597
8767850
8516973
3597592
4368499
9105499
1973271
12576398
7206197
7674337
14275413
10898796
7917445
6381697
15563393
14369159
10686632
542735
37260
13320561
224033
12815684
12282243
1692725
1154592
794603
14954119
11903489
4932876
1220353
11523421
2933844
3690166
1480221
13781053
6528279
15587836
9884289
12883119
15935942
4177511
9177194
7313116
14186751
15418809
8106950
5673055
13566443
8401072
9354977
10063798
5844075
15956283
6614721
716460
11246506
7309330
11413268
15825177
4454805
10605813
4614674
9246240
12435807
10432242
1529938
15506758
3585186
11096674
3329015
14525099
3089393
1262474
789873
14341302
2832188
12964808
14387048
12497822
14092260
759135
6389391
14714897
1975399
5292922
888669
12010303
15904350
7951934
14767648
95768
1741210
1598722
9314739
10031953
8503501
7488446
3296599
1868806
8411987
496784
8797893
10416486
14332409
10043822
10030913
15515153
13604106
12323812
6967942
5524012
9322344
9945609
4567280
6512786
9322388
13968048
15228988
5434075
15761000
1069364
12832773
12180688
307453
10773247
3651975
7085055
2941422
2398320
1829222
11823727
9607800
3336562
15951719
9739083
7264402
1228011
6382064
12768422
1111026
9420700
3537559
216163
15731927
2866266
15446017
11335901
11238609
3876742
15874104
8173652
3280675
1162290
8048531
7704828
5720746
10996229
8613800
1609226
3217489
9269563
10842464
12503492
12622512
15962264
3005150
6361939
4111015
13663017
8591531
6290164
13116886
10867780
7764123
13279217
10901860
5003611
15334725
8227361
15391708
8155873
5956155
9759067
14322711
6120434
4085922
2473948
12412769
13577315
1240753
15544925
741257
12888700
6387854
13674066
1596145
8167970
5708326
11497144
9923534
1659482
4838602
2218999
12312416
7736085
15698903
5161664
13630666
2624539
14208242
14735472
7778207
3363952
2604321
13791776
5901327
1592754
6848069
15871452
6108602
7316216
11959524
15440495
5239311
4183395
9128046
5261108
11377937
14135181
6210986
3512142
925558
644023
14766756
15019691
4739387
8023463
11865011
8254792
2671169
10307366
625206
9215771
10800339
8801824
10790263
11252192
8491989
5939830
10695988
1614913
13474917
14216285
15232619
12644974
8549547
14868164
10284780
15459524
4050378
7842070
7107338
9235779
12133605
9400796
11992024
8307873
5763060
15884354
12607872
8453881
7175131
462579
13746691
961002
15951169
6471207
11839021
4235973
13419199
661897
5673882
14746330
15773538
719889
14523802
14012690
5776584
12102620
15368003
1263450
15991469
198634
2988314
5206896
3585812
8212386
10657657
13455627
7739571
14557936
13915599
8349151
11741245
10703551
6478104
5995376
15989639
8365506
4098925
10014874
1153396
10475866
13684020
11575718
3098443
2167045
3757809
11362511
13567312
13789829
8133534
1507937
10767821
12504772
10072430
5186561
13304659
14302770
14754363
1359894
15120080
5736255
7456738
11499453
12879675
6792048
14269442
14842205
14752640
12138386
4604302
8367538
10881864
2150855
100337
7532992
13301140
13980192
7805847
2079529
11158840
11783007
5778042
7304616
6849103
8507509
1766446
254692
101344
15633136
4145424
8360954
2243549
10019865
3263274
5024998
5782889
15009939
12622369
12794801
340740
6386125
6191943
1170580
12013200
9466238
8516751
13159751
2857442
10397542
5202115
15339998
1104380
10720674
402082
6630973
5106186
4340775
8452342
12308159
13674444
15703947
2858410
5712973
3827912
10125046
411183
12464467
5493336
782842
8280622
15173133
7161633
4850206
11486222
11305142
4098239
1809806
10403870
4548145
2226426
11030709
13100606
13050704
4199453
6825336
7787890
8583588
5691355
9137112
2171117
10975195
14248936
263275
12037520
10790187
10268970
2539658
12932011
8793807
1005579
4462564
8687745
7066784
3368986
15422990
1602009
1096607
1659330
1185
4899262
5380041
9983633
931857
5757132
13732371
2236037
7238022
10398425
13985565
2131416
12373362
6087294
15165914
517577
2004863
960157
3566252
12797630
7426188
211108
10673785
10736899
8178068
5971959
1958778
5802173
3963352
3222697
8873857
3874071
3533508
11950363
6376760
2135567
6630414
3941564
12628438
13954265
6225939
11223620
2582446
13699430
10275944
3363564
11684484
9970421
14756455
8196401
10662949
340581
3756276
3882353
14699292
15482236
1837733
8566504
40140
4460841
2847827
15209841
13707049
3632521
9450876
600266
5940424
15747098
12088284
12339652
13672209
2538731
2969799
10988221
10738134
9880277
7657900
8886781
12909562
7302119
7551532
15344870
2217731
5697180
4476305
3125096
14838339
6578709
14147107
8517613
5192454
8146493
2366187
4488013
15716635
3043984
14776486
828856
14190682
10723526
3212556
11673971
6074704
10049017
15154403
415860
6649572
2171919
2599851
11028309
1901497
9156843
739184
14891502
13446321
14189179
15504103
14086137
12162887
9693449
9443763
12980947
5810287
14286568
8161106
932825
13230962
7432536
10830397
9846197
476595
11972856
7718712
3405711
5542448
11021758
13650497
8188162
6334485
12060767
15835725
14898142
13161397
8168305
9375373
5840432
5810102
5149569
4967927
7036420
6502687
5718915
5527249
14122893
15387902
11595101
13908573
6448566
13787731
11842159
6509800
15867816
7186572
13223326
7958664
3850980
6176574
15841239
10204806
9981257
12467590
4662544
4388064
9922535
11561605
2642095
5683830
8539483
9562628
13030988
7132287
7794492
10807204
10700560
13398453
14940487
15846111
13845716
11524392
5111015
1616860
5349986
658364
14613107
11767633
480692
3547505
3166723
12054814
2480689
13530886
6710683
1108760
5126447
2155366
4347395
4897417
14653002
13886010
8264192
10579356
5920174
15230687
8650886
2745579
8107535
3045351
6173423
11034097
542363
8993628
12403112
5348642
5951599
11224554
11639329
10686655
6059140
7426337
11049855
1580248
5182339
6333572
5840169
15267283
572221
276524
6309054
15040318
8958510
208098
12462006
10706624
9326499
6496305
9953988
13941837
58348
15936257
10669635
9973981
13487035
9547908
709178
4855040
14650560
11424068
5886321
15537802
167412
53584
4815495
10604282
12021646
11651159
10590639
8560558
2154575
14116837
3248238
4976795
4779909
7176993
12340692
7482149
1383455
6004219
4507711
12815331
2556741
4273247
442008
6119699
13099075
6009119
5004030
11237747
5957778
8052840
11319477
2532513
15161223
6546053
10871794
3681103
12224237
8633564
451801
14574967
13601784
2087672
12644292
15034424
15522808
6015475
4881588
12652307
3369353
185986
14102735
12647125
8460903
379022
3131719
11835235
780158
11470953
13275771
1486083
6487017
6155253
9294826
11290029
15613522
9109204
5136969
10076478
8484942
14284427
6709092
73812
13081071
4911351
3201629
4673237
6560970
3493057
10822281
12358084
7654147
10688072
2715722
6162058
15561510
12922637
10798966
7623248
7070101
13362706
222906
11367062
11551628
13475109
2221700
5122670
2629696
7091163
15928697
546605
13798584
2722798
13603624
8224194
13302022
3864771
13895738
14776681
1144868
6965964
10162795
12755690
7919892
14334288
6097645
9794389
1930623
9686680
4247964
1147809
2557896
7601941
8905083
14761299
15867086
2528699
1544033
377086
14123723
4030150
8911537
10336910
4193373
8294100
2576016
4423752
11450765
15296376
11639195
5986028
10286650
811409
9786815
15040642
6738351
40089
13732798
4184569
10616767
15490315
15601803
4804149
11941995
9748284
4537575
12485932
13691678
14614865
77986
5917122
2553217
6874335
1162008
5697744
7570692
12107226
2353336
2729926
4306381
5406609
11173545
3822998
1878429
13206764
15050198
1188334
12045655
11454512
1959470
5965853
4721776
15302775
13936564
11429085
7666260
5541116
3460912
11742146
10865270
924846
1513718
12144306
1606486
6255030
2865577
7278519
6727517
12260399
13564505
11901929
11526404
8403969
11614887
1624278
11357877
3379454
3245849
4147791
860483
309009
658422
8036550
836524
15911879
7517378
6419215
12594718
13608168
186985
2313162
8096729
3021640
5343690
13730752
5204486
1740205
14524208
7707105
8446703
2748169
7097225
14803745
4191829
9567368
13204412
8138247
14392776
13993510
15908747
6772291
6591350
8259464
12337754
10888318
5948271
880245
13394624
8372132
7557909
1692234
7364774
11118194
1121862
2486409
4418498
4377484
9499173
11031395
10381010
2288183
11142549
5280605
6289926
7503627
13358957
7927138
7536511
14003878
6761426
9886928
4123869
4168195
4940382
8101411
4846072
8562205
5495288
5095833
15777047
14611258
10810597
7127064
5618092
200000
8023843
7814920
14633746
7638799
14893155
12639254
11676345
6111220
10244553
9301648
1215354
13166037
7181545
1936702
10692560
1149712
13879527
8976099
14052963
10623276
6222453
8584295
7983401
8566022
2197684
14424504
9205918
9941837
10945216
2451432
14044555
2534594
1383617
4327930
7538794
11559840
14075780
13347034
15008436
14974703
3423621
15137706
12264956
11441072
1688489
14266460
6860661
4593858
12574559
4424209
1590182
152650
13479135
4778578
6266413
8016516
14563926
5236611
4499581
10649431
10081943
15008813
15206320
10329727
14839393
11961907
12636991
2464852
1562089
3142449
5835414
476496
13429721
3650182
1073186
10802372
5295799
14012915
294538
13401397
562881
13030555
3193368
7127112
11000017
15728477
4230597
1186777
6280974
9126525
10605118
14765769
10880438
2142973
10653295
8766611
14770028
8024653
12956374
3325964
4243173
3128914
9094211
14052871
5720584
8635287
7011236
10065144
1146953
13240645
5171682
3959414
14486699
2872083
10542003
2680245
2900658
6259278
2232232
4424307
5819584
837192
4416997
4472974
2803600
7756624
3264747
8360652
1301992
15673575
1033289
14820455
1148713
11535815
2011025
8994805
11430439
15394282
6470339
7864488
1634052
5714057
11267620
14758718
814474
12009410
2499729
13347870
14032048
1592189
13143024
4653092
6973775
2894475
4809391
1156498
5563590
679807
13193667
13912513
12418664
15858660
6875598
11536905
7968655
8958685
2855965
6386099
9269299
10016943
4376523
554901
5064915
4924290
1832560
2849133
12054731
6212775
4596436
12923941
9687032
11735609
10374740
2347231
3635714
14185632
8920872
2691528
8031661
7526230
12610293
5930254
354116
15753944
1306638
6135287
5578396
10803171
9576233
4823421
10912306
15963211
3729700
15494141
12252750
1281508
2973630
5704242
2194764
3876051
4087993
5541822
15062516
7436144
12770848
12115719
6614955
738474
3452974
7707675
5495882
15230501
5794303
6546431
391268
5895040
10114478
3944885
6133359
3221377
11654085
12732301
3654264
4587830
609848
3338270
8235547
11816766
4192562
1149796
13947827
7763496
10145054
9458119
8421720
2489348
6333285
5837785
1314377
15586668
5516919
12609014
4665322
7724256
8068252
8890160
15047014
7267127
4101520
15243438
4743431
911490
1279752
5724163
14632940
8866510
8284926
14904652
7176559
7224827
6121677
9544159
3211219
2093776
12093748
15991868
2149834
8436756
241551
8631660
3859782
13627181
14741116
4692264
3285678
2461922
10843172
9862302
3319965
2333410
3259148
14022859
4313704
6577726
13133612
1343072
14661105
6395279
12103283
14632052
8340987
1635114
7535040
720704
15869034
7127284
9221453
2011781
11084318
7306707
10063536
15289716
12628054
634054
8556506
4194646
3697799
13868691
3819931
10953499
10140144
15907171
4463958
6921523
1277678
2515063
1874075
8932592
2521801
8396299
3058915
14221328
783698
12139791
1827641
8315840
15593540
3435416
1654408
1137556
1217412
6890684
10693017
14227198
6991842
4821570
3071053
6689673
9327839
3467681
2603825
15781011
9016665
12637706
6710759
6244682
37606
214245
14958180
7750808
3356052
9409903
14837672
1752207
7764643
3907479
5860308
12265127
10561218
10681854
8932564
14869001
14649420
6487094
5234420
11840710
11488810
1331427
3300042
6360701
8197350
14228476
8808112
4728240
15256589
13697774
11962217
7871443
1558373
13248509
6170494
11089356
11889521
4309287
7573474
3172422
9377397
2590614
14444652
13189164
441780
4746843
15682495
444479
772289
6405349
10287720
7361651
15078277
8256114
5295154
4876976
8353034
10484074
7087342
5605295
15582449
11031010
10115614
8004318
4770241
11360771
15106703
6891333
6579945
15134245
11863035
5950733
520996
8705163
7282290
6760885
2707007
19220
5790808
10814173
10274944
14894078
1534187
3980274
3385197
6511960
5738865
10115724
6876508
14523288
1943325
881672
14106563
15622464
3717897
9697635
11782307
1276125
3697404
1142220
10391352
15076254
10604801
4012491
5322327
1035680
12856191
6638913
12567400
4719892
4369750
4872146
12384196
15071050
7956728
1919386
9025935
78930
9312729
1330353
8460984
8649223
5039856
15526792
9313039
15800049
4658046
5753539
11828971
12629135
9988773
14379717
11588074
3315896
15356752
3472660
4536682
5428978
6114263
5184241
12549874
9247465
7225928
4675589
8652186
3993837
741653
14604049
3887091
7353379
12058531
2561646
3904426
570518
5777658
6598161
10242467
11268193
7125754
429613
4842032
11444802
15337387
566981
12176947
6620779
15957608
15594923
14124148
6260864
13105858
5074747
8178552
3060537
13999097
13364825
3464674
10398951
11768520
799824
6903440
14626468
8103398
15976987
3684385
16012953
653368
10881167
6136981
10513278
1928464
4960540
6312479
9461461
2435475
2935300
13782937
1233911
2969976
6744134
12890195
14285080
14455314
6519661
1785679
13154834
1060814
10161806
8564900
5762777
427699
7189684
6921884
311058
9252573
12613818
12006418
9743310
13367488
11323390
339372
5548689
3173405
10598778
10736991
1785863
3597335
10567392
14472601
5820927
4177931
377081
11251296
644491
11676418
6640004
9677053
10920174
8400591
13859192
2222752
7169284
9161706
12717542
6750679
2747648
4235568
1103173
15659457
12622486
12626080
13097182
6109761
12949991
2498080
5431639
13108342
12549826
5758784
5189300
10424276
5934630
1778560
799288
11567631
1036740
15472498
15404965
9635245
9919884
5819941
3473029
7315954
13804721
11469462
9629972
4380312
1691 18503084
2542 3433590
3182 8366551
1478 13771738
2716 4429329
846 3522052
1009 6952153
111 6796635
2040 11732756
1618 13585212
3082 2084315
3811 17853768
81 2417863
1329 9600938
2432 14081705
450 3373560
928 2159675
658 7880775
1938 14613070
1846 16741236
2477 12871437
2547 8175872
213 8011626
2358 10716201
3801 5040856
1928 15395552
3101 19536981
202 8679596
3213 17101107
778 9909222
3500 12798262
729 15975952
306 5864334
374 3422520
3907 5730752
1114 15308187
2338 3424420
689 16782877
1950 7180044
3764 19467542
1994 2287970
906 12908230
1306 3731198
2096 5081529
2721 11372154
2787 12252783
994 19224573
473 9192168
703 11381187
1946 460195
337 16561159
2099 5294513
3183 13322941
3861 13641727
3672 14484898
485 11820657
3735 16421106
1473 19717670
1451 6199096
2532 6028494
2 1358724
496 8052452
537 18896136
74 16118529
1536 12045068
670 2391897
2830 18407554
1624 18742893
3192 1531782
3582 8367815
2713 10836118
2044 3716923
1599 9436784
1016 10531052
1352 7918657
370 4677207
3491 16909428
2214 2195693
3513 2232494
2948 8602330
3587 6278146
3580 558518
528 15222446
1062 2492918
2255 16285804
3475 10163108
1652 7862939
1930 453797
3394 9398787
660 12551674
1113 16846411
1765 4571807
2908 6625225
1022 9842061
963 6255844
1476 13184907
123 5199659
710 15678872
208 7351046
3900 710220
2849 15802058
2374 19911053
2624 538681
486 8879721
1822 7614491
1709 17390008
2125 3770689
3166 9996253
2090 19337265
3762 17940522
2974 15374086
3480 3183779
1874 8013847
2443 12386042
725 5023189
3058 205688
3144 11713128
1133 17155092
1106 11129124
200 12885368
771 2506525
1785 826652
2657 3364759
2087 15166512
1100 2832694
3169 1320389
2506 17205471
2010 12928649
2978 16884594
2212 17938994
1699 5272281
2840 8187360
1304 9718415
127 11738117
2418 19897560
463 3704595
843 17891930
2325 9399393
3006 5238762
1469 6307391
2130 4011189
381 11079251
2814 13759391
1259 19471555
2063 14095263
3726 14741789
3267 6107429
2610 16544498
3921 3304439
821 17431902
2687 7918797
174 10340322
193 4341300
329 15400033
264 5823021
1 475492
1070 999635
2433 7934993
1006 6786702
3551 1071600
1598 8809463
3115 1553885
538 15634331
912 8101487
454 4239130
3913 16773604
2061 1216115
3081 13264863
2006 5589024
1172 7626351
432 19989805
3619 9924998
3574 3618957
3631 8616706
2609 5811096
205 10707051
1161 4847645
66 14534726
2109 13751879
1472 14461963
2758 1755978
3855 818714
3252 389559
1590 9285315
1140 8451869
3132 10861961
3875 6122513
3634 5711109
959 14586728
3846 15862286
3146 2427966
2993 7556115
488 18181652
271 15647235
631 12703713
2485 11872552
198 9911286
3611 17821675
3832 5210971
2269 17608295
589 2362033
2884 3055939
3737 13155039
2653 16712167
784 11986513
2681 19443484
919 15733237
2169 17669864
1418 15917686
3008 2132125
1704 6519541
400 1935981
556 8961241
365 13721237
526 11118906
865 16234699
1248 6014777
3495 6492335
649 19836212
188 12208571
1164 10096437
1757 14137532
1909 7247748
2738 16411310
3473 10239381
1165 6304150
3363 4763710
854 6869826
2530 16571731
1954 15719813
3222 17595514
48 17119196
1877 12222368
3775 8318806
3288 14537878
1639 9306205
1173 17970631
1760 9043942
2996 9181659
2977 1972313
372 12560131
3245 8273771
172 16373142
2866 8213843
3404 11033026
4 16069424
563 8627356
1300 9324289
1997 2043016
596 12670645
2131 2557763
3508 7073833
780 14252819
2819 17433908
2938 4656684
3868 2836977
176 15704285
679 7447325
3977 19457842
3205 18692120
1465 18513076
1563 18280735
3717 14704746
3232 14645603
1211 15958457
1356 666841
3532 10331811
2297 11584501
1685 3111699
497 7949071
2769 13968209
3629 3240852
827 1294685
408 5390198
3692 6261342
1937 394470
196 16379918
1381 13864878
3538 212333
149 12149875
2832 8467232
158 10972260
3818 1446598
807 7737201
2917 1739199
3782 2261945
2344 5522691
1265 17500066
2446 3984594
3042 3316983
1180 8109132
2205 1472149
2969 17120485
313 17359064
2306 1475765
653 19207002
2746 11653151
2003 13978032
1395 18911785
3567 9790787
682 13986888
437 8275168
3148 637453
3347 9838148
2671 15059037
2950 18401766
2751 5375873
449 11455188
3894 13856160
2293 10237689
1282 9982286
3434 8597220
3509 15195310
3880 3773475
3062 3650432
3189 7001336
1545 16172154
969 4846718
420 4167033
2534 7802949
2018 11456034
1853 2256229
1682 2763085
2243 15739228
783 8423091
3049 5097129
2448 8333234
1404 3499952
2603 8453694
2277 12172491
3471 10048961
2633 4366021
3181 14880766
2382 10623902
630 949911
388 2707391
2725 6825452
1553 9144716
2368 8466434
1866 1936239
3312 16919060
2148 9746689
3065 83454
767 2533501
3064 9248259
3895 1601484
514 12082729
317 18693278
3215 9630683
1837 1042948
2375 743017
2265 3421515
1047 7540761
2370 1759155
3812 112096
3066 11219502
3586 1469109
999 7381248
2459 11912711
1041 1031674
3271 14506483
3090 6647136
21 16839310
3595 2330430
38 19786932
853 17075475
1774 17713518
1896 52653
369 17202997
1370 14989171
2450 9070518
1787 2095391
3695 10697651
2235 590858
916 7492258
2490 16994246
1500 10364473
3079 18324132
2436 18436558
3481 16287851
3403 11960505
1897 16903317
58 6154129
3925 8776614
3499 3070158
2595 193402
964 6034764
395 3980534
3438 19480001
1526 11928242
939 15144662
3168 2183326
3510 19767272
1660 9224221
3482 11790364
3445 5621486
953 46580
991 17985448
1586 425898
2824 13653512
1052 14861806
1466 12728213
42 14688409
3015 9194092
238 9726563
3269 10703130
2180 14761190
3163 4828572
54 9634467
2389 18231993
2156 12591166
3696 15568238
1481 14250051
3606 18442402
3691 1264341
1825 15073301
523 4442766
3043 13758118
2675 12622090
2958 17589395
2153 16070920
1635 14805690
1769 1180988
1440 7268991
2582 11569430
2848 14224354
417 11263279
3371 7316206
277 16781716
838 4593322
1261 3286895
3893 16643506
571 6146136
619 11942858
3678 6021538
2025 12033793
245 16424146
3246 7107031
2037 10465017
392 14129437
1547 18005179
1583 7637210
3839 4013048
3428 16719474
1780 4588058
1361 2507653
1092 11811353
2474 4710837
719 19491488
669 8189402
1001 16335666
3053 10589282
941 15244294
379 17004857
976 17605982
3924 7318163
3797 7652148
92 18675387
1097 14008726
3524 3308784
2857 14961638
1637 9372651
1183 19388972
2703 8047673
3370 15408938
421 5681031
568 9641081
744 15318450
1427 17625045
1364 12739534
3815 16858204
3492 8877692
700 5644882
3660 4651950
2460 17446519
1330 1076132
3328 3947722
500 6306732
2342 9088411
2454 4877920
3462 4266542
1531 4992116
3834 5962566
2220 9245389
2589 7762206
2281 5995568
3262 8305773
3620 1865039
1581 6680336
3571 3726794
519 1108110
44 18593138
603 4363652
3424 9675244
1151 13402008
3458 19090043
1694 2788509
263 531667
2752 3085084
2895 203952
1263 2266153
799 865269
1868 5408598
398 14530417
3701 15506872
3676 8414764
3778 14463334
1327 3477097
582 11301026
3985 13508290
2614 1191511
3989 3249312
1262 6042159
545 16404067
3897 4446311
2075 746627
1044 8292687
1030 11284115
35 11468248
2934 6071533
2451 7164312
3238 19833251
1231 2705289
2919 17281007
2572 8562696
1666 1199246
3786 9018033
32 16456522
240 9298804
3402 18320950
1861 6413665
2669 3679621
2620 12048231
394 15578300
2558 17248096
2233 5469141
3128 7734616
1516 7072758
3579 1672828
2809 8205818
3094 3207721
304 18300038
539 10679248
3257 11604057
929 19501149
1085 8181333
668 17112871
2764 6101333
3007 1333051
1340 9081838
2159 1375900
3226 16558583
2102 16811007
72 603823
2017 10687738
800 18988148
955 4662287
2593 12721983
3976 1659804
146 13423548
1467 14513970
2211 11573827
232 15277871
2165 4549069
592 17785937
1375 15584695
3227 11473387
918 9795174
1855 19170127
2889 11560820
3241 1507067
3779 19142125
2995 13533921
2175 3286493
1066 16126127
33 14483789
2343 6987435
731 19607858
2586 14414605
1955 19652638
2296 19181335
1817 12378127
2401 11130192
1129 18636690
3450 13298923
3490 4527416
1912 12937830
3306 1059864
445 5626934
1916 18226324
3299 12603418
1279 15302089
3175 9972960
2315 11998331
2373 1129856
1490 1094513
2565 18249940
360 93923
444 15721096
3369 19370139
1802 1340838
2463 17514718
615 17366401
1960 3494155
2057 2383647
1778 1844027
3573 8231924
530 1416981
968 5479987
181 8815899
2760 10422717
1215 19827938
1858 19262791
2963 8409150
1633 8108366
2852 6848132
1653 3988637
2933 8216723
738 11796248
148 12397818
3260 12358508
2723 1395344
2975 17345016
2817 15606722
2966 2617311
2818 19422607
3903 6705236
1257 19652854
2631 4554109
1468 1241610
234 14776441
3505 2543696
2271 2917020
2164 5026454
87 1024565
3809 5298596
2932 3070099
3104 18155309
527 8663472
2795 3864040
1063 12476033
1397 13637761
2959 16762493
1893 16969162
2324 713981
1703 6573262
2691 1878484
705 19762254
465 9827691
3605 2310728
2724 7954043
2314 6305054
3653 17778418
3901 1908907
3935 11566359
499 15936118
2651 15938521
3416 4072221
3790 19896925
3530 9116421
376 5432753
1112 6110227
2444 4149843
1964 2686337
678 14105829
2098 658896
1506 906019
881 1989014
3001 12633413
15 6893324
3366 19184350
1278 14416181
2781 9143145
3025 8540104
628 13095648
1127 19060038
3 9598422
3756 1681406
2860 4641112
2673 8442159
1079 12956245
3176 772754
3733 17628284
3862 11122317
310 18956938
2078 19594883
1638 3141558
1696 19085052
1799 4592256
3406 9155884
601 11917105
2054 10668982
1677 2392703
1517 14189536
2520 4112883
64 4245772
2728 17713352
1976 17207989
2227 4657306
464 3483004
3208 1279190
1322 17258414
1444 5203242
785 3106802
842 14978586
888 4536262
3588 8576574
1908 11574337
1503 3644558
2335 6975384
885 1610589
3225 13488726
1249 6432814
3456 1243213
3231 17660395
3849 862642
1084 7651248
851 14080963
3659 17528127
3383 6404227
1365 10994390
2514 4957882
989 12536520
646 5834215
2302 9699626
2968 2246408
758 3501521
1648 4713490
2499 11711877
2994 15490335
1687 14190157
2196 13901476
2198 7262748
2680 10732629
2793 19593901
1585 4349608
2550 17305228
2612 6097325
569 6779682
3195 4366246
2967 1042465
1605 14892706
1695 14314776
3915 4408901
1747 7890569
3804 10133308
3056 8319547
1117 8102400
3143 283338
1241 9134133
3817 11115142
2712 11371690
1208 11122211
2961 12715917
2606 7857214
1943 10049129
2283 4561141
2489 7628223
3570 9360815
1145 15998270
3374 7891504
224 12701110
1820 492565
983 4703517
3466 3823283
2248 11751697
3598 3351399
336 9552384
2275 6307391
616 12397695
3767 10642683
3750 18832304
2850 801530
1031 11274877
1958 11403157
2103 13607354
2855 15211077
3109 11518446
2438 5508824
253 10666938
2056 7224743
2210 11096715
1290 19273155
1394 11616494
2354 18539113
68 8766428
2885 13991331
1867 16494690
3196 12547921
1646 11347531
1737 6454754
2498 8887228
2749 1019148
680 16187200
2174 17289138
796 9479893
977 2652734
2998 18871446
3523 4655079
3697 19958538
1975 7767674
937 946991
613 16998213
1944 9796510
2965 19194333
2206 1449082
3297 12214298
2202 3087442
2031 7497426
3715 18451151
237 35519
721 19672769
2369 7195401
1038 10842628
138 9727307
3498 6947984
2245 8953876
754 8398810
1417 19880045
3448 3840433
792 14030749
3389 17499767
588 17697809
1154 12517258
2615 18852050
433 9765711
3003 2400072
2122 12605996
1288 19987690
688 5188095
1475 1431633
3998 9416855
116 19933872
3871 5992438
31 12596042
2393 19778286
3641 17348676
134 6211876
2493 19531522
2605 3271782
1447 16117510
1552 4719386
1784 3365345
1055 19503583
1401 891992
235 3376053
401 8632079
2082 9934913
2262 9678398
1833 5366571
1076 1700869
3928 10200151
1587 10875980
1752 11856985
2704 7510437
353 12132040
3920 4873976
2949 3769793
634 19977889
2960 1382788
2872 12349802
1178 19611776
1775 6280652
923 5129535
1234 18477208
1270 16333638
3630 13370856
2537 12777357
1992 17035769
1442 11030779
254 5756019
2467 11782927
1312 528427
1966 18652151
3514 6000191
23 1230447
3367 11878368
2913 8834830
3919 10418362
2972 17398647
986 11850498
140 4082811
911 3789767
2004 17849696
3702 2788037
1589 13448700
580 18563465
3609 12273697
1904 4738489
3626 15632416
2219 18473553
491 13650897
3017 13540735
197 15019013
1806 18774704
1864 12493416
3173 13564165
1069 3497434
872 1302788
3484 10006442
2475 11166049
2786 19373604
2357 13680783
1693 11922947
910 3300895
3194 14569551
1301 15261157
1168 9770910
3264 4494384
3488 2778906
3134 4011209
2826 15680921
231 3502993
3197 14009690
50 4150001
2643 7963545
716 15048781
3408 548419
1504 8262488
2719 13385030
3974 3541214
1408 312878
1645 9974241
440 7995533
1627 15975296
2815 13175889
3792 4621300
335 15720597
2887 15778627
341 15137105
1847 1073284
2690 18054675
2641 9054946
404 10615963
142 9075141
3965 15519644
2372 16652188
3898 4751077
1758 16497573
1367 7915968
2853 19190541
2022 16687130
2922 1979689
3648 12220822
1391 18614562
2858 19487627
1093 14213555
1591 4401915
2091 4523494
1271 165678
3576 13866250
2562 13062130
2313 9033551
1803 19151666
1193 7006319
908 11039910
812 221707
2380 11571120
2141 12219518
3443 9679299
459 10997566
1808 13539302
1607 9704901
3572 14428717
715 16387933
1225 4912950
3020 2163754
2364 8341456
533 16752731
1446 18564082
1351 8267499
2316 12400534
1557 14653454
3031 7391281
666 3567791
3446 4371306
1801 18658409
850 14864689
777 13858956
967 6275154
3718 720724
1210 15133307
2326 17590266
1345 8494081
3419 425208
2047 16522844
1281 12704515
2527 18610763
3710 10673092
3758 2197025
3541 15999196
1207 3599033
1190 8473428
3607 1524707
2594 10822345
1865 13753042
1597 8820661
3528 8398494
3153 16269928
957 1545640
453 12751575
2528 1757411
2188 10523519
2549 6785434
2246 11449628
1962 8391116
3917 6657953
2280 11834462
3261 10736006
3343 2867114
327 16087336
2596 5169078
3847 14261166
2755 8438218
3211 2136042
594 8102494
2300 4802101
3599 15753628
2940 7969244
1293 9917520
3858 13333621
1095 3581603
2469 7690901
1670 2216223
3987 15917039
2801 11739941
494 14963030
1797 5363145
3151 19332899
722 17521984
2292 10360913
1881 16836624
383 19478787
870 12888367
1714 14264814
475 11230180
3805 12035935
1010 13049986
3795 13804546
1565 6580124
3791 8949709
80 13004544
448 12853248
3857 4069276
2899 18749889
3319 4567479
2359 19993
1004 1349576
2710 17625618
1048 8063146
457 10118349
163 18935949
249 17906146
3032 11074029
265 960031
2253 16935619
3384 6032936
3870 1026830
3625 11165106
356 2806122
434 15172871
2956 8896473
1411 1674962
3540 12152715
3388 4542093
2851 15812826
3327 3393335
2629 2413124
1457 3360191
203 18042635
674 247977
1899 4805488
168 18799810
3560 17799178
3518 8228493
3693 1398106
890 4695564
1108 5937068
443 7048517
3291 16198759
1343 19474694
3739 7328817
3569 1479229
1832 12024440
1291 19668986
2170 18781560
2084 17510922
3119 3397823
8 3805526
3658 10295486
441 15867804
755 434401
1675 16750729
291 3306383
2554 2205923
319 11304453
3019 2265207
2552 12910140
82 8956145
2353 19221309
18 14457782
2583 10449351
2902 3271721
1441 15772578
3441 2691132
555 8599255
3981 3866809
765 12931012
3149 5441798
3193 1308142
621 3797670
2249 15293727
2386 1764823
2171 16317863
1099 4768832
479 3467193
2726 4695808
867 6118354
2378 11109576
95 13549713
446 7086593
3285 19626891
3533 3198535
599 16799761
1024 9032579
2747 1160632
875 17460042
3228 3495805
3110 6964946
3819 9749941
3781 94676
78 15093009
247 3786126
948 10525205
1863 11482183
1450 5225636
921 13245619
1786 10174231
1430 17417626
1143 10779450
3688 10835319
2228 796939
2519 18488356
1501 9330724
3386 9528940
187 17124406
3810 10716587
339 8620345
125 6541205
2931 1537073
2088 16580357
2351 13744861
856 18239279
1284 1240506
3454 10843037
742 16681193
314 8695435
1026 10553251
3422 15837090
987 14670532
1487 2784963
1796 19385868
3012 5656616
3201 11201343
2754 321537
1015 11107511
552 10126432
3554 10967548
839 4566999
2788 1303665
1273 250183
1123 13876866
3097 14559011
3172 2810341
2702 10583533
2218 11261213
2906 12244108
697 19580530
3116 11191446
996 9421360
1464 16760606
2734 8622212
2445 2678915
272 9863222
1118 14712233
701 5334150
429 9884140
2274 5564608
1756 17595188
1109 7061919
2875 7095265
515 7197614
1067 13608757
1576 17141596
501 3845900
1276 17498852
1212 11822914
922 18540328
89 13589274
3303 12851840
2696 6696568
1640 13736612
3360 198557
3219 9452429
338 13004533
677 8928342
1543 10780209
2733 12551637
2846 19657540
1566 17099929
1260 16353679
859 8153429
942 10633832
2844 1179287
1484 2942633
3121 773245
1697 17595005
1121 9538275
405 18733498
1611 12426657
724 12658911
3613 7004765
3752 8664017
762 13370784
1991 6228294
2285 891128
1592 18072193
1984 7460037
3014 10137941
3602 2120770
1983 17254400
3827 6649145
2345 16751232
2742 6985050
3828 11891292
2176 13010242
1184 5992704
3336 17052842
3089 18217572
798 10595033
3277 2693578
2579 6173086
1334 1176171
259 4532559
1214 19352305
587 8678226
585 2586834
3683 10691185
2538 2660007
2328 2084374
2367 10297682
1533 727273
3073 18408720
1632 1387
2127 11049790
1050 5202398
1511 1743908
2756 3729335
1987 16027712
2186 18278891
1876 8257369
663 19694691
1764 14876011
2279 3189227
2882 11813611
503 4471760
1662 15601402
2920 13470105
791 13010608
2510 864036
1885 7194756
2179 12276244
2604 9381518
1027 5545155
423 16917515
439 3499148
612 15501270
3982 3196420
2745 13389162
3754 870999
1311 14191649
3789 17441810
3947 18032244
3698 5227124
2308 16058520
1035 14812760
3334 12548353
517 18220875
2911 6993454
943 12196262
2667 15276516
1058 2977970
3914 17584353
1977 13000342
154 10623183
3137 8298130
1429 6631483
3415 15860817
455 18248345
3233 7229804
2187 17098312
2024 8742756
3202 13670654
3377 7444432
299 2995668
3657 5527901
3152 142618
2779 4893026
1196 10934596
2674 5404916
2028 17187673
2685 3368335
1708 5812979
695 14883364
1383 10795897
2546 13215281
3320 11025604
844 15456975
1715 1825860
659 3470479
3159 2408003
972 15225964
1838 18962257
1258 2771417
863 6360240
77 3138222
255 17809959
1159 7199699
1410 9929150
3029 3182260
2157 2523562
1227 4462262
604 16200147
1815 13076077
3826 8611954
2744 16166758
2215 3614714
3549 10260275
1993 6583830
3324 12774522
3668 11734744
1082 5700586
477 8778446
811 3907547
312 853099
2695 10607076
1603 11593039
435 16256252
3682 10580477
2377 4935600
2945 18279319
2177 5199801
3501 5339378
1722 3899520
3382 10750626
192 16373703
3674 15126978
3421 16626008
642 16553620
2660 12715782
3206 19743283
3047 16750349
1843 10397567
935 8398532
3565 2972442
1794 11636655
2041 12839388
3474 6414958
71 4457439
1751 7752163
2571 16916350
1602 12760718
490 18450765
1972 4982197
3365 6058880
3562 17636169
2134 14486770
3584 5960634
2101 18598715
3397 11443088
2843 13879606
1525 18935724
2642 1156740
573 18366023
1458 4175184
2543 7697897
2066 17528836
2635 16875159
3978 544441
504 13298800
685 13319244
2261 13769692
2095 13629139
629 7876777
2711 7679658
1724 16230337
3575 4750008
248 5912791
1969 5459807
3632 15448187
2505 8231239
866 5124416
690 10333354
2782 18457170
3844 13149886
3585 8880218
1777 6782241
2957 16706193
2232 18282453
1213 3585066
233 1109987
2173 17368179
1953 18750335
1829 4760188
2282 14001808
1272 7536577
1238 15870674
2197 967141
1746 13537248
3154 12115140
2108 11351395
3325 4793147
817 13841797
947 13295650
2929 643965
361 15539996
2823 2832703
3125 16907375
2664 12697453
2425 1546050
1166 6970044
3224 1772636
2365 11992085
892 4517313
3912 12455958
236 9650635
3364 19054725
502 7757325
1432 4014638
1002 13889777
3329 14479908
3346 9758503
3039 3765773
3583 17394813
3046 14613181
2637 16445492
3877 9962597
367 3043918
2976 9830132
900 17920698
41 3411658
1636 18540215
3013 12681305
1420 18834772
170 1205612
10 15577299
3969 3180939
2162 14105856
2005 6780380
1132 10418009
2015 13514397
1454 4756992
2839 4674864
818 1538392
2086 59603
2686 14252245
2301 5289729
1171 2975959
1080 12614713
3477 11362035
186 10250277
1358 10902006
3709 7623302
1045 15553638
1739 3728125
655 15954276
1398 12571928
1931 18784685
2621 690223
1535 15889287
2449 3025091
34 501665
945 18263102
2409 11697609
2568 13767329
3896 3666942
1008 8802375
1071 10893908
2081 10515980
2504 3638128
609 11832199
79 8923873
3639 11570405
3258 16282989
2529 18026115
3287 14589680
2455 12790171
3108 15207875
2105 17956769
656 10326433
3140 13943169
218 12381578
3927 8436521
3069 209693
3527 14996102
2750 15993110
1494 19681469
107 1618209
1240 9090374
1555 19078092
1385 160405
3171 8146298
3281 15768575
1887 19990837
2513 6684429
1741 11376389
430 6701329
342 14106410
2964 5502995
161 10623768
1406 10221177
624 17677480
256 1067123
228 11783491
3814 7325726
743 7685386
525 9099224
1811 9030712
1573 16292123
3544 18202900
194 3223249
2785 6273763
1978 8870424
1824 12892293
3136 16060742
3035 3264041
1243 8858931
3616 9077476
984 3972172
2294 14334878
3794 6936993
2254 3554728
1619 13581003
3776 16765531
1980 10657232
2123 527644
2417 16233034
1539 2317443
2071 7808356
3730 18413669
3368 1694557
2132 5182860
1617 6359137
1706 12818569
3106 1284904
3885 4663294
1569 16241495
2223 17106992
1103 2346903
3087 12986642
2145 10184744
1348 7208550
2897 18827018
2116 11706020
1091 19452944
2626 11595814
3294 5271484
3833 10719372
848 7176492
2027 1963829
1578 5959111
1683 3374834
1371 7147682
2639 12331446
2812 16278987
1188 6907919
3372 16182484
2229 8866656
970 1776578
940 15217659
3918 1221949
1169 3264913
840 8379058
3302 6597381
3729 14740178
3268 7120730
397 14615656
549 8022313
352 15902650
507 19029055
3941 2666900
2026 289904
3248 12846561
2183 17806989
747 2059166
3956 2253948
2356 5554315
2523 4727675
506 6725516
2414 10149757
3741 7152060
3967 12153304
3278 15606759
328 7771544
3091 14853722
2737 9246311
3476 8682660
1346 19373536
1613 1393970
930 10669916
2110 8793733
283 3946051
3852 8492549
671 19964113
2767 17211095
415 10441907
1405 14111834
2447 3811508
858 3487841
1959 1424514
3526 11252222
2462 6665669
831 10507773
2881 4849949
1673 17326797
2146 3594605
2778 11387002
262 15184171
288 8274936
345 11219124
1559 19936211
1170 8486121
175 2899509
1631 6598596
3044 16456825
3055 14202588
3170 13114681
687 2785424
1230 5779616
3335 16109329
2322 19636372
956 1140025
1658 14307921
119 2560150
427 15585741
2310 712695
627 10153274
2682 16168017
51 1365369
2347 19350237
3357 5008235
132 2629094
1224 5898293
2395 2321609
292 7042926
47 3288991
3457 2003686
286 19886134
1414 8275268
1793 12541309
934 54191
557 4026590
1075 1115669
2608 19440367
297 1913916
2720 19099874
2421 14262839
2346 368004
926 4041737
3955 16491663
2319 18044269
635 13990161
3362 9176210
2759 10811726
622 5503348
2837 3880067
3512 2172645
2049 7267875
770 15273315
3716 1501760
696 9689982
311 10530848
806 10201417
3220 12545757
2886 13643549
1018 18418990
481 3942050
3076 3605866
1875 3360476
141 5492693
2014 7097592
2120 12877733
2497 14389046
1575 15214073
330 17407042
1205 6988609
1782 2838808
1433 18197030
1226 1644627
750 3899662
3938 18191362
2556 2464345
1203 8621424
115 5024939
2581 16843784
2905 9530416
351 10370551
1892 16618948
1396 2784019
2158 7830231
1116 14961934
1763 8768785
1460 10501586
126 15941382
1419 14447479
3525 10873916
3664 5930912
289 9752423
2030 9505589
2111 4179092
157 9670171
3018 95316
3850 2474956
3092 9368623
899 13049754
1601 13133869
2013 15233596
3593 4154533
2923 14813848
2808 15974045
2618 16867163
1614 8941778
825 331938
1540 11968874
1245 4210265
2327 10223791
3067 12735234
883 11217509
2398 14099651
1716 595717
1609 9547146
3296 4484096
2800 7278544
3699 3037680
3493 1961170
1616 8103884
2790 14068132
2879 13802917
1952 2426136
600 8644260
2775 3679052
3339 1059281
2573 12826359
3317 4105740
1086 13726613
1492 1706291
3123 6255650
3427 1550381
2371 2094840
3289 17863533
3803 14064509
2650 14023621
11 8493180
980 12872082
1220 7689035
3387 1252576
946 18963903
607 10404704
2039 8625413
2257 11659703
2694 11024224
1522 11360563
3098 3118921
93 4782389
2522 12914393
3133 192057
2803 8417422
1932 9406445
3147 17099963
3270 8790022
2396 17789766
1630 14451708
1879 13364934
3876 13908381
1074 1879015
3315 1151266
2970 2960677
1626 2708095
1895 1713170
2453 16875757
3738 14732144
472 4362841
3080 8037435
2986 9879665
1335 9025599
1032 10704053
2201 3716650
173 18282602
2329 1980106
91 11872292
1443 12869974
520 6337820
889 15993057
1386 4574528
3765 15443962
3725 10084324
1485 5935844
1336 15242261
1191 19986495
611 6545072
749 4424118
3972 12937569
3808 3029701
1422 11898398
2515 7025271
1477 10898007
2924 10586653
1772 4342046
2916 3615402
489 18497957
1298 4085217
3681 17404402
3872 643556
3305 8759471
3561 11608590
3096 17836099
1266 16402939
739 19727286
1131 14018167
1594 15058790
793 13190958
847 2518161
13 14885313
3273 1195186
2079 12915521
636 1895584
2877 19095593
2178 835724
2516 500271
1415 1488952
2813 2424163
1146 17588734
3867 4094062
1461 1912771
2305 6853008
1199 9715618
1831 14180693
409 2413777
1529 82989
377 14565070
575 4496939
3798 8452934
924 14150871
896 4230053
2424 16498479
852 16401479
2161 232984
1701 76082
156 2812784
3995 7660141
274 3457341
757 12663863
2118 10135080
3645 11574310
40 15408605
3243 19016743
410 6077760
3127 17065307
2807 32700
3122 4383662
1493 15623551
1524 7313598
2507 7458227
86 11600596
2496 13904087
1189 4964412
2661 18548361
3667 18239487
467 19788872
664 7884180
2847 16037786
2137 12214346
1935 9600030
3714 1889915
2771 17937773
3256 3484768
1147 12374665
2435 15278861
3961 19265659
3326 9578830
1246 13989547
1813 16586190
1871 11614014
3247 9387863
1412 15159284
2226 4592881
2587 1908183
1641 19953809
1286 15829944
3952 14954269
3757 18354589
3707 8512506
2559 2148692
2666 14675080
3946 3293721
2557 5044930
1554 8200913
2805 2663036
2252 10209323
2684 15302410
593 14466349
431 7276801
1921 2428004
3889 14910338
1818 19976043
1362 3031887
2766 13823364
2473 3142240
1158 16189715
1403 13014664
3656 5987555
1037 508674
1400 17709740
3635 12346110
478 5803918
2555 13271306
3027 18469897
3534 15088619
1918 18176950
741 3350936
512 16723425
2861 13570017
152 8404525
3926 4983564
3207 16018210
326 1828575
1610 10228954
1384 8542721
3743 4852997
2827 4498861
1518 18144433
2073 18674367
2404 8602631
829 15712821
216 11077900
1073 14608898
3111 13522567
561 7923276
2561 4143046
3033 12379757
242 8566670
349 4872560
1791 19352161
2189 4040690
122 14101105
2287 6815979
2138 3602114
3728 13654720
2289 18907807
3911 18934759
2739 6319428
2715 788762
2578 2203956
709 18004521
2611 18306109
3071 12258442
2384 10526841
2077 5709402
2267 4912140
2482 9374266
1310 18841232
3187 11623649
637 5725065
215 6988582
1848 8900664
518 19079733
2251 18146585
3316 17357321
3623 7848506
2705 16885070
2676 10050940
632 17306269
1435 2570244
1023 7620677
26 7926291
835 664885
390 11755521
2067 12895227
876 4650500
3727 8183935
1971 7744704
2046 10011653
3190 17737885
2951 1566222
2987 7732238
932 10097187
3873 3493598
3537 7565435
3359 2565152
1759 19568985
