17160249 2000 2000 5000 4002
7775887
13570785
10109057
3029521
12286149
7611815
3397711
9480753
2561297
5358697
6167103
6399221
872461
12814431
764411
7475767
6723393
11573819
6191131
14943507
13166621
9388735
4458273
12022055
10893493
7751925
2397251
15079591
3857985
11033573
10961539
9724923
13518821
1076605
3377757
8672405
9264703
88119
960557
14915533
14135145
11445803
8644405
2401287
12062117
12886531
16764471
3870029
452323
14819505
7391795
4130167
10013109
8636423
9997105
6235227
12130175
14555389
12314271
2245241
15860047
744495
2049149
5166709
7852053
3866063
248257
2569419
2509391
16960615
14283279
7587935
7335811
4270281
184241
16900597
3842073
11633969
13767037
14015163
12646481
3830077
10685505
9632981
12006169
13919127
13566953
5819083
15700023
12722537
15599977
4218291
8356361
8556463
7668021
8068223
2721553
7043715
9504947
10545469
6531465
8356379
2533471
4950681
1280849
1637029
7503963
14691557
12514471
9841137
2453447
10529485
3638043
14095271
4762609
1320891
11830145
1024747
15828147
16976723
1456969
5675079
3077783
14999743
1240869
12886691
6075289
4586547
9849179
12350431
84303
1925225
13438981
10613571
16184357
1917229
1248897
4446497
13442995
14379465
281
16384471
8576571
7924247
10481527
1088835
1180883
1557073
13487037
12746669
5555077
13955277
7556081
14983795
13499055
15632123
9913267
15331977
15524075
3962299
2221431
4018331
4026337
15051849
3293975
14799727
16512585
4034351
7139905
10809741
14963819
13246963
11201943
3245969
8468581
4514607
6943823
5086897
8088399
9693203
14103409
9276999
3918323
6663697
1521129
1529135
8624683
5931339
716735
744751
12710733
7664213
5295031
9985377
13499135
2925853
14019399
1413101
6759775
4506651
6359579
9112957
14175489
4490651
1313065
2413617
4814819
10789807
10833831
8100467
1088965
12874857
12418631
7932391
10513683
9157007
124495
17044953
352613
12322597
3310095
12074477
12334609
13915401
4278587
6715807
16328613
2629769
13070989
13607259
16844879
11682301
12754839
14447687
16400665
8908923
8380661
3009979
788871
12466709
1929445
16772865
11902433
684829
3230103
7692335
2869927
13663323
12302645
7508251
9133065
13551275
16952977
12482745
6711863
11870443
5743383
9085055
12570799
15408219
1981511
11358199
15560301
12526787
2717887
8452755
2293679
2946007
13715391
6787931
12442759
468777
5763425
13055071
8756925
1277189
11882491
13567335
12610859
8116615
1857489
1901513
4722925
13379253
10513823
3978559
16060599
14387765
324739
12102627
11914535
8412787
9985575
7296233
3442309
9137157
548867
1869529
16516851
628913
2253727
813009
2934071
11454331
10701957
7600409
16841029
5587407
6944087
16016623
15272253
15272255
8332789
2822037
11854553
1081171
13299279
1133201
152713
16268769
15644459
8136709
7068177
12310799
332815
1425363
3466385
7352329
652983
14159735
16981147
5631477
13795559
6075703
14539935
15688511
941143
9573459
7640495
11702527
14031693
12374867
10593979
13887627
13859615
14043709
2553969
8344865
2373883
6299847
8252825
1837621
14019711
1285349
12635023
16444929
4382903
4907167
6860145
3858647
2477959
3838641
8248847
1809631
8681067
4414937
901183
12270867
11730599
8216845
13767621
6367925
13491487
8629059
11862677
3250375
10710105
7084295
14363935
797157
1005263
6019771
4354941
3254393
5335435
15736635
2437991
9173359
505029
400979
7616587
13643601
12755159
6876223
180879
7868723
561073
8384985
7792691
8425009
16453023
6648125
12867235
15180393
5555585
1149385
8485053
9049337
13367497
1677657
737189
13515577
3450549
1901777
15408529
4274967
11182421
6492079
13123395
5127401
4294987
9933807
10069877
4339015
7880787
9377537
4623163
14219961
6720215
13083397
8645181
11670695
2145937
12407067
6748241
2822281
8889315
9713729
12323035
7000377
10302029
8673217
15376569
15124445
14604187
5951865
11966873
16317049
9237513
13167479
10322059
12034917
13803803
12082945
1453635
1833827
6852337
13391607
4307069
7552693
837339
4435139
15220531
28941
7740797
10534195
15248553
3690779
15324595
8709291
15056465
14063971
8357121
5443667
11258575
11834865
17017457
15548725
16793349
14988449
16117015
2410167
7088507
3562747
16353141
15828881
1933939
12323133
5315633
1129543
6332145
4014989
14984473
8513241
15608789
7416697
9553767
6464225
6740365
11410701
1817909
11842921
2570289
2886449
7332673
5747883
6308165
13119571
653343
9693863
3302671
12887463
8505275
1173613
2982519
3078569
537301
10242153
13135601
13371721
16141107
14208143
15957019
3490791
11226659
6660379
4807455
6980543
13383745
14416263
12411263
3730927
5579853
14504315
7116625
14800467
8073107
1169659
8885517
5563859
6816487
9045603
12219191
14268217
15977073
11358767
3450817
11762973
4863527
9838015
1898049
8925563
1393801
5755983
11262737
12419317
1101663
16781501
12279253
11298765
57149
6148195
10930587
173213
10002127
1866063
16217237
2486377
1641957
10038155
13868071
3694989
14080181
569431
15873081
16997645
16741519
12227265
15853079
7232773
2646483
9229775
6096211
9357843
16469399
3154747
15877107
8089217
15528937
14252301
6580469
817591
11458911
1862117
7773073
6736557
10978679
12315349
12759573
14380385
13724059
11478939
1786097
11879143
16277343
10142279
1189807
6724575
7140785
5291863
11266851
9842141
8349397
4427439
745601
7480969
13696077
13095779
5692081
5411943
6484481
13684081
12339411
8173331
10322407
917709
3635069
11599051
3338925
5395955
9361939
14616567
2202365
16873699
8269401
10394465
13480009
12199371
629591
7440997
6720639
9842201
5940253
10090329
2254415
10058317
16469523
7256921
6140365
17021805
13580087
16333465
7917261
3447029
13095853
4443531
10210415
14412517
3511071
11118875
6952795
677661
7681163
3134893
11158905
637649
2146405
14372517
3831251
1350013
1498089
2234459
13083883
165429
273485
14476585
12359529
12299501
2022367
8657685
3755237
16997857
4031379
13528127
11763247
16817775
13127933
15653197
7253001
8605679
15609181
7397079
12891827
13087927
9266019
2626703
16581679
15192987
16145465
15889339
1053927
11207003
13644223
8101455
16417613
7209013
12687753
7521173
9250039
9570201
12239537
9089965
7092969
10170509
1454155
8933895
4919891
3243055
12023445
15629249
6260569
16673775
8993939
3851371
12235563
5604251
12839869
985947
16281593
6524719
8081499
5732327
13264093
3823377
11075003
15917425
7028985
6452699
1422187
3511233
10006481
7105033
14384673
12243605
15637303
13564269
5628305
10462723
6668829
15645317
11271133
16481739
12591797
3911461
1766391
15601307
3107065
7137081
7317173
6036535
4063551
1746395
11867455
2518785
5636345
14460757
16689873
9658361
1018045
2238657
813947
2422753
3363225
16950017
1054075
4655877
16073585
15157129
14468787
7773443
15305209
9186153
12944033
9166147
1906521
2390765
2979061
14204673
9334241
15537343
16757955
12295727
13564363
9546357
9642407
9194185
10490835
14560871
11971579
12183687
12739967
14428813
5000103
4912061
7177195
15821517
14953085
12495859
9666447
7049141
8577907
12948093
9674459
7873561
5696475
16681967
2194729
11027145
17102183
7189231
15681477
9022151
6392839
2674983
11635463
14228761
7213257
6813059
7033171
1230273
11267291
4567945
13776549
2839085
6905119
6088713
11251295
1726537
16445895
125741
4175767
15961659
2807087
15153259
2919147
5668523
16666021
1498443
1386389
17022205
1598499
12836117
12503953
12900153
14296853
7525471
4884153
6220823
6052741
5256345
8113775
2715079
2715081
2999225
6004729
1238349
3775619
12083773
8017743
9730601
2619049
7985733
4776131
6525007
17146317
9042269
786145
2631069
3019265
14649079
2438979
2082803
4395961
11379453
15293411
9458497
11071305
1110329
4163857
16041795
14336945
11755657
16674117
2222897
7749661
9334455
13064321
8670127
11783685
6785189
9514555
6120861
1498553
8313961
2583099
4908263
3443533
1726677
10487057
866251
11383509
14581109
2551099
3907779
14469059
5296477
8662161
13104383
4336003
4035855
5528603
16330003
11803743
293993
5932813
8450073
2815259
13156429
13548627
11787749
11819767
4524123
9842783
10383055
11203467
2106923
8770255
3883815
11511629
12864307
4047903
15785771
7497631
9658713
6885329
5172475
9582681
3811799
7357573
14080935
15645719
806305
10283043
15901853
12139975
13472643
7281551
12648235
9062445
9718775
2094967
1650747
10939391
6773311
14405127
7689773
15417637
10971417
9758813
12364117
930405
6337109
3219553
4083987
14024957
2415157
9722811
9046475
5020465
2315115
8582249
1118521
16278099
6645287
1046491
17006469
12796367
15401671
13132539
1674815
14581267
3467715
11023493
13668817
4736355
15413693
16386181
11875929
1070531
7777885
11043519
5464733
890449
390201
16426217
8370193
6033027
9034529
12584305
15061545
9374705
982513
2507277
9146597
11787919
5608833
9210635
222145
3251661
17026547
5084581
4600341
10783433
14953519
2219157
14713403
16290193
8750427
13736921
4544329
5584851
8754437
1798963
4240185
14645387
9895015
7293717
3103625
14857501
4744449
6497327
11123641
6985575
13905035
5696935
16130151
13328753
3579883
15585885
3727961
11107651
11011605
3255731
16962583
16610409
15313763
4992607
9791007
12524375
15757993
3179709
2411327
12836539
3723987
4452353
1630945
9606933
4188227
4168219
7661967
2891585
15081679
1462875
13620953
4628461
9638967
10999649
8290297
3331821
13612961
10039177
10835577
2467397
8342335
2715525
16086209
10463401
1498923
12092219
15113731
4580469
6393377
11243803
6901635
12716543
13492933
550467
5100743
8242315
2843619
4316357
6493447
5276841
15097751
2283349
13629021
5977199
15421921
7337883
9823127
2495467
2387415
14125283
8782615
11840145
11095775
786625
12188325
15285875
12764617
5637057
4984733
8446465
1947219
9362927
14773633
6857679
6565535
6681595
782649
10899707
1895209
13529025
1426979
14025277
574557
4220381
8846695
6985767
2427491
78319
10367463
8210387
4824697
14273421
11940257
3415999
11984283
2243417
16358473
17130861
5925263
11460031
6525567
5024819
12848731
6117369
8374499
16766695
6165399
11123879
3384013
14905773
2599625
16814731
9707181
16062359
15514087
5421045
14117393
7125901
12336507
2635661
5337013
16542615
2639669
12412555
642675
5168939
3488101
9214965
6729725
9443083
5701215
446591
12480607
10171455
5445095
16522633
11936343
2127443
6113437
5072919
5024897
14997883
6617697
602693
16078429
5213001
12500645
16678735
10087443
11552177
1443127
10447629
16146479
3656239
6177501
4292561
826831
14853843
11932385
3660253
622737
8326589
13737295
1871367
13801331
2595733
6353613
8906891
14909893
14953917
9631259
326611
9527211
2383643
2659783
2419665
7706309
9687301
12980949
1723325
9423175
8030481
4260599
6441691
13117029
8734841
8882917
610785
2767865
1515241
4376673
7434203
14189581
13829403
7946465
11440213
15094041
16458725
2555779
2839923
11712359
12720865
3460239
15494255
16995007
2275653
9699365
16310671
4952997
1279163
10595821
8694873
4528793
6954007
7638351
15902483
15938503
16562817
11132105
17139109
4904997
14409749
5937517
10331715
5561333
5573341
7162137
5933525
1211167
16522821
9575351
9735433
7142139
14741939
9711427
11192169
13025087
17075113
12188673
9159161
15158161
13941555
6401789
5117149
14109645
7722455
10671931
2371785
754979
10227715
9979593
2583899
8871043
16226721
10227725
12264745
11756493
6441839
16118677
12356799
13241243
15290269
4592925
9147203
13413337
10095681
3648461
9883579
2499891
13133207
9655471
7314303
8598947
17119207
14069685
198755
2904109
4644981
9659489
1255291
17023173
15934631
731035
2595969
15586463
13609477
9111231
12781067
1831597
14341851
2011691
13853611
7518447
13057217
3876631
6794091
1015205
13733563
10744071
15262331
5449429
8026719
12921167
11200309
14405913
10355891
2884159
12757095
15842639
15566503
2311881
6049751
13209331
3100281
7526495
9443455
16783125
138809
14037757
16270875
11712599
8390941
13653573
366935
5705605
5401455
5653583
9099307
14710113
8723123
5369449
4036785
3396467
13901719
9079311
13333439
7782667
2688123
7470515
374971
158865
14293931
7950763
10247913
15646613
266929
5725659
1487543
16314955
1339473
13761683
12937273
1947783
14309963
15270445
14830227
12793211
2812225
11096367
9223433
5305477
4401027
13057355
9575617
15418539
12236951
10468069
6734205
8835257
5941813
13533609
3456575
3264481
14770233
3472589
14522113
7802757
1971845
8787253
3492609
15222473
983359
16859295
8206973
10412077
8655201
6133943
4961359
4305033
12625193
7978873
15646707
10472123
9903841
3400593
15534659
15134461
4833315
6442121
12273037
9623715
4180997
16303057
11248533
16319069
11292559
5281557
3508673
1471657
9215529
11504675
4173013
13189521
11428643
8211037
8951409
14546207
1459669
13685781
5377631
11520703
16739313
1603751
6061981
8407155
3936923
15910909
9707811
14114015
16899409
9291609
16819373
2059999
12493215
5381663
5341645
11520735
3668813
1191577
4517241
16679321
8547259
15714843
9183581
2832409
935463
15598793
2820409
16687341
2780393
12637321
16439223
4145081
3232627
519273
1351691
2324179
13325679
15614825
14786413
35043
4013033
8539297
16063059
13053557
11776921
9043557
1035557
13509793
2392239
511301
2368231
16843467
1159631
10520311
15366735
15022565
9107611
8699409
14782451
16407265
1243689
9007571
207175
14646393
11941043
11989069
15334743
16607381
14542351
5201685
3348761
907543
7454817
4153169
3236713
4141167
16383287
8199199
3328767
15871037
10816513
8115165
11180699
15202711
9143685
3616925
14374303
13782009
9547895
15390817
8167209
8551403
12085171
2200233
8487377
5073673
11120697
12793535
9683983
13826055
9780035
16931611
5657979
11600951
13866085
4085199
5257787
1439881
15550935
12353339
2292313
1315827
1583963
10088215
4813581
17031689
6402379
179271
8815589
15342853
15262815
487433
3388885
8359371
13561973
6418405
2652525
9535967
6974689
3240825
11268839
4349383
10096257
16003211
2668549
7579005
3661049
16239337
5105775
12325385
1960207
1852155
11737097
2140303
6666567
8687579
9147811
7246863
4749617
1035763
3857175
13854173
367435
8251377
10696601
11468989
11352933
10696607
4169347
4397463
7066799
11841187
12689613
11452997
15811177
6642597
11693123
1596079
14770665
7759163
3745159
27303
5498039
7639111
14058321
7907249
9011803
6038319
11076839
15194899
16091349
12209411
12245431
143385
14838731
9960295
9524079
8691665
2156401
11685165
15174911
10264459
4369515
8087375
8091379
4677675
13390031
12081379
6898791
1127909
16019353
10328511
14134415
2376541
16219461
4321517
4669693
14286501
16199459
8919823
8275503
15062897
4337539
3717231
287519
14510629
6170463
4933847
3845305
15747255
8731751
12269521
1115949
11713247
6490639
3697245
8783789
4101451
5738271
5029919
13910359
7271043
5690255
9820321
11433129
5093963
13986409
3961401
3425
13378111
15731289
5246051
9960409
12753807
10296581
15859363
7267071
10188533
2120503
16491687
1812353
6758827
12445671
8651777
6706807
1724319
16347629
17015965
8943933
10916921
15683305
291615
11121029
16747843
15919431
4573763
2660809
11489223
6750857
11349157
16295631
12637805
6202591
2260623
3109049
12253621
11721357
8003501
16527763
8555781
10140575
13118065
11685351
2764895
12701863
13398213
13910471
16083559
10888965
13494269
4593823
4093575
4661861
15991525
11845455
14714891
9324199
7479279
16371725
16099591
6218655
7091093
9236167
7667385
10504805
14046577
10016565
2736929
7919521
8107617
2744939
8311723
4429785
1760453
2444797
2360757
8535845
527845
15711435
10877021
783979
4890033
16299737
5118151
15115149
5490341
13866529
9860529
1004105
13998601
4798005
9560387
15979597
7767495
3057143
14074651
4329783
12778007
5182213
13378311
4349801
9316285
3317289
9120191
3397333
1340307
13690481
14751013
243765
4681985
5122207
14330811
6242771
16908103
16135719
9372341
17104207
4141731
11917619
11153239
5878605
13514423
14646991
3341344
14306826
5398376
9144250
16519938
14687024
10785076
12998184
3885632
8215798
15951666
7783586
3153274
4942170
307856
9368386
3921666
1308362
3217318
15551484
3989708
3629530
13382406
187814
12521980
10452948
23738
5286370
10673064
13054256
4133800
9720594
11841656
2248864
5942712
16151816
6683086
16836162
6174836
13670584
11429466
3285398
3433474
12586050
11937728
16343932
11901714
6386960
10825180
327936
8247896
5342446
7827690
15363458
7479520
12053808
2613092
8812192
6683130
1420502
7611598
6102846
16347968
16327960
5534568
6763184
11685646
11237424
10040828
2020822
14831226
11401514
11417524
4029834
11161400
16788214
6859254
10853252
8804230
2625144
3357512
3001336
5622648
9772724
12802240
10244964
5146418
15739714
9124410
6162932
8408056
12994350
9512612
14815264
3081402
14343032
14030878
6086910
4358048
6226984
4754250
15227486
2449102
1288524
15319538
820294
6515142
12081926
9908842
4482132
7175480
5746768
7679736
9532664
1488646
964386
14803304
6507160
10765290
16212014
2749288
13826826
7299566
12646240
744294
6647246
500176
3869862
8948402
156010
7135500
15291578
11281576
12414144
308096
4826356
5442666
13926908
16116004
13578738
3277592
2825368
15155532
124022
12830374
14083002
3225578
8620276
1892916
272108
11753848
14259102
6467210
9604780
11413686
604286
12174070
2665320
1220600
7263622
13130556
5882936
9680836
2 8673674
4 6762994
6 13393670
8 21050821
10 7523604
12 5142184
14 21172060
16 25017097
18 19542917
20 10043086
22 5881260
24 12121448
26 1772844
28 6278320
30 14436067
32 20781086
34 3297993
36 11848042
38 18944062
40 29555664
42 906724
44 24319971
46 16060211
48 26174075
50 24541056
52 5207751
54 11440982
56 8205508
58 24247023
60 22839308
62 8582619
64 596088
66 1976372
68 6489705
70 7483700
72 15547300
74 14245549
76 11507746
78 13885326
80 11608202
82 11778354
84 21913760
86 16815702
88 10316993
90 10916052
92 9232477
94 12151591
96 15380410
98 8252081
100 29040351
102 8158506
104 28901226
106 14089252
108 23935143
110 25176879
112 17096874
114 29274087
116 26818384
118 13690178
120 4032782
122 3727509
124 19565207
126 14466255
128 28071928
130 5895413
132 10158929
134 9018865
136 3772500
138 22205059
140 29184310
142 25126915
144 25976958
146 21679353
148 19773179
150 2356305
152 8558899
154 12417650
156 11315575
158 24056159
160 6083389
162 18488076
164 12888253
166 17663828
168 27027070
170 4755214
172 24687709
174 10160576
176 21538464
178 15966093
180 4417410
182 27394450
184 29660636
186 430855
188 14664031
190 3700003
192 29919331
194 10332620
196 8230315
198 24264208
200 13774111
202 16871575
204 27152578
206 18516669
208 25106638
210 26062829
212 6287516
214 13397034
216 13532175
218 7409738
220 23954343
222 5926902
224 11755054
226 16471841
228 9372338
230 22440157
232 3706232
234 21030725
236 13431494
238 25813511
240 6336810
242 28236152
244 14692523
246 16173001
248 26685818
250 11052050
252 10253358
254 23155152
256 20371079
258 16689760
260 12781046
262 10049708
264 24105662
266 45328
268 19423566
270 1151302
272 15307435
274 25581733
276 4828906
278 3155262
280 6822031
282 9456101
284 29730996
286 27933603
288 5030445
290 28502386
292 15276635
294 23717743
296 15830749
298 10349448
300 8051592
302 27242362
304 11794601
306 15618426
308 21968032
310 12251804
312 9292513
314 13359700
316 25312246
318 26940109
320 24948415
322 18329673
324 4186713
326 11493339
328 23553961
330 27578508
332 24828886
334 24582838
336 5073364
338 9694066
340 28981023
342 17890539
344 11032067
346 13073521
348 6085569
350 3780267
352 17766068
354 25127787
356 5867912
358 26624033
360 13680726
362 20267219
364 28132038
366 19014459
368 17090081
370 29337340
372 19104657
374 21038785
376 16419340
378 20139548
380 2125273
382 1570866
384 20345686
386 23757725
388 13511907
390 5008810
392 25593424
394 21138485
396 8282418
398 25480092
400 17571858
402 26201282
404 14064405
406 8440636
408 5541622
410 13230318
412 17575902
414 11364674
416 6513318
418 17559021
420 6261681
422 18740004
424 4879534
426 8472931
428 20659939
430 16516179
432 445767
434 27585499
436 3540519
438 1434018
440 27162065
442 14993863
444 6285966
446 10258958
448 1696976
450 4931658
452 12630252
454 21001656
456 17918543
458 17880818
460 5048032
462 11170182
464 23018514
466 11610814
468 8655716
470 5317932
472 29796350
474 26658263
476 14427903
478 20264383
480 22536430
482 12268509
484 24800935
486 9253332
488 4204281
490 11675381
492 19256451
494 21777821
496 28160473
498 313980
500 8665502
502 11092195
504 1444763
506 27340599
508 18172962
510 17017213
512 12765886
514 15350579
516 11128316
518 29299387
520 11136944
522 8996629
524 27530380
526 18461149
528 6775152
530 11923027
532 22761852
534 1221351
536 13010597
538 10731506
540 18541843
542 12434021
544 12610731
546 10293354
548 11674534
550 20231636
552 1400035
554 18869606
556 22671145
558 3886600
560 15157832
562 13607362
564 5485806
566 5294933
568 869320
570 25020016
572 15442742
574 10750335
576 2584691
578 9020902
580 6093292
582 20122601
584 6290280
586 3763877
588 27423919
590 8886493
592 12563274
594 3226713
596 18006335
598 23423006
600 14080861
602 13981206
604 23419537
606 21077166
608 16751599
610 25883318
612 24971554
614 22225850
616 21297806
618 20684769
620 22416650
622 14584685
624 28108244
626 9398942
628 8249506
630 15361765
632 27577902
634 16265593
636 6695624
638 15632830
640 1649799
642 17388353
644 4654878
646 21874358
648 14963508
650 8910008
652 21186810
654 5732915
656 22342401
658 6047139
660 6144612
662 381701
664 25852570
666 28233245
668 656925
670 29358348
672 120517
674 15035917
676 16620905
678 20507884
680 14596144
682 25193620
684 29251280
686 27784513
688 18255748
690 29621310
692 20408243
694 22043579
696 3616134
698 22451162
700 19551592
702 4023792
704 27043507
706 26209492
708 16872237
710 24087490
712 6751101
714 3790001
716 5974199
718 27124519
720 1771543
722 9987315
724 19855643
726 7844485
728 18416811
730 8074029
732 27179
734 28471650
736 24191139
738 14107106
740 26340937
742 22995547
744 17360228
746 13926151
748 17033516
750 13822105
752 20137010
754 8298880
756 10067845
758 5358811
760 5335244
762 15689918
764 10046959
766 27162581
768 24752985
770 13262874
772 17124910
774 25633969
776 9240490
778 17520194
780 6245621
782 1090878
784 19176551
786 20721870
788 3899270
790 9151288
792 11980084
794 24364016
796 19216022
798 1666449
800 17811006
802 14302234
804 12800949
806 7630024
808 6512339
810 17905598
812 15750344
814 7971451
816 27146825
818 12627863
820 29622962
822 332050
824 20500672
826 10475505
828 28494587
830 26364174
832 26060932
834 4861475
836 12689378
838 1008514
840 10649730
842 28248594
844 22595136
846 2363714
848 4821434
850 25159364
852 11769343
854 20637307
856 12453470
858 3199373
860 24693319
862 3201596
864 3140627
866 586197
868 16378335
870 21689256
872 26722505
874 8967166
876 2436490
878 22360593
880 3656332
882 10110182
884 29241099
886 15749029
888 16973084
890 990644
892 10419571
894 702414
896 19705347
898 10312364
900 4894
902 9071713
904 9724590
906 24788994
908 3913325
910 10736891
912 7972643
914 19185510
916 1020609
918 25061534
920 24077223
922 13751001
924 2333432
926 134011
928 20665651
930 18718401
932 23082530
934 28038075
936 870959
938 1884500
940 15227452
942 1190476
944 19675037
946 10306441
948 6424722
950 1718080
952 9943296
954 16896442
956 26201622
958 26409799
960 7159302
962 18513508
964 26166970
966 8164502
968 20528552
970 23620519
972 17463324
974 13846713
976 9785070
978 15306435
980 28089925
982 19476538
984 13611975
986 3734972
988 19162857
990 26534097
992 17960583
994 20930890
996 6918626
998 6138666
1000 14621001
1002 26617413
1004 28575872
1006 11725750
1008 29876835
1010 29563362
1012 7648630
1014 18137634
1016 4886368
1018 4060631
1020 24710754
1022 21065694
1024 11137529
1026 8886358
1028 25299095
1030 16721997
1032 7157781
1034 14698754
1036 1929357
1038 11660402
1040 13644915
1042 20932766
1044 21346356
1046 5135267
1048 17848381
1050 928884
1052 3975060
1054 11868467
1056 8508740
1058 14687030
1060 26383087
1062 22348919
1064 9093750
1066 8601718
1068 19164290
1070 24849672
1072 8307305
1074 9607914
1076 4868113
1078 12317482
1080 7999670
1082 4531069
1084 2012754
1086 23838337
1088 23874143
1090 16674276
1092 12568131
1094 10759675
1096 2222508
1098 1491405
1100 12936241
1102 15500093
1104 20895211
1106 6843410
1108 28001281
1110 26565358
1112 15142837
1114 18905710
1116 15127989
1118 26086667
1120 9053090
1122 25009329
1124 27772728
1126 11087965
1128 10447130
1130 4306228
1132 6147037
1134 13565882
1136 29374380
1138 324726
1140 29113065
1142 10572220
1144 19157898
1146 25398959
1148 16284677
1150 18200134
1152 22633183
1154 5070303
1156 29708692
1158 4650165
1160 7372041
1162 17209924
1164 13896757
1166 27532952
1168 25515986
1170 4243105
1172 62345
1174 16695176
1176 13700724
1178 11419813
1180 3945632
1182 11819990
1184 8082525
1186 10865538
1188 16653817
1190 22028934
1192 10886585
1194 7406381
1196 7896012
1198 24403045
1200 23706394
1202 17492701
1204 25728083
1206 17415348
1208 18414283
1210 3430056
1212 28802460
1214 3081035
1216 15397408
1218 23744210
1220 28237446
1222 9157173
1224 18335335
1226 7355080
1228 9686704
1230 22844224
1232 1049082
1234 22956578
1236 15897420
1238 4706272
1240 7082864
1242 17171610
1244 4698438
1246 9869463
1248 13018683
1250 22823078
1252 15569731
1254 28335222
1256 19102558
1258 11254438
1260 28475049
1262 378536
1264 25827288
1266 14311900
1268 27581082
1270 10807393
1272 2991510
1274 23503115
1276 22632949
1278 9010885
1280 29197480
1282 29838138
1284 22331613
1286 14260798
1288 6269311
1290 7145958
1292 7534551
1294 24276945
1296 2938124
1298 24083743
1300 7784298
1302 26744189
1304 7192584
1306 20895818
1308 29487631
1310 14946550
1312 6616275
1314 27748520
1316 3786321
1318 10961760
1320 1023561
1322 4524668
1324 24974943
1326 12687506
1328 3117980
1330 8563683
1332 16313289
1334 19270970
1336 9733300
1338 19491560
1340 9453758
1342 23985968
1344 1625995
1346 26386178
1348 6707785
1350 7876906
1352 10219062
1354 4887164
1356 21225519
1358 15414252
1360 25975931
1362 11378843
1364 303512
1366 23803634
1368 19102098
1370 7929471
1372 11584457
1374 23962098
1376 20402421
1378 706753
1380 27129375
1382 2215388
1384 11478423
1386 24157324
1388 22295827
1390 28573184
1392 9537378
1394 11086929
1396 20436372
1398 13250854
1400 29573750
1402 13428453
1404 10227910
1406 4464025
1408 3972260
1410 25672865
1412 13119952
1414 16544730
1416 24792188
1418 2317880
1420 2935656
1422 6275772
1424 6188022
1426 5369337
1428 15457861
1430 2628961
1432 7422880
1434 12598065
1436 2807705
1438 29680899
1440 11827145
1442 4211880
1444 12508680
1446 11999876
1448 7246354
1450 21528964
1452 1422916
1454 1618853
1456 15212000
1458 5783593
1460 20026338
1462 5003580
1464 19834926
1466 25405360
1468 3979408
1470 28464066
1472 16849450
1474 17622899
1476 8954930
1478 28893405
1480 25577440
1482 3316462
1484 11548659
1486 26343333
1488 9709309
1490 8076576
1492 23371329
1494 24383707
1496 6649571
1498 968478
1500 20108317
1502 12238839
1504 27949385
1506 3359743
1508 5136716
1510 10282740
1512 9670150
1514 29417914
1516 2644998
1518 24323857
1520 21565641
1522 9361899
1524 15701659
1526 4825472
1528 25599166
1530 6545985
1532 9402621
1534 3078751
1536 8085083
1538 11224906
1540 6375037
1542 16021529
1544 26768889
1546 28870149
1548 6277632
1550 23062016
1552 9225233
1554 10251324
1556 8385780
1558 26641926
1560 5016662
1562 6752
1564 1009948
1566 3412637
1568 23355704
1570 5981080
1572 6750286
1574 21691588
1576 24457995
1578 8688736
1580 27657529
1582 25573221
1584 24175033
1586 10358723
1588 20204765
1590 19463140
1592 2331813
1594 20578204
1596 8435345
1598 10556727
1600 24028105
1602 14746835
1604 23624318
1606 14205867
1608 3958468
1610 2009604
1612 17535006
1614 20354520
1616 28448581
1618 12547142
1620 15088574
1622 23176006
1624 9690326
1626 24615679
1628 7549083
1630 16905897
1632 10564171
1634 8735783
1636 2010235
1638 26368391
1640 28797722
1642 24216454
1644 17077149
1646 20947009
1648 17088950
1650 253188
1652 23092186
1654 29556635
1656 27888105
1658 2918449
1660 29245617
1662 18347277
1664 29384382
1666 1352031
1668 2383065
1670 1764020
1672 18122595
1674 22869079
1676 20435229
1678 20482782
1680 16348360
1682 9292023
1684 26423982
1686 10739305
1688 5874983
1690 27828563
1692 17879600
1694 3273077
1696 9185020
1698 5200017
1700 26290653
1702 11386933
1704 23704949
1706 33342
1708 658932
1710 10802650
1712 21909244
1714 15012321
1716 17398062
1718 3726761
1720 9647284
1722 16671865
1724 29665604
1726 28681485
1728 318553
1730 18733886
1732 26475980
1734 28859403
1736 8313800
1738 23233956
1740 11699661
1742 14953072
1744 9703726
1746 15511603
1748 5791965
1750 13050525
1752 16444886
1754 162899
1756 3352202
1758 27338189
1760 2979726
1762 27423353
1764 26168658
1766 12079203
1768 29823056
1770 6712537
1772 25700746
1774 7086301
1776 19502987
1778 27355102
1780 16245940
1782 22081668
1784 149234
1786 10319319
1788 26797585
1790 176738
1792 20479568
1794 20247033
1796 18998081
1798 16681305
1800 3291108
1802 28749177
1804 16447319
1806 13479517
1808 22592693
1810 18679626
1812 8249842
1814 2842502
1816 28677812
1818 15318319
1820 360958
1822 25274444
1824 25596126
1826 17756330
1828 7147688
1830 8894942
1832 27740130
1834 857276
1836 21065923
1838 26124480
1840 12841047
1842 19346999
1844 10211613
1846 17604748
1848 25807329
1850 1284004
1852 6360813
1854 13299379
1856 13695629
1858 1618110
1860 9173650
1862 19540212
1864 16559647
1866 24783811
1868 4143204
1870 29939354
1872 25603984
1874 29402897
1876 14988250
1878 3843652
1880 10808449
1882 27621086
1884 22278208
1886 18146654
1888 23498920
1890 2983816
1892 2076100
1894 22716054
1896 1917384
1898 10096799
1900 5779613
1902 14986125
1904 8108122
1906 28163174
1908 22112518
1910 17254114
1912 25439219
1914 24343372
1916 29289915
1918 9647049
1920 5235842
1922 27349905
1924 25000150
1926 23053170
1928 8684759
1930 1742187
1932 6941942
1934 25529645
1936 20846344
1938 9895201
1940 14007884
1942 8037832
1944 24645648
1946 5457361
1948 2476859
1950 4439847
1952 6677143
1954 4555610
1956 21348900
1958 18864590
1960 2208478
1962 22688192
1964 14393294
1966 5958678
1968 15171153
1970 14282509
1972 1367208
1974 19049495
1976 6477938
1978 13142166
1980 826661
1982 5503147
1984 12592111
1986 10006452
1988 11623225
1990 16307390
1992 13771518
1994 19773571
1996 16406550
1998 29328743
2000 9629501
2002 21168344
2004 28684006
2006 7227081
2008 16923512
2010 925949
2012 26962553
2014 4109828
2016 3306644
2018 21976103
2020 4362501
2022 11889848
2024 7772722
2026 6737512
2028 28020232
2030 13881835
2032 16218774
2034 10308502
2036 17528428
2038 3449676
2040 19761827
2042 23385881
2044 4056143
2046 22461596
2048 16694374
2050 5970976
2052 7077076
2054 19662140
2056 10695513
2058 17613562
2060 3569475
2062 27091965
2064 1164939
2066 12897930
2068 18728674
2070 27620364
2072 11857371
2074 6612658
2076 21279589
2078 5348452
2080 24799512
2082 8495929
2084 13350693
2086 16606360
2088 23443316
2090 8418925
2092 26415392
2094 14688657
2096 4914649
2098 26003432
2100 10752449
2102 9423918
2104 24356264
2106 26578773
2108 24339273
2110 24026457
2112 15390028
2114 16771886
2116 7844804
2118 18922619
2120 19572868
2122 2398980
2124 17465365
2126 13724666
2128 20377612
2130 27323970
2132 17854156
2134 15234655
2136 6807085
2138 6764371
2140 8241201
2142 21676824
2144 12895560
2146 7973271
2148 9662820
2150 4022271
2152 27935905
2154 7230016
2156 25459857
2158 28351981
2160 11505815
2162 7690576
2164 22411985
2166 7362186
2168 27364230
2170 28747508
2172 7231431
2174 27191138
2176 25683805
2178 3066904
2180 273769
2182 25728495
2184 27679759
2186 7676433
2188 7013767
2190 3505480
2192 11680897
2194 26644311
2196 20414477
2198 18376374
2200 3697270
2202 13688508
2204 12891079
2206 194077
2208 16578288
2210 16192412
2212 8650039
2214 1973797
2216 21797781
2218 29221657
2220 18721643
2222 6891885
2224 147932
2226 3306222
2228 25060005
2230 19572182
2232 28683182
2234 29679487
2236 23051762
2238 9917511
2240 5076601
2242 1087546
2244 22912328
2246 26469772
2248 3239078
2250 21283530
2252 2438023
2254 29358574
2256 25575258
2258 6609443
2260 27003869
2262 23514501
2264 27472436
2266 12159114
2268 28907434
2270 18628824
2272 2922086
2274 7899826
2276 22704032
2278 20272430
2280 3742079
2282 2187617
2284 8131490
2286 27812538
2288 10978434
2290 6389603
2292 29286534
2294 8665621
2296 15677433
2298 11455266
2300 13078530
2302 7435423
2304 15430451
2306 11796968
2308 7736850
2310 27510989
2312 7087297
2314 19661538
2316 28953412
2318 20124719
2320 20656254
2322 11121462
2324 12104530
2326 28365061
2328 29659079
2330 1027132
2332 16741746
2334 13925341
2336 22277042
2338 10225694
2340 18654365
2342 20184968
2344 8962714
2346 9310439
2348 4346947
2350 10156950
2352 14799171
2354 25636567
2356 26274037
2358 4437236
2360 4541101
2362 21657078
2364 26272527
2366 14215494
2368 27123154
2370 4020092
2372 26476123
2374 96065
2376 1236832
2378 26210914
2380 17298593
2382 28251708
2384 3214036
2386 26760430
2388 23385504
2390 20564905
2392 12505153
2394 1716226
2396 16386441
2398 14791741
2400 10697628
2402 4646698
2404 9735293
2406 25004681
2408 17041983
2410 14472988
2412 10926118
2414 10986727
2416 29162488
2418 8255355
2420 20562173
2422 27547738
2424 22161001
2426 17097953
2428 5230906
2430 22696429
2432 19085428
2434 20163822
2436 21127976
2438 26948350
2440 25338065
2442 25251020
2444 22646463
2446 2047664
2448 3812193
2450 18136408
2452 16405565
2454 7691287
2456 15934764
2458 15609728
2460 12844653
2462 18556158
2464 11861864
2466 20247005
2468 2888029
2470 17341692
2472 20343691
2474 6341225
2476 8178541
2478 4999961
2480 3262886
2482 15147998
2484 9307738
2486 29395656
2488 3596768
2490 13436707
2492 9384653
2494 384105
2496 12397704
2498 23660607
2500 448678
2502 9161700
2504 17883444
2506 20784072
2508 13940628
2510 14872879
2512 15569051
2514 9878405
2516 20681599
2518 29551031
2520 909575
2522 18028030
2524 5542476
2526 21134192
2528 13048587
2530 29929335
2532 9676116
2534 23313109
2536 10436250
2538 20694200
2540 11237096
2542 27276020
2544 18459191
2546 10590047
2548 21675494
2550 23670319
2552 11415779
2554 18322512
2556 11535883
2558 9542953
2560 21155936
2562 19461553
2564 29641518
2566 25027252
2568 26689458
2570 2530402
2572 3039315
2574 14766940
2576 11395441
2578 19861240
2580 9819434
2582 3231559
2584 3178488
2586 8557355
2588 8561858
2590 24980388
2592 25071966
2594 25402910
2596 24941334
2598 20530395
2600 12400179
2602 10901192
2604 22097159
2606 22907891
2608 21501910
2610 17366345
2612 7229961
2614 23836280
2616 16802099
2618 3139136
2620 24910015
2622 13818688
2624 19938314
2626 21353999
2628 17390454
2630 9971258
2632 26133785
2634 11750675
2636 27995065
2638 23495647
2640 26910017
2642 23035938
2644 22702634
2646 19495543
2648 19543092
2650 7157399
2652 12322062
2654 3642483
2656 28370362
2658 9228656
2660 9905973
2662 9193264
2664 24614447
2666 2567743
2668 10882522
2670 16602070
2672 20387002
2674 24467773
2676 13519661
2678 2895385
2680 734169
2682 10599209
2684 8356864
2686 23684701
2688 9308662
2690 19231588
2692 16248444
2694 10680277
2696 21303330
2698 8985491
2700 12758670
2702 22679717
2704 5313046
2706 17073091
2708 29222769
2710 9096571
2712 25600041
2714 5381615
2716 23076577
2718 8296983
2720 25706588
2722 13469729
2724 21631147
2726 8012013
2728 11301898
2730 24133112
2732 28205285
2734 4987884
2736 22868425
2738 21634498
2740 2023022
2742 2333082
2744 21153190
2746 27672372
2748 11246286
2750 18452531
2752 24657093
2754 8027559
2756 26291101
2758 13847754
2760 12086637
2762 13770446
2764 348169
2766 19801572
2768 16275415
2770 20562314
2772 11550690
2774 28594266
2776 18405515
2778 25968533
2780 8907294
2782 653138
2784 24801609
2786 19761926
2788 19478008
2790 13659662
2792 14550162
2794 4371967
2796 29945507
2798 28515153
2800 24570433
2802 14793096
2804 24351418
2806 26328362
2808 5439151
2810 28007026
2812 25812569
2814 7467426
2816 12472377
2818 23955273
2820 15801177
2822 22623760
2824 17421662
2826 24280794
2828 28110988
2830 3479012
2832 10647894
2834 23418302
2836 21188148
2838 15377713
2840 11095703
2842 25914737
2844 12660758
2846 15698201
2848 6853937
2850 4834772
2852 10175256
2854 21983621
2856 3203443
2858 3866482
2860 22529162
2862 26343881
2864 29395602
2866 26370030
2868 23111219
2870 24636448
2872 19819812
2874 21294213
2876 18444581
2878 24966371
2880 26889793
2882 14802623
2884 9528583
2886 19847658
2888 17608566
2890 15984262
2892 2772157
2894 19749889
2896 25719382
2898 26340565
2900 18425031
2902 5232645
2904 14308222
2906 14541172
2908 21273319
2910 213063
2912 15197030
2914 28973983
2916 27010362
2918 22999303
2920 10293520
2922 9341386
2924 28426203
2926 13729531
2928 27607349
2930 1106119
2932 15375415
2934 15817310
2936 22177413
2938 25958837
2940 6457570
2942 21258976
2944 15224570
2946 2074036
2948 25200743
2950 4971733
2952 1129402
2954 4630876
2956 21344535
2958 7453577
2960 29974845
2962 13948206
2964 23167126
2966 18509016
2968 13000038
2970 24575836
2972 26136010
2974 26712762
2976 17019328
2978 17198518
2980 29405863
2982 26418142
2984 21546785
2986 4943231
2988 12973725
2990 8171932
2992 528042
2994 2761746
2996 22738588
2998 11105417
3000 4174555
3002 8109879
3004 15013167
3006 29493603
3008 3276275
3010 19348510
3012 1166452
3014 28118047
3016 12550549
3018 26186250
3020 18132961
3022 1659149
3024 6753452
3026 15538111
3028 21110345
3030 823483
3032 20826038
3034 14734567
3036 27863437
3038 11972186
3040 7010020
3042 2188102
3044 21426403
3046 25412504
3048 9761548
3050 3102859
3052 24481976
3054 3674167
3056 9241891
3058 25746424
3060 29412284
3062 14098974
3064 14051794
3066 19822201
3068 27770610
3070 12124241
3072 21651449
3074 7460753
3076 12687372
3078 2070317
3080 7728576
3082 817330
3084 18847792
3086 17636579
3088 19526260
3090 4773017
3092 101291
3094 12550466
3096 19620911
3098 13757844
3100 15341755
3102 2088002
3104 20215771
3106 20055181
3108 14156179
3110 16707874
3112 24831291
3114 18906306
3116 25939048
3118 16315717
3120 11194357
3122 2944980
3124 19682019
3126 6348989
3128 12571952
3130 28875694
3132 13189690
3134 24463170
3136 2179582
3138 7500412
3140 11662055
3142 3180922
3144 8918059
3146 12125393
3148 19144746
3150 8913827
3152 8091642
3154 21570640
3156 8694148
3158 20290459
3160 27017156
3162 11123079
3164 29507574
3166 20344700
3168 26133227
3170 8148471
3172 23542524
3174 16358224
3176 6322338
3178 13861781
3180 16137214
3182 8260220
3184 10962135
3186 29093282
3188 24609274
3190 18078598
3192 4206190
3194 27739523
3196 8804218
3198 26197180
3200 12899597
3202 18823607
3204 25417960
3206 4784587
3208 9855857
3210 1268716
3212 23473087
3214 3841653
3216 12380753
3218 13399057
3220 11858741
3222 3151429
3224 22364610
3226 8170242
3228 26807644
3230 18814191
3232 14792314
3234 10411081
3236 12117328
3238 16440613
3240 21417834
3242 3879168
3244 12130308
3246 15750313
3248 9600118
3250 7381519
3252 19068169
3254 27333310
3256 1935108
3258 1795402
3260 21350018
3262 26704842
3264 5864616
3266 12288789
3268 24229438
3270 3246671
3272 13786871
3274 21277447
3276 23878131
3278 20093546
3280 11380307
3282 3838571
3284 20650892
3286 27094364
3288 25405639
3290 21927868
3292 1223433
3294 17671626
3296 15302598
3298 17395634
3300 24149300
3302 13353344
3304 24076818
3306 20741406
3308 21405385
3310 14738558
3312 26991607
3314 12824543
3316 112209
3318 23439376
3320 9046386
3322 16831845
3324 18357869
3326 3519615
3328 22779724
3330 19110239
3332 9232989
3334 896927
3336 1320136
3338 23227518
3340 146462
3342 26418011
3344 13774279
3346 24272635
3348 15917054
3350 12583384
3352 13067915
3354 8712091
3356 7887091
3358 22990915
3360 15595232
3362 21893633
3364 4770183
3366 17969039
3368 20302942
3370 28151247
3372 9452846
3374 17123149
3376 27394714
3378 2869152
3380 27675606
3382 26068291
3384 4915803
3386 10631173
3388 4223837
3390 6001731
3392 9828420
3394 5800391
3396 3661015
3398 20824069
3400 27004924
3402 5041334
3404 4689322
3406 13515148
3408 17155901
3410 13935641
3412 2662022
3414 1003162
3416 21741410
3418 4001535
3420 941052
3422 4373507
3424 4890739
3426 26517921
3428 15596093
3430 13303299
3432 24855372
3434 26820845
3436 3350682
3438 22265156
3440 2606288
3442 8543321
3444 1687207
3446 8083469
3448 25589704
3450 22337146
3452 6821027
3454 8964762
3456 18984440
3458 1646930
3460 11396041
3462 10198733
3464 21009309
3466 18255463
3468 21710748
3470 6513597
3472 14486627
3474 2523708
3476 24010635
3478 18098512
3480 18625477
3482 2582661
3484 5983355
3486 12002251
3488 7048938
3490 10730043
3492 12304494
3494 15476080
3496 11239496
3498 12867380
3500 13386682
3502 6900015
3504 27935127
3506 7925881
3508 25107780
3510 23852657
3512 19307381
3514 6190262
3516 20927829
3518 26332589
3520 29011789
3522 1387555
3524 5492318
3526 14154812
3528 28292093
3530 21349354
3532 29422597
3534 16226274
3536 13348077
3538 17358916
3540 6753880
3542 13003539
3544 25171329
3546 11088800
3548 25841701
3550 20317681
3552 23997101
3554 3850730
3556 29535157
3558 26622973
3560 7911455
3562 14814646
3564 21157467
3566 18874097
3568 4858227
3570 8642980
3572 29800931
3574 26324525
3576 3959732
3578 7647521
3580 9665824
3582 23657547
3584 11512391
3586 22330548
3588 354670
3590 1749242
3592 23639764
3594 17510962
3596 26710279
3598 7794099
3600 7151684
3602 6225452
3604 3707330
3606 3309666
3608 12406226
3610 5658743
3612 8727879
3614 14580664
3616 3598082
3618 21461495
3620 27572588
3622 23894674
3624 16730297
3626 24619520
3628 22487152
3630 14236062
3632 6107714
3634 27224245
3636 22306579
3638 15286565
3640 4821916
3642 3465352
3644 4643311
3646 21748605
3648 1618367
3650 12425946
3652 29150136
3654 17430994
3656 15924016
3658 24103513
3660 17738544
3662 4313209
3664 6153273
3666 7751571
3668 24611346
3670 9264381
3672 21585347
3674 24357602
3677 5066934
3679 19243431
3681 4210257
3683 29992759
3685 26475142
3687 29370566
3689 18277640
3691 11401205
3693 9181092
3695 4008440
3697 18264649
3699 14041707
3701 11582466
3703 23516354
3705 18156241
3707 19498759
3709 10435810
3711 2084437
3713 14541919
3715 19438212
3717 80606
3719 10033738
3721 1140125
3723 28200794
3725 22012056
3727 16926138
3729 12142344
3731 27445110
3733 15871807
3735 27414204
3737 15320966
3739 8724705
3741 2154985
3743 24569307
3745 6795066
3747 19185490
3749 682004
3751 22314434
3753 17464176
3755 24136215
3757 19350499
3759 12167384
3761 17265325
3763 7409925
3765 5061299
3767 3053587
3769 10460871
3771 8775325
3773 11511325
3775 28442703
3777 21356513
3779 7948972
3781 2764380
3783 28100769
3785 1719874
3787 10918792
3789 13141214
3791 17855144
3793 3238099
3795 7643395
3797 4029644
3799 4679299
3801 14530877
3803 28475067
3805 4523690
3807 11258267
3809 7977353
3811 13292378
3813 21258992
3815 19998732
3817 1489058
3819 16249644
3821 8962591
3823 11802978
3825 5972837
3827 2749188
3829 4655574
3831 21708494
3833 25210940
3835 16844406
3837 26371032
3839 24843946
3841 16083102
3843 8672135
3845 11808395
3847 7001229
3849 7328587
3851 2135118
3853 14777666
3855 19985355
3857 22535740
3859 20505657
3861 25453330
3863 20755738
3865 11673749
3867 28957953
3869 6057803
3871 9487358
3873 26050397
3875 11060958
3877 1522931
3879 15273707
3881 431406
3883 21979589
3885 11397594
3887 10888921
3889 6061347
3891 10872318
3893 25178089
3895 17822910
3897 20213689
3899 25414156
3901 17794730
3903 29999190
3905 26583943
3907 15570151
3909 16176052
3911 1653558
3913 18023035
3915 20780992
3917 4803621
3919 19519775
3921 29236538
3923 11994126
3925 7887098
3927 18512382
3929 6266612
3931 21647295
3933 13734694
3935 8248934
3937 12340445
3939 20752646
3941 2222763
3943 22560891
3945 29072442
3947 3674884
3949 1349142
3951 6741087
3953 18377663
3955 5451032
3957 24788076
3959 22055806
3961 9358214
3963 22168121
3965 17073374
3967 23436354
3969 10429334
3971 25339864
3973 8498346
3975 27302681
3977 430658
3979 3622076
3981 25810675
3983 7509826
3985 882072
3987 8845372
3989 3875353
3991 3528016
3993 28399113
3995 2737895
3997 24131197
3999 2130062
4001 16412290
