1000000000000 2000 2000 1000000 4002
562333246111
335015960271
667985113649
58713582127
549479014215
928450409219
829996606921
163974178131
896284606361
252508483165
696482863419
932304887507
178708025383
526076766957
857178935309
962588645827
601855749519
161808011609
564446834413
22971143871
782811546209
904878597235
614374521789
352635057461
809326545091
988513313703
111709090685
728412480283
480665108505
633092452091
556503520765
691173574143
576500806415
732826822363
804582662355
356317661867
677037653725
952272554403
277541477465
333482526013
48518611263
361721730563
134103602377
500376955533
107767240781
389455042297
892573791957
39838589435
388108137187
322753556229
676798218095
671687319925
443186902815
927188330591
755032107499
80694387141
47861194751
751907377921
894987005985
81945372329
980832375223
896981810895
484898468195
207419401999
649956151797
762731699393
501958321867
152102133195
655408804769
114390955033
443486248449
953070109049
19209596143
704593752963
340645129595
256939045471
344114567451
278459416283
371787188851
583207818339
371277374075
945229610779
319172198511
902568827051
827828895763
270801349179
395061572243
32652493
732458890599
585838376981
565535654695
310755952509
511597791245
819902886757
314959025001
467876777669
398265581467
442994738871
602160121793
511941863209
861799524621
596990638349
853539732793
586105658583
180648179159
755017500301
115872931725
782336368913
638800168681
250622416803
256860562319
844339791139
741053877993
269874229907
785734795291
137727293463
642529680521
77700391015
506850670923
117192271091
778797356317
919595888403
542744284769
93764563099
833826353073
575866857785
598440422929
169349264571
336123790163
451275181087
871033615419
120090907709
507934172431
643281348201
805122504341
868230434539
417110951523
492261772157
842149672681
993714717333
451643533193
380088645631
833433344703
959976732779
697677348631
53262826395
756108689705
776399614099
211202944995
550374670109
272018437549
334854727995
912107646215
728732836633
973738526259
52981437791
230500352893
871573913487
764754542495
534149921809
135951582141
958337929823
576626961721
227881472121
554686929191
418989638455
799483590357
763587019043
302459418469
288311784189
600184698719
285877607713
783450473817
245849147489
130999551391
386745504465
486308028851
346714166803
484038474645
265061472863
412128657709
131573170071
130037550647
940475042887
522053668755
953347227767
646606309957
615965509215
245223799001
318536573071
675139465413
671126952161
213251965081
259217984607
336632688617
665493388795
885629121657
91062448865
579009104269
356981237817
258982426901
700426934851
159865505211
42410735177
321808552273
568819215885
115212529889
487752098587
348164911875
572222864867
364468819759
510289029429
386513856773
78053515681
118929507465
282124768319
425915111563
195678410745
937592994653
401059025737
671895796449
579352415885
733766420305
804855619143
782889845747
589398144247
919247358435
953624906621
981529383889
940948151415
751138882211
471094477987
865855299759
483880819967
292484253511
144121989453
127115186303
351088312903
669599316819
99298276805
144499894321
495815060121
404127411209
908694740797
73018587537
339031695623
29680089121
606026022075
354577716755
712176694891
295087634583
273522561437
247668224731
771155953791
448593253043
392631742273
59385578463
3838462787
856526033509
875180868267
920325921515
307178945239
53936203149
108699142937
44457638239
458753734767
913842241307
329658911617
606433021515
453625047713
505424842669
62645931855
343506760091
892016233771
745886349345
702266314229
910461103603
144334043511
833296888781
586618847401
788428361733
992960936915
365401706113
839890928163
395001714725
996642540805
460289490303
395425574555
414589691827
354981602679
594528696371
548766230575
449786973681
559424737169
403857888619
847807916703
89366537531
130013446831
852822966981
653025598223
87239814709
178517074533
686265701975
581921800099
829904977725
297714167303
136018499875
360294245709
588994174529
417356126395
789676801701
834893362685
765568181419
466734267135
509105822327
837074332633
766543568877
614230870589
146275854013
681095290095
635979623537
770848708381
704146437915
521024674793
414032029207
58167201717
155920762073
491622296959
751327684761
164826232589
830500775527
567884957241
423995016227
595426241005
277414322511
205020451667
275795313415
658682537355
211991835623
447221191525
360405629439
51263375561
311656042831
523616438067
141523338995
636878228665
609712972827
486335186765
583152555259
7535834733
146473636919
220224870109
583498320063
902113215899
305904136339
348367301313
79335700739
978157022809
804963769461
201761595101
341612449585
189400933863
287712324995
275896644109
492312501963
876457582517
25284352591
430760389293
766618106231
204187759597
873457447209
428577578441
979858036921
101651465079
623152405241
878610134275
618925396797
532835137181
637943421061
788166967299
883386897473
547507753831
872906531913
201130003511
370642669489
591818662221
438872851535
681683836357
485633424141
95217593783
63435694777
11758993341
698590349399
719203887019
433726207515
925876399637
976989611473
768258161907
311555524709
67433996947
401616728811
783834013949
917433444283
898313861271
485609380157
856046770291
524478593055
419508706343
839580145099
533745612255
808315300493
286715546953
237262256667
668768578007
793998589723
700000410123
905570479793
111194134117
329493521265
320574860165
732255933835
930438343521
636913918655
674578301437
70218332469
768945941681
618491291953
91651271589
415977261545
916616003821
235618311141
851715045563
605855541247
75710353125
47479776893
82350139363
782167521189
51989462615
684788972251
805793692377
271300747463
622710152359
386607996279
388077038435
544793837677
878747366997
705225013181
830014032511
879297433899
230886926669
606344069425
922466359581
260905708565
482289068929
404942739093
583831586819
584262218029
101287963587
706305153005
230964041227
845073762639
521659192169
930792968827
829247125281
716156608283
272970549997
41334745977
175785669845
887972601355
698237513223
817809797489
307787990029
429897034041
734028659861
19792964485
145590787965
609770521847
736550552185
302235151011
392817507557
806580465649
85685934519
36376636193
739335219835
962976676683
615159947231
655111148851
291397831077
304397363597
23069469949
490855253955
111239220797
533488247803
497759948583
213159399425
817555386397
835550927673
236504450123
849262207891
217667256237
676673912873
584103462781
154864490553
232921179395
669346414963
81575108181
900081488849
11663729965
189664461855
496073841983
689128344997
685530266859
650794399607
770521325155
353121317451
779510589545
653549672563
340775887827
624799296563
317451015223
894474622845
321257325431
340981918801
29324463951
497996883053
342868429591
216786219993
22265796389
959472093355
62020107615
908400602375
706579050031
435721520949
206201298191
583864831591
825554131851
668242471331
877374373027
758556069567
971863878173
64368661327
952915224585
877806216851
260328912493
976677007545
947421763235
292030743493
903367014873
66038603897
301885616473
58757229033
747244216493
235439546047
221947111203
128046804515
506590729891
199631482971
740129132741
108410435245
446814952947
836178793577
347576358451
906745867485
926770630865
438298192705
484241272767
28852240043
497651318443
878031877677
918418933115
759945800149
194269107153
74334269705
603492244471
203918701545
276904524221
377575598605
707218565721
738751248185
360731380711
150049864599
851298599
386038407907
958702176699
38980165511
621634507093
38973025947
98562113603
322077859627
54006743055
729675840773
760864279201
405164446167
136638914501
458585835517
926396383899
465698654153
984915200689
377047094529
251814329441
564708422305
180716098095
485118703337
129840260893
195020070513
197685882755
203158621759
977293571799
326395453385
836424144289
917878515123
724687567925
132849612835
191933219877
343799503073
569110342195
189343381611
470201192339
963587870395
54441236253
655491167033
588790577407
95643495093
784369237871
180351043705
217158206091
166685218211
277563401599
242341983693
241230212087
218367158275
565388710341
54247587503
31433510167
345610940379
910163303495
818754830101
654330851199
724622803613
25501573693
556312818681
409285877951
353230088065
227412898911
619343902481
143236811905
49209869931
119107945505
811248526849
149381666805
929052207257
551768599729
199393620291
377484149057
55690300543
178787402337
79748531651
424530500485
809294358273
780530855711
673953001417
571548600807
477777862871
628308210433
874185099441
653979043439
198828149725
49579866879
420481961249
252181128889
137625899901
145486552265
642630816175
686330667183
492961074707
465970954393
2845603443
652476556595
618665463499
84428794659
695477550353
352474614595
64790012181
542317576643
786720368971
168576535515
866052871403
187825050967
116380726659
827198670017
469835689825
232877233809
909137875151
435200997139
957121643049
259222175705
715530463831
774877890717
241504513307
700441959355
971418736035
375594985043
528417778255
305923222575
237978347117
971714387797
106456146885
594563370533
294501438547
905053802169
134299985855
838268186053
861324168285
94736285897
249161968153
699940184625
405136804601
68943844129
836503320075
496273834349
744420225541
371857977513
170622950285
412056530749
306024389175
88403873297
389851497787
366524576157
64041790349
402049605799
647699113173
627764470835
568893229927
819091878735
706772627177
596609525155
398805500571
889469305871
354567960859
278296380129
24716125367
528696553651
914153137629
374659733735
137485325797
449473806081
596214891959
449614708501
399495253299
796985070887
480470276581
722431032501
336431145011
956066423821
533732798541
86390090969
2893091335
349110053307
895417954751
548735171989
477294485499
378657819815
71515025167
464276943987
245263035761
333094877737
68127036027
867782283839
396600734803
526129802973
740646243593
366435623791
187991654397
71293954709
939920755063
337892339289
885594053291
728806658773
16866498591
561130626659
327775039177
512029848543
504912267533
375537176317
495580888179
801281326013
430209875011
92404716843
949743435977
937019305093
877391037861
407345652623
58963612657
840312063645
18472197071
835499710675
370078540389
923980657043
536521424245
978102176283
353055557159
249363757171
825121936395
481842322367
699239758765
197836058205
451118756267
901966299385
154492421223
615313304519
687490503085
726900506241
827590958309
102310267195
420900314613
437234161457
416881846387
251581777659
555081619745
366129118711
655761458511
666396709481
175507275427
51239908797
840936799919
950889092593
426222754527
37778745587
288111285307
17948987667
65458738673
348031318357
212558139621
503615731691
88876493707
86196170217
536124942179
379900757125
386421964101
763485477641
97895260849
655350036945
112120417877
327295543675
980610317817
26625459767
327762733159
677906005305
88596769943
365999934211
58164525429
946409153795
860966801971
273771551073
152263343333
166617684919
222650563359
390894751415
500372422897
317413961385
272429224259
873667589209
386809930035
555542550185
286242375391
680090909247
499831936805
749717156977
284337427401
598041957281
803817645709
67911940743
422788394297
604062706159
895972171953
236489191253
160241046235
975885204507
782096470565
875370788419
760491989727
926856282305
234370380391
655390093047
490785087677
737736213535
355874818257
15620408075
71038363207
668049487593
184230887189
280706913097
234738580419
690466030271
592537894675
477604204551
608278120859
559863685741
316315180347
20299814633
73054102597
531772183017
841722892925
281171345221
850002854841
425394772901
494307416005
607784590239
237109645391
881252463847
462384542553
210005884289
414967537903
70991183679
525797253071
182307462007
474209115897
854479580111
60413257369
254374425489
390911199761
443897327587
895805988999
566115702239
359809656769
877842619809
693929405159
241799761315
540175818789
559204972613
805767048043
192198969321
503290089149
430391618131
357658861929
943185979181
718699043809
544567481541
62731836120
343466489300
868767736666
269372941044
888018333158
665391283264
881352641982
470058385628
131122818538
172023678750
960762539096
519462195196
605112330864
992894336972
537790890970
477987660300
541208518934
331292273266
958827303978
814403972402
325061707546
937877634384
93138872084
792070159084
704538110934
911525777048
531640869520
439195710042
559100868662
403552825510
705041998764
718869653138
323723742922
617083249374
481359393362
450920877712
986378896926
203204525438
809302418938
201921524262
163198480418
377101330396
298899893220
737858646914
915660863596
535418361360
100850530034
631977276694
42974502486
480631129442
588343914922
318305239062
243077968226
873769140220
882741192006
379226708582
45718065598
248322317100
753366044768
143700096136
39689344752
719347652078
882127449304
913465066284
301032883226
691131146884
264420782328
773136260954
453484230814
60892569084
349666203746
320259199594
507418632546
348405353642
271195091806
121724725974
876037926092
520159916014
313952175672
50268515732
228308635306
29933209164
532155506822
909466576078
729661246344
52124387216
183127387984
965078528166
232405822892
558543502240
384073354764
287282551550
706409034064
59236005264
618982178486
893818111780
189212152866
598968028418
508946039920
227829067680
802182312788
713319023350
62060244696
802257026132
432345326716
292327921002
812444349254
959213261038
481483087326
33764427872
273299199406
880154879610
624801970964
392760728326
795677353962
331957289804
609267355546
371001478146
51561542000
309978185752
672846781380
478802211584
152715489706
367582997772
49749560474
917381543668
50532087546
418444892018
789913485496
992801474796
479879029742
285633223378
630031088256
705370359068
199445154886
316286830530
949245507710
713958106804
148828283106
537549454562
325132082956
564511008606
298600079588
366242880088
716425872084
177164892344
364871518756
269012761332
486480060644
28664815420
850457490414
717890864228
720106027258
336443944086
256961726840
944388800608
887057805438
298074560990
729904367992
827596241520
504604790504
675924407506
13610492046
185176580222
246229511434
727924702668
285291884864
904189531042
620127250884
870583440398
638976846976
910755380334
25766322944
856947329758
371071217112
675912665666
307608021376
567095816436
94721455292
352563559918
709145157618
167750339492
158414870092
960725176770
56798571338
397848935302
488367327882
89605726724
620956981582
425232104052
87866589596
643632225544
808347153852
141466123976
8796190162
866530266876
618109466552
738863833564
770469740622
88046283416
783821136988
562745234280
73534187000
406258546042
40095123828
560313755156
119847055870
88986589350
211285208102
808787790094
410090677164
102320060762
735479266156
327059462310
403869684230
128714519404
696662295378
453950976368
318618964180
78788104680
411788037440
181520425174
560317889256
508137772238
167256460762
650174435082
131330550788
840150991894
835529634372
963771775400
319294857982
437234706438
259258618868
62592979192
463172640930
47545127030
372705089764
701140845576
587413194170
19390997008
392750459448
98012464100
421912020946
415831726320
477947404640
203333634376
631915130034
863871082052
351299052118
430470974298
49048826534
561729350692
390088405110
762169560716
303620744890
580671044814
332628989768
697042549492
917651262726
999320645012
214492839220
119593029030
957158054258
680217801334
804887505036
818209098506
808859029810
707258138754
12752647550
391055364382
142207146456
473699869988
762508658218
115030576968
297637690898
648049697344
96725300910
351597077114
182943456448
551974491756
986905104386
121138021180
694013091570
706558088936
420333996412
597618098166
40741931234
745718427328
353430121200
878945407532
927419880658
688263162060
690384146024
415209523474
741725095674
748856163428
764054346724
837648517422
308152797872
901210182376
99120409914
182163226574
395156129806
189688903536
647944672916
673364068264
321895141626
230970910232
509160946
379527315318
419558272796
860366482756
210196128042
63704530850
756482586772
874592400168
958437689864
289650159214
611387463474
803436840176
444099985540
764865728262
558270550298
197625806044
726110416296
64730055380
874748622262
512870597676
9056480510
177130655602
101736185208
238239766892
160038657880
108384711816
29091657104
380204914000
808356919020
417460008242
822596139076
322776494148
935311488590
660184653922
172650296568
495850167746
599018230000
816939636252
378406663346
819624530032
836525084088
226345150592
446794980424
969361973346
808910011460
363310547074
904958523720
151919760506
635763261358
311765715546
83571915668
684542042566
94934097924
422171778998
513591486010
466881898890
814380081152
896959690324
840385005120
560398465814
340841494192
969606071370
229864813586
808917131056
214640345160
421526316452
520645035046
54491770896
373218394568
973368471646
521792864682
620455863530
517358788756
354289318770
116361470300
494125850098
665794237398
127988789060
938214119272
171690428964
315536183900
217018933894
130897102500
163262957342
528240630982
546842871456
482296914608
813640003360
675430000896
126507941030
459063135532
462020977716
753998549546
511935582550
392758667874
279155546702
902755654936
65237625198
273222193514
909035277184
127256267028
141655282940
467433862828
120326183724
685469598218
212405864560
574633435836
188925494246
552485255284
405131803380
164150757074
762811333774
247571802756
439495140470
749020657888
599316735336
868380988232
67673278456
136984520760
335974005782
354557749012
43856391972
162431289794
924537444442
443138113068
679369849910
571094715400
137953465008
915584258096
48918477766
197470568694
286673719982
353391718312
535925635662
606423366914
563728882342
975917181498
424974707930
417128935006
728506033752
918241017836
375701355574
120824953062
15753139412
403955315500
402889122672
122064900734
737595156058
488793365334
714444294416
241419680308
105075014046
71903944802
123627653734
433552258596
175870790252
72705469372
742356319470
572015907830
480862878094
53929482078
308004892298
964916608012
417965433096
492744728060
878169548164
966899615028
271389105566
588954136732
866174561676
266937376820
441766487692
581499039054
375888237032
575283977080
272020777260
797895335138
244667723572
16770828072
606243781256
967518504346
845300317794
24893579426
950691715162
35262317208
187825048454
979601066620
612671737644
146230505582
268475217394
417772888926
937349423366
526492237438
206281039854
839871072554
160637685586
589239895596
807721581848
356413496578
103656949464
503167925126
674506383544
473874625800
770997673082
154184016382
667641556854
692390681234
173410568860
9293875524
809727188174
743128229338
619401300792
543850644344
805560225742
577572796998
395076202304
321277537414
916805660670
794215276112
304849103308
255691124604
474843958262
647893507798
275845596810
585360825086
158166974908
709842919032
243637048592
486131815384
730780366530
53112025694
937813083160
989917906554
68176658252
323074863664
65256767040
913542061724
113031346396
66355480128
16938499988
807602742544
101645120136
997956067646
567775036624
986853407094
470821239956
262206628780
671322864672
134828675636
967085924302
191354976666
718631635244
27690281218
748801432608
739294913726
416301381670
443527792074
33909033050
915306719656
372506611236
391273950218
779957486866
825182956302
397891913552
790824253540
295175829180
21640874054
972816480184
917008590186
435039329990
794312592850
288156989526
844009060670
250853295004
163208410464
366085190162
9720620926
829640568024
114849531116
224617663756
112856495100
325958532872
294673918384
901322194938
954232588916
9804638932
477831115224
479605525988
236807343568
66808066410
387962155208
313767536440
910232679972
651516002282
890972494696
985183972896
750390542852
236000424328
992893037508
341336670134
644316792490
137013855786
365497168352
90158183662
49823334318
815180873846
862480932058
479658032268
696789619808
277261816738
350422214658
693883643552
508357907044
725067511698
720463094642
481436741194
495800267370
811495752230
389185478620
38796307590
566410578890
485022809344
922618777986
610019244332
979836376492
865517593668
475131862352
184881437668
901790056842
538929541256
465338316034
493181206524
968526460376
812305320844
906367424394
230443275218
460328464372
446152467918
247229007896
901657354546
330783744390
98807298134
201335292514
833089527774
220937648798
786127166332
944173121820
728685491852
153683234404
989583967902
556105104788
451504478614
240115833114
912180353444
884147323936
619151868426
479075181086
288491777008
226866259650
729687012386
653926202914
585890033832
390431593454
282832716904
109123133520
343224677798
23295857332
116844252156
121899962750
611585499160
134485060158
751509198050
999387359194
384357017706
13973206352
678989728444
888917752002
593313359672
811165799458
798341478504
764547041732
386478958162
419185259142
550835871554
355616762782
864990222234
165565944866
139544684740
268010185392
923997623198
39575461114
382740389832
833383350710
787497815410
680003639184
634791124226
993773457694
725297935020
288174698630
311660343586
908432716656
247954458566
742256081866
155604334584
42580743032
843174035632
583770302586
760718464454
46825456336
309558225072
482280611108
763870055470
681027494892
852790113284
365916598186
939578633862
780209224982
503357816458
427701583248
277025522870
292836528424
838277392566
993404617418
685368976570
72606996696
116870709494
740089419124
468994943628
161105547866
321559430716
813403329768
483646297652
594148881334
336345319974
450533413490
474825229330
295826306598
509751027506
29824892362
222034945362
898846594070
648911140798
790001574762
386133509648
940909951246
295911981432
888017866424
165241975084
399354148674
549168822578
296130726760
292705659084
55498858958
536846172340
726024374172
894889856720
514795876708
255030402882
385419829016
330995238322
870234923424
333008220314
7774572760
538680817224
976497107972
56857650040
430513472586
740265743324
509996806396
276505078878
275013529478
71703057046
117820068030
796796042360
524274085480
694473398610
46635845714
840238872928
556836130374
880773510122
444164678806
916375114032
139190403878
23474871028
326535817776
582436824338
266050230100
740781044886
136022932946
517834755454
390779931792
177213930158
976917886312
585252343410
190326595220
816931525114
745210102326
802234672364
626588609224
754362472230
844060474820
981899163724
451603080192
335165046272
618703200502
483534714036
45489829052
349294591522
462613390608
402133813934
317132178358
929587557012
430235469746
749130905782
128446034442
190008800444
935655905680
523559536470
927120320024
160709522134
678955999878
585361758146
117234615550
352833175962
509622007202
329459034736
620902411602
671192428046
598962799282
801177988350
977145219998
389219680138
494223984054
35609615468
586286624374
227273947746
746486100086
436056875044
352786092462
270767835830
798335363770
288832947876
101167217906
324217987558
973258061418
885538091354
938582616364
850566282192
936181256288
640493906500
943542355002
295240586114
196854089452
143511611544
993962840654
229023258004
842818682346
400113744500
500613433234
408810958938
456637700360
283006824310
49106116404
830122869626
790144730548
657510046350
215211787742
106202694436
44839007928
250964987414
112757606260
874492683462
283449457538
99411308452
819646253958
903952570052
488146018678
551813488506
803054434202
820734789964
145985527938
111423543584
529920191338
374340224232
478705949018
588179218300
502442739486
335683725650
419793463504
418372793526
69269729228
439872017770
749311464174
728519113196
669230519716
640588177704
39952101752
879563445628
419353623714
211467336518
850815522856
96784599810
582328254314
786119042788
526343676018
737117626328
437918373466
222249729036
376677004088
545394032446
512563105188
469867283948
34006094266
573140234622
488941516304
846537272830
245961575052
753224707868
677845381042
747510580236
582296506484
417313908412
564030982290
643179380714
236744220694
950832706506
917719234046
585325500238
293787688182
596051180402
583193702878
898279823208
11299550708
133628288512
443490914400
10941855956
350540054200
578018488578
201049242152
929158746970
881830670760
883043552900
68491844584
745611219078
127922677154
133932344488
621556930938
595632923414
789650683816
297277756386
466599807104
390800686486
496301298432
52237257374
393346430728
531682055976
161891513108
56112766168
799600984500
170526840620
755779228576
333243006048
798481657124
254413282888
30811217730
779824589258
830991363862
175309734888
882278658698
700350852256
431356574334
192388209866
283299162628
592733954706
515346288212
237339310192
112912599930
594177924338
545436273694
97104747960
992680740176
917147168266
89168153652
943812890468
564027956902
32118879276
102401663108
243411917002
527559619854
246845881130
994990858678
682448821758
856368542162
928459853806
525735096060
809749912502
908521981858
67319126628
557362661948
60302067856
512841844668
720564866276
628853153338
571736273172
123137966114
659578000090
753455991630
428498618144
462316118446
463162217286
669777821462
439816410220
886330875882
353560335740
107251374808
845199612534
180836076776
204737501518
680420712264
254237239022
923888081116
682741195932
937868844008
870315152044
698243423178
232179083468
372792947266
235964491230
364617293486
468125585770
291232035198
566714991842
532883952778
473104433958
18860617556
827058090346
360929930742
281662056614
890252759896
188772358980
955310644586
883071367000
35820041046
69626475818
586572995908
329212780110
366178905938
301837719424
774509305110
360667151444
721495539478
610765057908
539494976678
591737072674
2 683899325
4 36069507
6 795455648
8 153403707
10 229726534
12 63626929
14 672470101
16 789856409
18 127087025
20 895697978
22 369525467
24 191724861
26 709852593
28 826055817
30 220910370
32 88739716
34 816163590
36 852481000
38 651259945
40 704559586
42 182647245
44 132895784
46 175700325
48 896893717
50 833741856
52 185213086
54 232380889
56 662653742
58 249430309
60 420884711
62 301149013
64 976385294
66 294265100
68 464687266
70 351537936
72 558332942
74 323595427
76 815427582
78 922447223
80 139138133
82 751953216
84 171229137
86 386005510
88 776325661
90 55691380
92 518755448
94 390128071
96 255851717
98 655234546
100 102409693
102 200966813
104 908542553
106 983185881
108 126276593
110 324629138
112 285830014
114 89351630
116 929187589
118 217004267
120 665404502
122 937530831
124 48570698
126 630644246
128 334040007
130 806873136
132 869754770
134 952265458
136 813267784
138 180831823
140 257381900
142 826228500
144 340225296
146 517141559
148 235233925
150 527048992
152 378075578
154 851521054
156 789848855
158 243279576
160 157833347
162 136824114
164 416384673
166 789327371
168 601618785
170 7873396
172 489988178
174 116776298
176 804951943
178 512122037
180 464854319
182 564858540
184 768514909
186 396038515
188 385558423
190 637057058
192 971464504
194 52937899
196 334961713
198 251713655
200 151685519
202 154515780
204 372201656
206 559575089
208 61934812
210 744486887
212 322848205
214 629803953
216 978956183
218 223972433
220 279075057
222 870525430
224 284368671
226 793744437
228 529292138
230 270907631
232 168678497
234 419669590
236 105674030
238 343451306
240 990879645
242 660284124
244 103868972
246 5822842
248 201693040
250 500682478
252 613171335
254 521699314
256 662370719
258 380672505
260 867855214
262 429201527
264 198577625
266 307006866
268 206975563
270 815307667
272 26919038
274 931219690
276 155375814
278 169372653
280 848571408
282 184876407
284 130440902
286 204074447
288 320943426
290 914458957
292 282743662
294 611329141
296 86161030
298 676017298
300 327368126
302 228373419
304 9338224
306 852255852
308 803345114
310 295127549
312 718817541
314 680334411
316 495722694
318 603984929
320 19478240
322 484776310
324 119725721
326 376237888
328 505383187
330 52594913
332 615742012
334 758392496
336 622127758
338 801832988
340 830582374
342 395476243
344 723249759
346 387039936
348 869754119
350 778148354
352 379015882
354 701733537
356 186352648
358 405427461
360 727592650
362 827347842
364 204871390
366 866387110
368 265626159
370 285782423
372 197656769
374 148736935
376 180021388
378 519958456
380 676896988
382 530454866
384 363954327
386 853553244
388 449891728
390 646899883
392 873988022
394 2333349
396 842613629
398 330189015
400 641624692
402 893615170
404 591940968
406 110939709
408 285225149
410 338744795
412 639061647
414 289258553
416 959753000
418 203977627
420 315545516
422 499305639
424 778885884
426 220772819
428 447356706
430 548051695
432 81176998
434 871529898
436 273130748
438 301523338
440 740125032
442 475426212
444 654313220
446 125642245
448 360691233
450 737460038
452 754604825
454 983409811
456 698949585
458 749719614
460 228115428
462 844068222
464 130573058
466 595509290
468 602024691
470 631444352
472 873612909
474 986887066
476 124749815
478 209393918
480 559597700
482 474571328
484 735907910
486 783860709
488 268979718
490 854164341
492 265216112
494 215048905
496 284598758
498 874780286
500 398424958
502 770164689
504 50391893
506 955353947
508 828871302
510 1524261
512 333171805
514 501979797
516 477494827
518 234546416
520 90019762
522 658793182
524 951970264
526 560703960
528 932177164
530 231887110
532 638879451
534 611334395
536 100319211
538 806408871
540 177113254
542 85979451
544 925041975
546 952131451
548 935679657
550 184682144
552 718438843
554 452150821
556 884253549
558 526540080
560 138154786
562 479831284
564 188432312
566 240216219
568 187919342
570 346631202
572 181088199
574 135430365
576 259041013
578 870878255
580 179473068
582 187939636
584 896738648
586 558403191
588 24018214
590 652703417
592 363260246
594 38034836
596 328869107
598 803196365
600 887112464
602 408222314
604 520443751
606 665561225
608 112614285
610 812823715
612 829622789
614 438277968
616 53416495
618 990668009
620 261803769
622 435871548
624 802133654
626 265634167
628 195375960
630 601523802
632 304431543
634 772548965
636 26624492
638 117850764
640 188712541
642 213100448
644 711626929
646 212841455
648 526103308
650 401974480
652 4249159
654 15209952
656 907790406
658 661706539
660 563531518
662 634822071
664 510802922
666 706389227
668 28504277
670 200999685
672 637616745
674 964508485
676 990849394
678 366937205
680 295431582
682 283630341
684 476067564
686 580048535
688 396450027
690 33392342
692 662244135
694 873148457
696 250199165
698 855506966
700 115699399
702 427289083
704 672412032
706 375691108
708 419566495
710 392380689
712 983201585
714 967960548
716 133596103
718 270421457
720 797776519
722 142346236
724 234430877
726 874479466
728 798662551
730 107645258
732 209096130
734 887200041
736 332241598
738 284307827
740 691359052
742 433616199
744 94908618
746 888733947
748 257038927
750 972065423
752 26115407
754 955492035
756 211532173
758 914886120
760 302698282
762 809433036
764 655866843
766 558831790
768 143661093
770 712966911
772 502655870
774 34367491
776 486377890
778 579564685
780 551608481
782 528287488
784 57248531
786 613912979
788 430955877
790 131072235
792 228178570
794 335709927
796 855957502
798 102670631
800 950516067
802 809383482
804 379281576
806 828566865
808 408749456
810 702327493
812 828245110
814 497902234
816 416929676
818 352146155
820 707734575
822 761816306
824 953939602
826 499090944
828 54545424
830 288620528
832 519242141
834 419307670
836 493100964
838 421334066
840 86143750
842 584020383
844 944482688
846 496859483
848 797371592
850 661355002
852 698505837
854 461128331
856 359439136
858 722409575
860 190245537
862 345162193
864 814344443
866 746663905
868 544663544
870 777411451
872 786533188
874 23284589
876 15939769
878 821470790
880 501148169
882 109650472
884 127875706
886 445023794
888 414528944
890 171728070
892 274509503
894 867156679
896 269962918
898 17152789
900 493137309
902 4168632
904 81009843
906 79347123
908 619488561
910 255005320
912 563202689
914 642389595
916 808901055
918 972052320
920 613274906
922 830603904
924 47681989
926 115147197
928 50909309
930 921729390
932 626865605
934 970002938
936 618113716
938 405012599
940 539998606
942 123681834
944 179688852
946 433445706
948 630590056
950 886732865
952 417718087
954 463296444
956 262832929
958 183669149
960 646044787
962 29728121
964 415220
966 171135507
968 792344334
970 926008652
972 214565527
974 149521749
976 921857811
978 39364588
980 155648613
982 525482838
984 953574748
986 105853922
988 918058704
990 499559763
992 647491839
994 522043847
996 892711587
998 154734318
1000 47264390
1002 213723297
1004 836190893
1006 696137169
1008 607461695
1010 363854769
1012 723381784
1014 935576677
1016 398969679
1018 339950093
1020 694861455
1022 299930484
1024 48991471
1026 544617955
1028 696943783
1030 644123067
1032 50860248
1034 344413878
1036 305201438
1038 812656214
1040 804753197
1042 258676365
1044 579777570
1046 596531381
1048 932376429
1050 602602668
1052 13241399
1054 220266317
1056 323702465
1058 992212183
1060 870861737
1062 55662334
1064 416106516
1066 616228727
1068 398615200
1070 164082505
1072 85850195
1074 910398731
1076 919495658
1078 424295028
1080 694258477
1082 800079652
1084 211609361
1086 148059136
1088 144222321
1090 368245220
1092 413284208
1094 364299622
1096 244472551
1098 533628102
1100 414625447
1102 152756679
1104 393701191
1106 302315804
1108 757699563
1110 541555342
1112 842204283
1114 232959210
1116 103060997
1118 584644897
1120 334303421
1122 42493264
1124 693868951
1126 855279527
1128 90073579
1130 376639875
1132 461861
1134 662371349
1136 411852805
1138 682075500
1140 259768061
1142 421425581
1144 820722767
1146 880354392
1148 682782108
1150 67502462
1152 753201773
1154 166625081
1156 168031111
1158 689952474
1160 657339443
1162 769299476
1164 159476821
1166 738218878
1168 706595993
1170 48379422
1172 405993601
1174 111358756
1176 613058161
1178 445296019
1180 881531141
1182 475420352
1184 975377503
1186 414288074
1188 910562671
1190 485852786
1192 500899975
1194 436766385
1196 183620284
1198 121706500
1200 145232309
1202 573349140
1204 703141563
1206 829386572
1208 766938131
1210 922269189
1212 158161340
1214 961122236
1216 984285920
1218 912261633
1220 194245235
1222 628711976
1224 454772498
1226 196860966
1228 389781391
1230 293050508
1232 76262160
1234 982170120
1236 3824084
1238 759116418
1240 26285312
1242 418253420
1244 465036210
1246 672966888
1248 232313282
1250 386337709
1252 380490753
1254 549869626
1256 577813998
1258 272446312
1260 208828707
1262 699639793
1264 268677666
1266 420715022
1268 799525197
1270 412567319
1272 279685953
1274 102142209
1276 24841683
1278 872677219
1280 62925615
1282 236733469
1284 811187853
1286 865057316
1288 706500722
1290 927059997
1292 294883943
1294 89832545
1296 244530131
1298 561876241
1300 936899423
1302 13266007
1304 996307273
1306 474547948
1308 674058193
1310 193297786
1312 777274585
1314 713868548
1316 926456269
1318 320568801
1320 555547463
1322 125430658
1324 972905213
1326 542558589
1328 580967080
1330 630460068
1332 603657490
1334 550449040
1336 184207203
1338 685523328
1340 805023048
1342 767758808
1344 814470656
1346 353653727
1348 651524266
1350 424482840
1352 818002344
1354 555734575
1356 260463236
1358 635088447
1360 538906250
1362 176880766
1364 398260641
1366 277915610
1368 38460865
1370 513268448
1372 543563829
1374 485659150
1376 410936749
1378 270788494
1380 935569182
1382 352423306
1384 296853652
1386 24397910
1388 630929405
1390 69264424
1392 900161813
1394 122487681
1396 401008737
1398 99156420
1400 281115042
1402 778824136
1404 622056368
1406 337172340
1408 278639233
1410 919120987
1412 574027137
1414 765656639
1416 181648144
1418 476049386
1420 646088579
1422 274829357
1424 8957076
1426 950749616
1428 124424633
1430 839872555
1432 152602892
1434 890821462
1436 43364655
1438 134369046
1440 186836122
1442 91933422
1444 655826843
1446 870043162
1448 409632996
1450 939376117
1452 430539545
1454 343051119
1456 204409730
1458 230510294
1460 347167222
1462 146882076
1464 12683821
1466 264058518
1468 556106987
1470 551999630
1472 746889458
1474 840273810
1476 678130198
1478 366756372
1480 315808664
1482 918188093
1484 645885464
1486 914048232
1488 966354025
1490 674940475
1492 362486170
1494 373484506
1496 659327571
1498 333084054
1500 991318465
1502 63000222
1504 556787460
1506 151527419
1508 587482608
1510 849891324
1512 513766086
1514 500437586
1516 253419655
1518 112053598
1520 641707134
1522 352443966
1524 754388099
1526 560877852
1528 138623199
1530 721758506
1532 821435563
1534 921720153
1536 393330149
1538 288565511
1540 807042572
1542 640676768
1544 650476822
1546 598637439
1548 839120684
1550 400608950
1552 318667725
1554 882534011
1556 281170917
1558 764044792
1560 709255742
1562 184148727
1564 477481026
1566 959111391
1568 431806522
1570 595738134
1572 297838690
1574 20677486
1576 133006173
1578 620160561
1580 731424615
1582 516200304
1584 60197163
1586 770868673
1588 587705466
1590 821151504
1592 845871527
1594 644572126
1596 252745738
1598 188577181
1600 884061859
1602 206590106
1604 299324181
1606 644959804
1608 515143408
1610 362651762
1612 369992124
1614 106883498
1616 670346621
1618 67415426
1620 18595799
1622 367590993
1624 594639029
1626 432469347
1628 360595919
1630 75322244
1632 477596348
1634 48690314
1636 76086913
1638 890795766
1640 569772813
1642 963241288
1644 824881343
1646 133093138
1648 124714006
1650 4984245
1652 875992845
1654 179609847
1656 612510349
1658 170965658
1660 791923408
1662 602443922
1664 185096900
1666 879935789
1668 662059947
1670 309108025
1672 948324533
1674 58016810
1676 794810795
1678 629764470
1680 387904332
1682 802295782
1684 382327550
1686 687300936
1688 76331485
1690 172774909
1692 649775882
1694 638369770
1696 182099954
1698 342069235
1700 423248562
1702 66473373
1704 138992230
1706 855357099
1708 648642055
1710 993994155
1712 840967973
1714 74401609
1716 125968011
1718 367797990
1720 703268813
1722 965160732
1724 523995707
1726 428382687
1728 344180207
1730 812235127
1732 355657907
1734 306093445
1736 93033152
1738 414618331
1740 964915713
1742 385134523
1744 553258099
1746 699837616
1748 548453894
1750 803513047
1752 199747874
1754 792105372
1756 566677752
1758 577747211
1760 579564365
1762 126294872
1764 335101696
1766 594846728
1768 686739389
1770 590914555
1772 632705154
1774 468475974
1776 961564962
1778 481834544
1780 572072871
1782 706189634
1784 934870207
1786 691537234
1788 767216551
1790 860033701
1792 917534417
1794 82372823
1796 206545546
1798 464505736
1800 322992747
1802 825400172
1804 806973191
1806 547243949
1808 144234991
1810 22703639
1812 757889326
1814 748887734
1816 474343594
1818 983024110
1820 967719751
1822 119818924
1824 507284760
1826 581563018
1828 246629365
1830 548365609
1832 296358324
1834 805060531
1836 383797630
1838 138347392
1840 914885889
1842 36794235
1844 79418305
1846 901073679
1848 149814140
1850 499903573
1852 711523440
1854 859974243
1856 504522854
1858 230048758
1860 630215180
1862 651002725
1864 53482754
1866 936952180
1868 864001172
1870 362065108
1872 514722030
1874 689517701
1877 818776946
1879 408165956
1881 805089026
1883 215161716
1885 827515564
1887 819497594
1889 912522960
1891 597775837
1893 908786933
1895 344017399
1897 147109211
1899 454749729
1901 82823366
1903 353034898
1905 229882488
1907 876687404
1909 491571197
1911 179323029
1913 119315823
1915 118836128
1917 878244843
1919 136674450
1921 973759819
1923 786352567
1925 325911632
1927 811834503
1929 657529027
1931 735555532
1933 558371221
1935 654033785
1937 956264247
1939 106954016
1941 181680514
1943 232658291
1945 708299571
1947 918924729
1949 838152502
1951 302282168
1953 639607830
1955 484006412
1957 624591624
1959 123901235
1961 605005839
1963 270585412
1965 104834022
1967 109752381
1969 198866290
1971 431806811
1973 661099141
1975 952776558
1977 953522364
1979 966280764
1981 1348446
1983 173838328
1985 30167532
1987 638581800
1989 442152984
1991 173422468
1993 863380191
1995 603837642
1997 73102883
1999 589483973
2001 508535229
2003 790164289
2005 620285609
2007 125680823
2009 715625577
2011 771224525
2013 950764469
2015 592161726
2017 151996164
2019 130822829
2021 739801482
2023 862221523
2025 345691255
2027 570831269
2029 206976287
2031 298001516
2033 774616111
2035 384026130
2037 343752884
2039 615323392
2041 769288939
2043 384308788
2045 606274963
2047 228600009
2049 266879083
2051 361445841
2053 951073218
2055 928575333
2057 743117932
2059 330966304
2061 563222745
2063 802112366
2065 620334196
2067 929536738
2069 230623411
2071 11924854
2073 507541363
2075 833296372
2077 700356416
2079 671150253
2081 565574213
2083 173246972
2085 801351048
2087 144199293
2089 899870053
2091 467127925
2093 13448671
2095 420655325
2097 103341454
2099 763065427
2101 371701062
2103 903737731
2105 444811258
2107 429216478
2109 327257356
2111 735643395
2113 970056243
2115 417410649
2117 669114149
2119 585212394
2121 560255125
2123 184954480
2125 929615087
2127 119530896
2129 343432695
2131 156795595
2133 403443927
2135 929749337
2137 833630009
2139 928479985
2141 961761021
2143 967549770
2145 663853223
2147 800947836
2149 308451317
2151 76191980
2153 8541121
2155 66579409
2157 820575550
2159 890098108
2161 379040240
2163 181084408
2165 888195201
2167 198311686
2169 814751828
2171 206432646
2173 677585763
2175 371393729
2177 845505799
2179 437324503
2181 333710810
2183 529397691
2185 987378095
2187 295060960
2189 932584292
2191 677668835
2193 702459154
2195 545533036
2197 971399451
2199 575896422
2201 890330756
2203 784978786
2205 302304535
2207 219742988
2209 55755646
2211 511524562
2213 110173236
2215 218017852
2217 10901906
2219 564615618
2221 234548843
2223 190379937
2225 987731280
2227 375765079
2229 650136101
2231 219127717
2233 988779151
2235 865950761
2237 621357177
2239 917572872
2241 673078436
2243 783555353
2245 407414718
2247 650512124
2249 271092049
2251 116082973
2253 574481938
2255 673585590
2257 817091460
2259 477571797
2261 403940839
2263 237829940
2265 482659796
2267 311752459
2269 592501176
2271 15161567
2273 903783719
2275 496186385
2277 966756426
2279 464359897
2281 255990397
2283 307213482
2285 767440184
2287 91903323
2289 337719100
2291 711744000
2293 117275537
2295 721771056
2297 380625106
2299 772051110
2301 823673056
2303 546221895
2305 940005354
2307 705063242
2309 936619339
2311 441283654
2313 217736687
2315 519263593
2317 250589558
2319 109388470
2321 133170328
2323 253476370
2325 518604391
2327 689376227
2329 180290162
2331 121719750
2333 993428326
2335 770285694
2337 178840162
2339 736072467
2341 811054998
2343 598128173
2345 722725654
2347 219280763
2349 60538554
2351 435070642
2353 546901128
2355 627737449
2357 273406355
2359 661044048
2361 390908846
2363 834244941
2365 705992623
2367 334115899
2369 871378384
2371 586351316
2373 831831531
2375 806216446
2377 21458705
2379 890410551
2381 149404831
2383 659028039
2385 127495918
2387 487486735
2389 753402196
2391 821862662
2393 363870394
2395 883264098
2397 850066077
2399 798585875
2401 740906877
2403 508168038
2405 659602648
2407 80290251
2409 660031514
2411 590619766
2413 447320091
2415 224290848
2417 316065083
2419 659444447
2421 202811932
2423 129470013
2425 2079436
2427 781948680
2429 527357414
2431 340934972
2433 914911704
2435 336057704
2437 246833152
2439 292061977
2441 27547212
2443 437321396
2445 262576151
2447 101614180
2449 176160534
2451 209782817
2453 473623641
2455 371490120
2457 508335531
2459 693836465
2461 357753418
2463 662649764
2465 843701798
2467 625273150
2469 190759657
2471 549927764
2473 592209344
2475 72934529
2477 42084228
2479 646700251
2481 21152791
2483 323118334
2485 813345192
2487 633416647
2489 412322516
2491 933445512
2493 613590809
2495 592649380
2497 244427312
2499 760779860
2501 856322814
2503 704165041
2505 145065676
2507 2862779
2509 909494262
2511 856721035
2513 10907195
2515 989469004
2517 21214406
2519 46682312
2521 546035648
2523 220865633
2525 727747019
2527 164001687
2529 384221267
2531 18668250
2533 297632864
2535 124352389
2537 931350664
2539 24242685
2541 378791606
2543 918616193
2545 623136461
2547 899068820
2549 235681890
2551 50234244
2553 51369678
2555 183982269
2557 234991150
2559 600550453
2561 286603350
2563 59942461
2565 580623064
2567 35554080
2569 640847748
2571 78530017
2573 240677031
2575 530045525
2577 825836143
2579 340114976
2581 825910283
2583 603690579
2585 438779417
2587 473595673
2589 896107558
2591 219995661
2593 931241610
2595 755397576
2597 122627342
2599 212553991
2601 525658121
2603 287761355
2605 743003694
2607 898233437
2609 208555553
2611 980766131
2613 323684398
2615 438082937
2617 948147163
2619 310826923
2621 368216498
2623 55392631
2625 516774700
2627 642102232
2629 711584205
2631 472545493
2633 56711193
2635 763520878
2637 135161506
2639 89619856
2641 366094800
2643 414959020
2645 130234414
2647 612219929
2649 936890576
2651 152169653
2653 292691238
2655 532529621
2657 648097732
2659 609409403
2661 710288762
2663 108895871
2665 126623977
2667 252163743
2669 633455765
2671 940815952
2673 740945980
2675 13048878
2677 537254396
2679 414060324
2681 421059686
2683 690481464
2685 209136778
2687 66183496
2689 797261856
2691 30879641
2693 564381317
2695 756775288
2697 411896399
2699 345699628
2701 148885741
2703 649664945
2705 568857263
2707 999188902
2709 933911188
2711 933360560
2713 833187076
2715 324058731
2717 221989688
2719 542301331
2721 93941108
2723 38070143
2725 710773750
2727 438612088
2729 945787138
2731 173052722
2733 748267649
2735 522328162
2737 63783217
2739 57870877
2741 216002470
2743 217604904
2745 249850120
2747 216330174
2749 123538834
2751 950828504
2753 790400552
2755 87669856
2757 774541936
2759 250132809
2761 44066394
2763 172109469
2765 562179768
2767 655346106
2769 473570248
2771 901707243
2773 403196956
2775 563596111
2777 564446028
2779 518095420
2781 588109604
2783 540845974
2785 457049865
2787 913809925
2789 874602279
2791 282510576
2793 739820459
2795 13064952
2797 705751750
2799 512039196
2801 501626233
2803 715864445
2805 965227867
2807 660635910
2809 880742173
2811 605543157
2813 225696895
2815 937307354
2817 399619758
2819 257747948
2821 288076867
2823 465678285
2825 952175677
2827 443536286
2829 243492626
2831 483329490
2833 512881186
2835 356458250
2837 204542516
2839 727354315
2841 968221272
2843 863043192
2845 733890325
2847 335744781
2849 403622787
2851 28626940
2853 89450899
2855 819801180
2857 710170969
2859 678183340
2861 780607830
2863 870542119
2865 305270032
2867 747490445
2869 703255011
2871 881781279
2873 285604950
2875 70179392
2877 9943235
2879 910959068
2881 214995671
2883 86579274
2885 816638682
2887 403466946
2889 520320988
2891 814382750
2893 198082288
2895 367655991
2897 924272150
2899 79526773
2901 223656807
2903 932785598
2905 863936228
2907 482337306
2909 202233116
2911 724205237
2913 585250456
2915 811689304
2917 421961126
2919 310964123
2921 893304691
2923 582262076
2925 990733065
2927 801836086
2929 741832136
2931 218063202
2933 44802200
2935 140875189
2937 483951258
2939 553956690
2941 951060682
2943 86424594
2945 431344818
2947 961585717
2949 364330515
2951 132852863
2953 296316379
2955 105112963
2957 399334769
2959 105828116
2961 391968374
2963 288628468
2965 43450806
2967 33084518
2969 685612875
2971 207125857
2973 419372403
2975 205478772
2977 990780970
2979 489218464
2981 776510498
2983 887874895
2985 192709577
2987 274563246
2989 94464992
2991 520464019
2993 640647361
2995 43835561
2997 171184662
2999 374423342
3001 60379987
3003 544178055
3005 534199201
3007 684192678
3009 481362766
3011 71323845
3013 949414322
3015 657516804
3017 267465849
3019 777078800
3021 902963442
3023 329311663
3025 950167061
3027 717206341
3029 304904224
3031 606781388
3033 659233860
3035 335742097
3037 844528270
3039 62926693
3041 182170016
3043 510581168
3045 416618772
3047 861349382
3049 389228317
3051 501884885
3053 773623529
3055 139356425
3057 751520761
3059 654441951
3061 465989601
3063 1433595
3065 589037818
3067 560894936
3069 931622185
3071 347000952
3073 903013784
3075 722507455
3077 26364895
3079 144111252
3081 23336806
3083 859119443
3085 17427218
3087 466574154
3089 591210245
3091 329591881
3093 904939752
3095 100390808
3097 259455757
3099 492826149
3101 889293892
3103 224336618
3105 492759292
3107 21473130
3109 251032203
3111 478350884
3113 200020977
3115 952737130
3117 497384802
3119 6037327
3121 18645617
3123 107735886
3125 910469870
3127 915706270
3129 424495228
3131 965495991
3133 111534431
3135 57359744
3137 383280872
3139 623525801
3141 620077756
3143 199804078
3145 869555725
3147 100893870
3149 846706958
3151 294027028
3153 134180924
3155 748725958
3157 925977049
3159 334772409
3161 473239461
3163 876745179
3165 362864481
3167 243906821
3169 611219153
3171 16878706
3173 196842419
3175 951054245
3177 507818504
3179 609042811
3181 482201696
3183 407987278
3185 366638249
3187 829489487
3189 372398396
3191 515683765
3193 68655307
3195 33438143
3197 116166488
3199 237636293
3201 165832534
3203 580602635
3205 401395626
3207 68006430
3209 319224303
3211 399061510
3213 586860242
3215 895586637
3217 536125951
3219 892114843
3221 882131040
3223 587553967
3225 269030373
3227 147329532
3229 428644988
3231 326968387
3233 250685357
3235 543509095
3237 421459321
3239 983254711
3241 660120894
3243 567347117
3245 812559764
3247 926879900
3249 112741523
3251 672218872
3253 922492622
3255 652330461
3257 462214986
3259 902753296
3261 73609603
3263 513850095
3265 993841880
3267 841332434
3269 762938723
3271 505040374
3273 81242390
3275 538809016
3277 825021276
3279 425959346
3281 116239159
3283 155084278
3285 113274949
3287 357004820
3289 878229012
3291 533204665
3293 431452750
3295 956398374
3297 893324682
3299 371735362
3301 618091817
3303 226083761
3305 584743678
3307 583218670
3309 618498033
3311 75727688
3313 114075402
3315 673016618
3317 980046485
3319 843306100
3321 910923355
3323 315247300
3325 895933760
3327 690618944
3329 472787610
3331 775961736
3333 595024347
3335 659550325
3337 597633006
3339 394401572
3341 194908192
3343 673529532
3345 276491295
3347 321209894
3349 588203950
3351 90547367
3353 826106485
3355 873375615
3357 748256179
3359 667545483
3361 493354204
3363 913726704
3365 370915102
3367 889971770
3369 995323564
3371 923652446
3373 504978990
3375 272779188
3377 493179244
3379 110613593
3381 769691206
3383 421612375
3385 185386954
3387 571609429
3389 324688606
3391 653174669
3393 615877117
3395 739153029
3397 796906274
3399 501727401
3401 555567598
3403 905939231
3405 289317937
3407 806436299
3409 973386258
3411 312271306
3413 411458409
3415 352120481
3417 525117953
3419 856487179
3421 816670132
3423 136929741
3425 398520814
3427 420832609
3429 797512203
3431 684772626
3433 281804914
3435 923786279
3437 775004767
3439 310835285
3441 920270489
3443 869597170
3445 444996337
3447 510525625
3449 706315506
3451 798691846
3453 929222806
3455 748304413
3457 938041846
3459 494365300
3461 268299227
3463 544661075
3465 251023314
3467 419903439
3469 628417168
3471 509841894
3473 789052623
3475 262258606
3477 885890869
3479 463131032
3481 660963829
3483 760095688
3485 728635840
3487 113291310
3489 860215554
3491 235163935
3493 985269954
3495 715041529
3497 100636270
3499 512376083
3501 613594424
3503 469806479
3505 991655377
3507 382619020
3509 752546341
3511 482399845
3513 983549162
3515 937367690
3517 798453533
3519 36536772
3521 376407906
3523 728221458
3525 351790312
3527 361738353
3529 208594812
3531 981879236
3533 432944913
3535 410187419
3537 484009860
3539 944417871
3541 115646799
3543 384444491
3545 618944383
3547 901669084
3549 63070410
3551 873296917
3553 622995815
3555 317517966
3557 616782351
3559 741579432
3561 418805294
3563 531260575
3565 640742811
3567 592954589
3569 50953226
3571 475620982
3573 785006547
3575 663572545
3577 780655523
3579 334973622
3581 769584092
3583 233886254
3585 928777896
3587 562977920
3589 558542618
3591 406943488
3593 431294467
3595 873428734
3597 835667852
3599 181568544
3601 886747674
3603 421218393
3605 133131654
3607 331969420
3609 431601618
3611 386779473
3613 966958683
3615 736666329
3617 428824155
3619 211811573
3621 279880615
3623 322020267
3625 163293432
3627 766000087
3629 939289993
3631 395317069
3633 120789286
3635 990690629
3637 959180967
3639 398109506
3641 991434707
3643 179934769
3645 820540908
3647 972679654
3649 120543596
3651 421947097
3653 956719594
3655 450058504
3657 291645430
3659 699012344
3661 805305649
3663 446834713
3665 377771993
3667 353305776
3669 450466826
3671 747448864
3673 65439258
3675 943638287
3677 580930402
3679 369110757
3681 334286445
3683 76237575
3685 744761997
3687 893944649
3689 120646374
3691 341222021
3693 436221423
3695 146858332
3697 49408203
3699 373436252
3701 629516611
3703 574196044
3705 590791618
3707 911496705
3709 112440615
3711 231159635
3713 689055841
3715 368945053
3717 525213994
3719 98272751
3721 252071074
3723 7690484
3725 493654744
3727 354415698
3729 429586009
3731 848076477
3733 428147933
3735 333419643
3737 570137628
3739 531811345
3741 929690452
3743 832020183
3745 590525597
3747 516825508
3749 272715072
3751 682769874
3753 169170126
3755 978555273
3757 657922465
3759 14498255
3761 684791953
3763 72781124
3765 709619563
3767 343183909
3769 237452746
3771 367760952
3773 765822962
3775 767265329
3777 350368553
3779 227324225
3781 952943534
3783 306854219
3785 814558527
3787 905425805
3789 907808006
3791 302542952
3793 1421744
3795 223191307
3797 602904412
3799 300278246
3801 172111413
3803 659923783
3805 591905992
3807 794840728
3809 34418152
3811 119776476
3813 669026235
3815 514350214
3817 689094738
3819 281741284
3821 607585407
3823 569402261
3825 695258232
3827 73873555
3829 934592893
3831 219169750
3833 899012995
3835 138830358
3837 630208306
3839 919326742
3841 808599626
3843 733520309
3845 552873792
3847 563100152
3849 110558098
3851 261718547
3853 158080256
3855 301292680
3857 452334968
3859 218602647
3861 882414994
3863 298485078
3865 37789301
3867 316534136
3869 894611103
3871 956009036
3873 91319406
3875 779244390
3877 673375566
3879 479430005
3881 992261013
3883 598107409
3885 37682921
3887 246531833
3889 539100497
3891 685893984
3893 77823227
3895 127961286
3897 106546105
3899 934079771
3901 740132711
3903 163895156
3905 763929102
3907 825037430
3909 967395854
3911 940415782
3913 957383908
3915 446131714
3917 91114461
3919 781433743
3921 757087999
3923 213291414
3925 960206390
3927 471195511
3929 819520617
3931 7642454
3933 782768573
3935 75004713
3937 840169358
3939 319022848
3941 925338751
3943 420592304
3945 608328519
3947 449721144
3949 680079383
3951 659004583
3953 376280248
3955 795274822
3957 950489660
3959 629749203
3961 903047698
3963 871093660
3965 759021813
3967 170779508
3969 160624332
3971 58786715
3973 257256382
3975 101437246
3977 609887031
3979 266735325
3981 577102452
3983 957254657
3985 964259524
3987 782169758
3989 394396079
3991 747766702
3993 319817907
3995 454727587
3997 716304612
3999 826402157
4001 432773010
