17000000 2000 2000 1 4002
4973616
10555439
12272010
16997605
5069646
16996623
16996532
4133345
4313406
16997085
16997323
4865582
2740878
16341404
10375374
16996699
16996648
16997506
2932941
16996886
14216670
628206
13532439
16997361
304100
8034608
11839881
8886896
1072336
16996535
16997054
12512098
7830545
7818540
16996594
16996549
13148320
16997320
16996602
16996823
1144359
16996501
15873238
7254364
16996758
5513799
16996814
3305075
16996512
16997489
16996738
12464081
16996768
9895217
12488090
1048333
16996723
16996610
16996832
7398405
1168368
16997195
13244350
6510124
3101004
400130
16996883
10675484
2752878
4229380
16997268
8274695
16006
14660839
15909251
15128997
9799186
16997355
16996656
1840588
1540491
14240680
10159311
16997487
8178663
10759514
13676486
16996659
7626482
5345736
16997024
16997219
1012322
16997326
11179661
12308025
16281387
6354077
9535103
7374400
11047619
8214675
16996536
16996615
904292
13700495
11095637
10279340
16997509
7290369
484161
16997443
3893268
13028279
3941280
4589493
1108349
4349421
15657160
8070620
2452788
8754849
16997244
16997536
2128683
12644147
7386402
16996841
8154653
16996775
916296
2380760
12392055
16997305
16997187
16996572
11515783
10519425
3785232
2356752
5369744
10111291
4037312
700225
13376393
13940573
16629499
6282052
2308738
16996667
15981276
16997529
11347726
2212706
5969956
16996800
16997211
10927571
16137334
16996586
16997134
5465780
14576808
16996834
10711498
15729189
16997207
3509143
16997235
4121343
16996998
16996842
6738193
16996714
13232346
16996558
11479770
7362395
5321727
5153674
4649513
12620137
16996967
14096631
16997282
9811189
5249706
10975589
16269385
16996695
1408450
16996543
7710504
16996677
12896234
8790859
14132641
16996936
16996999
16996573
16997334
12908239
14012598
12812207
10123296
16996747
16997608
16997343
4577488
12656152
5405759
10207328
16997468
8646812
10963585
16996868
16005286
6450107
3485137
7938576
7734510
16997246
3749221
7782525
16997527
14072623
4457459
16997172
14540794
16996870
10603459
16996926
14168653
5105657
8142648
16997128
13868551
9859204
16977611
7206347
9391052
16996531
16997381
16997419
14036608
16996916
6846233
16996684
11167657
16997391
3773228
16996596
4289399
1780565
16997577
16997091
11719843
7638487
11611807
4001301
16997006
1000317
15693175
16996767
3545151
16996809
4793562
5621837
16996952
16997578
13124311
5501795
4745544
3149023
16996505
11371734
16997173
16996519
8478756
148048
10579449
16996902
16997011
16997136
7806535
16997364
16996576
16245375
11575798
15441105
16997004
6498120
10639471
16996851
9451075
4361426
10999599
9883213
14696850
520174
16833574
14996951
16996670
2368756
16996710
7050293
7098311
16997124
13328379
16473450
3317079
11743851
16653507
15921256
16997479
13388395
12572119
15020958
16997252
16997112
9090963
14324711
16997603
16997507
16997502
11875894
1984634
12019937
16996881
7242359
3473132
2716868
13760514
13556446
14120638
3797234
15237041
11443762
16997393
16996899
16996833
12500094
4265393
16997100
16996748
16996692
5717872
16997125
2728873
580191
13316374
15609154
6138001
8934911
9679146
5801898
16785556
16997228
16997245
16997406
8406736
760247
8370725
16996770
16997007
10003253
16997337
820261
12704169
6270048
10255340
15573145
7470429
12752183
5309723
2788892
7950580
4829573
13928568
16996790
11959919
4193370
6810220
12404060
10543434
16997103
13964581
16996954
16996750
16996897
16997078
592195
16997206
12332030
14396740
4781557
3761225
16997289
11071629
15801210
12211997
3137018
16996533
4997622
13484428
2872920
11803872
12920244
10663479
11203671
8694827
64020
4445454
16997598
11263695
14792881
16996888
16997593
14084626
10027263
16701526
16997438
5429767
15957270
16997497
15165012
16997328
16997535
16997138
16581487
16996528
16996783
976307
2404770
14300703
16821569
16996849
15633160
16996807
8322710
3857257
9078958
8598796
14456762
7302372
12007932
16997367
16533468
16997514
6654163
5441772
16997227
11503778
16997285
15861233
2824902
4661517
2080666
16996739
16996915
12115964
16996503
1060336
8622804
15537131
16997014
6426102
16996903
16997102
7566461
16996877
15513122
544179
16997052
4373431
9427066
1792570
7038288
16997086
8766853
8226679
6210028
16996495
5693863
6318065
13292366
15333070
16641504
3197039
12127969
16997192
1276407
16996864
15056969
16996509
7890559
8262692
16997385
12236004
16996537
4541477
11587803
8430744
3569156
4709535
13112307
16996827
8586792
16997010
16997357
14024603
10351365
15273053
1324425
5885925
6834229
3389102
88029
3028974
3737216
6089990
5189687
16413426
9775176
16997083
16996895
16997303
9114969
14804886
16997079
16161343
16997158
8730840
14180658
5201692
11527787
16996560
6750197
11035614
8514765
4553481
11155657
13832540
13256355
5741877
16996795
424137
13544442
3917273
6402094
1264402
14564804
2020643
10483413
11731848
6678171
16997008
832264
11911906
16997224
16996649
16485454
11563793
16997413
16996929
15945265
5933944
1996635
1432459
16996896
5333731
16997476
1852593
9295029
16996522
16997401
7530450
3221048
10951581
16997048
7218351
16997181
5009627
6113997
10135301
16996860
16209362
1384443
2548821
256087
10399383
11659822
9030939
16996753
6438103
15765200
4253389
11335721
16233371
6330069
4853579
14480769
16997214
16996993
16997616
12091956
7122313
328105
16996779
16996740
4841575
16437436
568188
16997490
5609832
11671825
1744552
13364389
16996607
15429100
16996556
16997047
11395744
14348720
16149339
1936615
220072
2032648
16996612
292098
3113009
12548109
16997569
8982927
16997521
16996526
16996755
16996810
2884925
16996599
16617496
10831539
11983928
14372730
16996892
13604465
16997564
5705868
8838876
604200
14420747
16997534
16997595
10471409
8970923
6222033
4817569
5129664
16996804
16996544
12151975
16997309
8382730
13352386
16997141
14828895
16996582
11011604
7002274
11455763
16389420
15369083
16997445
16996737
1600507
16997473
16996651
3845252
16996525
16997332
12356040
16996591
2092671
2656854
4205374
16997241
16997317
8466754
16997262
16997259
7914568
5789897
2224710
16997068
4961618
16996704
8502762
16997025
9667141
1720542
12031941
6966264
784253
9931226
13568451
3449123
16997449
15417097
16997164
100031
10567444
16997238
172055
15080979
15825220
6594152
16997101
13424407
12716173
12284015
14852905
280093
16997510
5033636
10171315
8334713
9307034
16997511
3173032
16997415
10699493
8898897
8610799
16797561
16996957
16996574
15645165
6990270
316104
5825906
16996978
7182337
11551789
16996682
16996838
9150981
15453107
880283
16997437
16997167
16917593
12199992
16665512
1624516
16997237
13436411
11815875
1636519
2956950
10219333
2440785
10747511
15381085
16953605
40011
16997273
12968263
9475082
9847200
16997392
5861920
14876912
5909935
14708855
7974586
16997336
16077313
16997407
16996561
7134318
11947916
16996901
14336715
11467766
9499091
11239686
8358720
2068661
13220341
8874891
6234038
7578465
16996570
11647817
4913599
3293074
14960940
16997115
9967241
6198023
1300417
16996794
16997050
13100304
6858238
16996644
8718837
10243338
16997230
8850881
12740181
16996759
7542455
3377097
7158328
16996986
4697530
16996718
16997420
14900920
3533149
9415062
16997178
16997425
2836907
13040284
10879555
8526770
11779865
7686498
9259017
4085331
16997557
16997587
16996581
2320741
15849228
5549810
16997133
16997290
16996908
4157355
9283025
12187988
14948935
16996601
10411387
16996639
6174013
3052984
14936933
16113324
16997092
13856547
436142
16997558
7326381
16997122
556183
15525126
5633842
4601498
2188699
12139970
5981961
16997525
3365098
16996652
5849916
12944254
15393088
16996506
16997546
16997204
6005969
16996907
4985618
16996671
136046
1132356
2572830
9223002
4325411
16997516
8442747
11299708
15789205
1900602
16997482
13280362
5177682
13664481
1528487
16997284
3437118
6606154
12980268
14048613
12248004
16996850
7230354
4073326
13616468
2524812
14204665
16996496
3629180
16996910
16996625
10423392
16997118
16997342
16996653
10291345
376122
1312420
15116992
12692166
12560114
9871208
12788198
7194342
9018934
16996719
268088
16996679
3641185
496165
6558143
16997573
16997072
16305396
10687489
16997414
11683830
5237701
16997001
8658815
13412402
1660526
11131651
14648834
9583123
52015
11887898
2056656
16997532
16197357
7146323
3821243
14984949
16996787
4505470
16997451
16996818
15104988
10327357
9547108
5669854
16997162
5417764
2980959
7878558
16997250
15405092
9319039
16997570
16997592
9655140
16996927
12476086
2488801
12224002
3977293
16996801
12103961
3989296
10795528
7602474
3929276
16029295
184060
2596839
9126974
208069
4805567
5573820
5213695
12079951
11635813
2968954
1084340
16997602
5921939
16997274
15249045
868278
16996969
340110
16997176
9763174
7086306
2392765
3245056
5357740
3064989
16997171
16997310
10855549
13496427
12800202
5285714
4013306
11923908
4217378
9186992
16997132
16593491
10039268
4025309
1456467
13076294
11407749
2464793
16997217
16996997
16941601
13340381
15044965
3605171
16996912
16996900
16965606
16997049
16996879
16996588
2476798
16997096
16997042
1588502
8298704
16997152
15177017
13904561
16996861
14528789
16997226
9174987
16997410
664214
16996500
16605493
2560826
11143652
11419753
1924610
13880556
7794530
16521464
16996822
1888599
4277394
3401107
1708537
16997084
736240
13688490
7026284
16089318
10627466
16425431
16997094
16997261
3869262
16401424
16996798
16997543
13472425
14600818
16221367
15189022
6486115
2668854
12728178
4433450
10615463
11539788
16185352
16997298
16997540
16996949
14732864
16997267
6882245
16996990
9955236
10843544
4925604
12764188
5897930
1756557
16997375
16996534
10915570
9691151
15741194
6954260
16997517
6246041
16997212
16996825
16997387
8922906
12884233
1696532
12055950
16997208
1552494
16997302
6017970
9054948
1648521
1444463
16997442
16997197
10303350
13628473
1492474
16997236
1216388
15309068
3581161
10867554
16996991
1024327
16997341
16257380
1240396
13772515
16996507
8574787
1228393
3905273
1828584
16997027
2044652
16996950
16997390
11767860
16997427
13892561
16996987
11599807
4097336
16996757
988312
2332744
6077987
16997607
16996931
16997618
14756869
3557154
13268359
13916565
3833247
5657850
16997538
1336426
5393754
12860227
16997408
16997017
14444757
3461128
16996812
3617175
6522129
11119646
16996524
5165678
7674496
10987594
6162009
15261048
14780876
16996816
16996970
388127
3088999
16996605
16996550
16545473
6978267
16996539
14108635
16996862
6186018
14612822
3040979
5045640
6582148
7746515
5945947
15201027
16997029
16996577
5765887
9235007
16996932
15141002
6798215
10723502
16996746
15477117
11971924
8082624
16997099
10231338
15321068
16377417
4733543
12632142
2008638
12668156
14252684
688221
16997374
14924929
11059624
14588813
16997444
16557478
16997316
16996619
3161028
5957952
16996725
16761547
10015258
4721539
16317399
12584123
8022603
4493470
16997499
11995928
6065982
16996691
856273
10063275
5561815
16997139
7926573
6870243
11359731
13748509
6041978
4685525
2632845
16997404
14768873
14468767
9787181
1816579
4109339
9006930
9595126
7410410
12043946
1204383
13784520
9439070
16997210
12416063
15705180
5477785
7758519
16997339
13400398
16996631
6546138
10099288
5381749
16996642
13136316
8190667
1948619
1372439
892287
16996873
5081651
6618159
1120354
16997015
14744868
2152686
16997432
10447401
16997494
7998594
8094629
14636831
9198996
16997275
8682825
9463079
15777202
844269
6762201
16997426
7110314
13640476
13652477
14156649
1960624
16996811
3521148
8778858
4145350
16996658
15585150
11251690
6702179
15993281
16996996
640211
12344035
7854552
12260006
16996922
3076994
5117662
16996650
9379053
9979244
7662493
16997359
16997545
16997400
15225036
11275700
4889590
6414099
28006
16997574
9703156
112036
10891560
16996706
15813215
3016971
8202671
964306
6462110
16997144
9919225
11323716
7350390
8010598
13508432
16365412
4337416
76024
2800896
3185036
9739167
8238684
12872230
16996817
12596127
11215676
16997523
16996616
10435396
16997288
10387378
12956259
3593166
2296733
14864908
9751169
16997185
15489114
2512809
9066953
10771519
10531430
3809238
7422415
1096344
16996516
8562782
16997376
8058615
16997276
4757549
16996635
16997056
16996797
16509461
5837911
3953284
16449441
8418740
6306060
16905593
6101992
15549135
16996617
16996889
9559113
7338386
16996871
16996820
8814867
2536817
13520434
9343048
16997104
16997081
16997074
6366081
15717184
1180373
1480475
5753882
2608836
16996769
16997462
532179
14492774
13088299
16997127
6774205
16996669
13208338
16997186
6906248
2812900
6630161
10147306
11023609
2116679
16996626
16997556
5489790
772250
15621155
16997201
3233052
16996517
15297063
16996972
14228675
8706832
1972629
8670820
16809566
5585824
13052288
14264689
8286699
15753198
16997160
7014279
6786210
5273709
8490760
16997519
3881265
7554459
6942256
2260721
1804574
9487086
13004275
8946916
16997501
1420454
9271020
6714183
1564496
16997278
1468471
2992963
652211
16997491
8118639
1912607
13592460
4169360
10495418
3425115
16997576
12296020
16996839
10339360
14312706
11191666
16996595
16996959
5813902
16053305
9823193
6258044
3653189
16997369
8130643
16996928
11707838
16997239
16996981
16996765
6294055
16996761
9907220
16173348
11935911
13736506
13184333
2200701
4769552
2908935
16997145
5525802
4937609
2104674
10903565
4877587
16881583
12608132
3725212
16997061
7866553
15153007
1576497
352115
16996661
1876600
16996988
16997156
15561140
7986590
16461446
9943231
3329084
8250688
3965288
16996749
16065309
14840900
16329403
10939576
7074303
16997263
2272725
12380050
11287705
14384735
16997215
3413111
8454752
8538773
5537806
5645845
3004967
4301404
1504478
16997183
7446420
14144644
16997429
7314376
940304
4421445
16997116
1864596
16997533
16996771
16996914
16997518
6894244
16996521
16689522
7062298
15837224
15213031
16996548
16997386
16869584
6666168
2764882
6342073
16996542
16996882
11431758
16996764
12776193
16997203
6150006
8826872
13844543
15933261
8346716
14504779
13448415
16997312
4241384
9991248
8958921
15669165
16997448
808259
16997082
16996995
6726188
7494439
13160325
16996687
16997057
16125329
16996789
616205
9403057
4385434
13304370
16996756
6053980
4565483
15885242
16997249
16997599
16997013
3665194
16997151
5261705
2620841
9523098
10183320
16997548
16997089
14720859
16996953
15068974
5597829
16101321
10075280
16997020
16996815
3209043
5993965
9835195
9367048
7170332
16997229
2236715
16017291
5777892
10807531
16996674
10363370
16997233
7518448
7434419
4625508
16997584
11227681
16353408
7902563
8550778
16996711
1252400
16996559
7962583
1684536
2428780
8166658
16996941
4673521
14276693
15357078
16997458
13808530
9138978
16997378
16996976
748245
8310708
14912924
16997000
16996690
11791869
16997606
16749543
4901595
16569482
3713208
15501117
15345074
460152
13796525
2284728
16997503
6690174
16996920
1360435
16997174
16997588
4481469
16997070
12680161
12992273
5297719
16713531
2164690
9631134
3341088
15465112
16997338
12524101
4637513
2692861
3269064
7770524
6642160
10459404
16845578
10591454
13724503
1288412
7458425
14552799
12452078
14000593
14816891
13712498
2848911
4529474
16997299
11695834
1732547
9162982
4181365
16997324
16996527
16996857
13976586
412134
6822225
10651474
16997113
6029973
16996502
16997311
14624826
16996802
13016278
16997041
7842550
12536106
11755855
5873921
16773551
4061322
3281069
16989616
7614477
8910901
15969272
16996994
6474113
16996828
14888915
16997585
2344748
196064
11863890
10507421
5093654
12320027
6570143
16725535
14192660
6930255
16997559
11383739
12836217
2248719
16997032
9511093
14360725
4397439
712230
12163979
14408743
9247012
12067954
9727164
1768562
10819536
9355047
14060618
6378085
16997575
3257060
16996657
16996962
15597154
2416775
3701205
2704865
16997080
15008953
160051
508169
15681170
16996734
16997549
16996984
11851885
2500804
16997615
724235
8994931
8862886
4517474
2644850
4949614
2776887
2896930
16997600
8394734
9571118
1516483
16997189
16997168
6390089
12932249
8046612
11827879
16997596
7590469
16996875
16996784
16997380
10195325
3353093
2944946
16996604
14684846
2680858
16996786
11083632
16997366
5729877
16996891
12824212
14672841
1348431
2140681
16293391
1672531
16996776
16997131
16997325
16996575
8106634
10735506
16996855
16996887
12428068
7482434
7266364
16497459
16996751
16996681
10087285
676217
16893588
7722509
1612512
16737539
12175984
13952578
448147
7506444
2176694
10051271
9619129
16997522
16997402
8802864
5057643
9643136
16997193
6918250
16997169
3125013
16997613
14288698
952304
3689200
9715160
16997300
16996937
16996742
9607131
9102965
16996741
16997504
15092983
10315353
5021631
16857581
472156
16997194
16996982
4049317
16996665
16996930
5225698
13064291
16997321
15032962
14972944
232077
7278368
12440073
11311713
796257
16996645
16997352
12848222
13460420
11623812
7698503
124041
15897247
16997455
7650489
4613503
10267345
11107642
3677198
16997123
16997348
16997093
13988591
13580455
364118
9042944
4469464
16997389
16677517
2584834
6125997
5681859
16929597
16997180
16997329
2920938
12368045
14516784
13820535
3497138
4409440
9331043
1036330
16997356
928301
244082
11491773
8742845
6534134
14432752
1396448
8634808
9210997
16997477
16997554
16996951
16997384
16996555
15285058
2860916
16996762
1192378
16997460
1156363
16996781
16041300
5141669
16997062
16997198
13172328
5453777
10783524
11899902
13196335
305 1
327 1
1411 108
2763 2854786
3404 78657187
940 1
3807 438523922
889 1
3164 24822464
2639 1317978
3444 93847911
3633 206062688
3305 48757694
1515 292
1386 77
384 1
515 1
2535 718287
655 1
2893 6275571
3833 497501253
2442 401365
152 1
987 1
450 1
2085 36224
2548 781839
652 1
661 1
2978 9997946
1276 21
2782 3118532
1918 9105
3965 860123480
2018 22030
1459 166
3671 245199319
2078 33630
611 1
2378 266477
1345 45
749 1
1442 137
3141 22328806
3131 20664310
127 1
939 1
1879 6236
1388 81
1952 12760
909 1
3799 418141737
2217 83569
1087 1
1563 396
3519 123958193
1473 193
3831 489744114
2526 675881
2321 172579
2170 58618
656 1
2372 249702
876 1
1344 44
104 1
697 1
1586 493
298 1
119 1
1225 11
2792 3367793
302 1
1939 11412
1624 688
2218 84749
1253 17
2686 1820640
47 1
3482 106992317
1610 589
754 1
738 1
1666 1045
2689 1841534
814 1
2714 2134345
2219 85943
3767 373970606
1476 197
740 1
90 1
3210 30899223
659 1
2824 4052678
3641 213035394
1776 3098
2764 2886576
179 1
2389 280649
1744 2296
763 1
2408 319213
3958 840790855
2791 3331080
3713 288827178
3989 941679575
3667 241192883
1571 421
2803 3635550
278 1
2035 26050
3952 821864401
3526 129406848
2866 5355673
3731 315809332
3240 36938289
3205 30034563
2251 105861
1006 1
3508 117702546
604 1
1423 123
417 1
986 1
1407 101
2195 67620
20 1
2001 18886
2382 273477
1148 4
135 1
1545 358
445 1
3318 51982495
452 1
1951 12559
84 1
2243 100166
3788 398646501
1911 8531
3056 14223040
2113 41981
2305 152957
3343 59037953
841 1
2799 3518452
3738 331500751
3577 160166648
1499 253
857 1
2631 1287564
2574 924992
53 1
1376 66
2876 5528919
2553 810651
1978 16164
1141 3
3116 19116205
785 1
2241 98787
1627 715
1305 27
3297 46999797
2158 56144
2713 2110364
3803 424835434
2283 128263
2257 107331
1398 91
1823 4451
757 1
1037 1
2516 620426
603 1
3614 187970256
2271 118169
2599 1017418
1827 4528
3590 169929985
467 1
3283 44473549
1456 160
1317 30
1400 93
685 1
2723 2207824
3704 279560801
594 1
3762 365090458
1047 1
665 1
26 1
3527 130523059
1152 4
1684 1214
3360 64035178
2128 46507
2739 2526002
2452 422121
3112 18746464
3891 643258715
2957 8842732
1454 153
3063 14508825
1050 1
2464 449475
1995 18028
3984 920639949
1446 140
3363 65198013
453 1
3945 791201428
2904 6613615
1069 1
2513 605380
3118 19303617
2743 2554363
3715 293567126
2647 1380827
1680 1170
3429 89025288
279 1
2661 1550400
1604 555
1891 7240
801 1
1053 1
879 1
3754 353556185
2132 47882
1096 2
3090 16829382
1923 9874
2020 22715
3083 16178844
2563 871271
3939 773319691
1780 3265
2350 210585
336 1
382 1
3662 235297644
3383 70678871
346 1
1644 833
2303 150911
543 1
3605 181767188
672 1
726 1
332 1
2302 148889
1869 5736
1636 757
2436 386428
3259 39796660
2538 735934
260 1
3736 328835968
3929 744352611
3575 158815419
728 1
1239 13
2366 236998
1847 5099
1061 1
1921 9560
1415 115
1552 366
918 1
1870 5833
819 1
3750 347917450
2930 7418030
3898 668540864
2363 227868
973 1
444 1
2376 259645
1414 113
1754 2465
2570 903143
1542 344
528 1
1747 2337
2295 141055
2618 1145078
3816 459830405
2313 159254
411 1
2883 5829332
3858 550786052
777 1
1812 3949
2272 119798
1375 65
1892 7360
2917 7041690
1691 1357
2604 1054248
1207 9
541 1
1460 170
1043 1
3180 27053565
1265 19
989 1
3447 95508893
2968 9598083
810 1
3622 199303454
775 1
3719 300813347
3658 227646371
1181 6
653 1
1116 2
1844 4929
1190 7
1855 5454
2933 7573757
2329 186940
1212 9
2902 6544676
1902 7861
2801 3557088
643 1
3394 75235875
2619 1158634
1681 1192
3041 13396891
3138 21901337
1569 404
194 1
552 1
1229 12
439 1
3473 102431096
1231 12
3204 29751399
3004 11523271
2028 24891
1656 916
1773 2992
3136 21481516
2016 21695
660 1
258 1
3382 70049313
2406 311126
3427 87469848
2079 34135
236 1
3655 223908419
3611 186401232
1196 8
3329 55911323
2413 331714
3437 91406919
2499 562260
1110 2
641 1
2293 137284
1164 5
1073 1
2814 3923072
1338 38
3139 22114107
3560 152217405
1217 10
3626 202656771
2002 19180
894 1
3494 110777036
565 1
3288 45720390
2991 10735351
1244 15
3689 257594473
1687 1284
1772 2940
57 1
1836 4684
727 1
2108 40765
3675 247225748
288 1
3325 54406624
2603 1041835
663 1
3211 31192568
3806 435063730
3376 67583046
1311 28
705 1
2265 111857
2726 2258114
3195 29192528
1854 5363
1068 1
1784 3322
518 1
375 1
1917 8958
583 1
2007 20090
4001 992529915
3366 65786793
2397 291735
2208 75734
3298 47433638
2947 8313038
696 1
3999 985111938
2000 18596
1937 11052
147 1
1796 3623
3609 184844438
1252 16
3550 145875946
2033 25658
14 1
2282 126527
2201 71570
2043 28522
1888 7004
3300 47871215
1967 14482
2668 1623519
2737 2470161
283 1
1482 214
3260 40168125
3896 658318726
3153 23207206
2922 7265297
3870 586175654
1361 58
2433 372011
3087 16501121
3321 53424582
272 1
2386 277041
1369 60
1130 3
2780 3084363
874 1
3832 493608462
959 1
654 1
2731 2361917
2006 19782
1584 484
3413 81498204
2087 37313
3216 32392138
2539 744909
869 1
2080 34646
3454 97197280
3827 478319813
3834 501422682
93 1
2289 135434
3880 604655782
1470 189
3828 482099981
1889 7121
3794 411546579
3541 140981245
208 1
3001 11179205
1323 33
1716 1721
759 1
1019 1
112 1
2856 4970940
1268 19
2244 101562
3099 17504269
386 1
3793 408285530
60 1
2654 1463322
3558 150928891
1689 1332
1144 4
1899 7733
3341 58505764
941 1
2640 1333435
3111 18564107
1352 49
2886 5953709
464 1
2268 116561
746 1
3791 405048611
266 1
965 1
737 1
2140 50745
1254 17
1771 2889
1612 600
807 1
2525 667685
2612 1118408
2857 5024275
557 1
2744 2583020
888 1
3057 14365270
1721 1818
2076 33133
1925 10035
1907 8257
404 1
3340 57978055
431 1
2982 10203658
3149 22764052
901 1
213 1
2479 496705
3726 310734841
942 1
2733 2388555
1092 1
1989 17206
2629 1257807
3904 678910993
3975 893269144
1957 13382
3051 13942516
2205 72590
509 1
3348 60661757
2045 28954
365 1
2533 709612
2638 1302688
16 1
522 1
1331 36
1149 4
3537 136240176
3313 50576805
2659 1515004
479 1
1448 143
3245 37986941
2889 6080559
860 1
1200 8
3539 138591790
3665 239212657
3974 886546127
1402 97
1477 201
3855 542255721
3105 18026919
3859 555098029
441 1
787 1
219 1
1293 24
1100 2
3449 96349635
3262 40920786
3227 34921541
2053 29838
1616 636
3017 12241257
3523 126111437
2816 3965838
2777 3017070
1845 5013
722 1
2809 3838829
1191 7
21 1
859 1
1159 5
2920 7190035
1605 566
836 1
1590 513
2746 2611978
144 1
1387 79
2088 37869
3253 38701409
2826 4096760
3724 308226231
1277 21
3137 21690479
2822 4009038
91 1
2684 1799967
3997 970430959
449 1
425 1
3039 13263634
2730 2335557
1085 1
354 1
3289 46143202
2894 6341861
3620 197646284
98 1
1373 63
3656 225770175
1178 6
120 1
702 1
3435 90606513
856 1
3790 401835656
3359 63461047
3978 906858172
3490 108869327
708 1
1618 661
3867 577134564
3223 33952160
2625 1214372
2342 197125
1187 7
1351 48
1966 14256
1150 4
2023 23420
3972 879870359
2060 31211
343 1
3408 80065935
833 1
168 1
2491 535125
802 1
2627 1243170
3995 955954387
2221 87154
1032 1
990 1
2298 142977
582 1
2735 2415473
614 1
103 1
905 1
1129 3
1353 50
813 1
569 1
2069 32642
731 1
2660 1532607
1813 4017
527 1
3895 653262540
2691 1883997
561 1
3525 128299551
3774 383052022
620 1
1048 1
2003 19479
2859 5078145
1316 29
1339 39
2059 30747
952 1
474 1
540 1
3356 62891723
1115 2
2515 612860
1449 146
3026 12615706
228 1
1140 3
1791 3380
2863 5187505
2407 315145
3339 57454790
3825 474567323
241 1
2682 1759276
372 1
1851 5274
233 1
3521 125030489
2186 64793
1382 76
369 1
3838 513360763
2260 110329
947 1
371 1
2234 96083
958 1
2225 92157
204 1
1494 233
579 1
2606 1066798
1409 103
2300 146894
1125 2
2837 4323965
3749 345129665
3914 716400788
2767 2918697
544 1
2008 20402
1912 8671
2120 43868
3002 11292814
542 1
2396 287995
1451 150
2224 90881
495 1
3959 847189537
981 1
1086 1
3589 168502010
297 1
3695 270572491
1045 1
976 1
400 1
524 1
3214 31787072
24 1
1417 121
1814 4087
1197 8
1935 10703
2844 4514139
2773 2983940
1793 3499
3886 623678548
3763 368028402
3080 15706426
3319 52459103
3190 28104060
2846 4612126
2123 45834
2808 3797344
2248 102976
3188 27837925
2420 349092
3013 11997415
1675 1106
3694 268367947
2715 2158581
2284 130022
427 1
2790 3294741
96 1
73 1
719 1
1718 1785
161 1
3601 178737805
1142 3
3089 16664497
3267 41686592
2429 358097
2133 48583
3885 618871183
2736 2442674
174 1
866 1
1975 15666
2878 5647307
549 1
2970 9696625
1725 1884
3744 339616529
2965 9308035
380 1
3854 538036948
2888 6016822
1504 264
1158 5
646 1
3224 34272461
1131 3
960 1
2508 583449
2200 70563
3246 38342622
1994 17750
1578 447
337 1
1615 624
3014 12118763
1134 3
2675 1699846
115 1
2440 396327
3079 15551836
2009 20718
1320 31
2106 40170
2768 2951150
1468 185
470 1
134 1
626 1
2936 7652759
423 1
3992 948791925
1021 1
359 1
2572 914007
2267 114973
75 1
1258 18
1617 649
1194 7
2678 1719445
2320 170288
3729 313262497
2655 1480364
1210 9
3171 25546335
2938 7732530
3902 673707306
2032 25272
3864 568223760
1949 12361
3228 35250367
227 1
3661 233362642
803 1
1834 4605
1820 4302
3848 525563702
1756 2509
1991 17476
4 1
2399 299352
3642 214812653
3582 164284996
1881 6341
2674 1680457
2355 216205
975 1
1535 330
3044 13667163
3851 529691145
2319 168026
1713 1690
415 1
3768 376975174
551 1
3399 77271600
3805 431629035
2877 5587820
2443 406463
3011 11758113
3375 66979271
1893 7482
2183 63875
140 1
1123 2
2663 1568386
2873 5470598
2211 79004
325 1
3379 68805867
878 1
915 1
1380 72
3837 509352240
2122 45170
3301 48312557
2997 10955180
2789 3258773
3309 49659475
2869 5412851
1213 10
133 1
2840 4370794
2041 27675
1066 1
2266 113405
471 1
3361 64614154
399 1
2375 256290
1673 1085
2945 8143159
2349 207826
3219 33007940
1246 15
3239 36594786
3761 362174416
3108 18204348
3270 42465759
2541 753985
2294 139157
3119 19492743
391 1
1118 2
109 1
2806 3756277
545 1
1486 219
1614 612
1708 1600
448 1
1294 25
2949 8399212
800 1
1807 3881
2279 124812
2567 892400
3937 767443430
3733 320961085
2756 2670804
1874 6133
1581 465
1659 970
2728 2283658
2096 39583
2377 263040
3086 16339241
3584 165679597
3146 22545448
3225 34595580
280 1
69 1
291 1
3463 98051882
1972 15182
3115 18930492
1984 16678
3068 14799963
3134 21069216
3306 49206657
1036 1
2650 1429787
3513 119754253
783 1
2915 6968594
1226 11
2591 981793
2593 993536
2425 353568
3625 200973585
2480 502925
396 1
2621 1186197
2212 80123
2154 54549
902 1
373 1
1491 224
2884 5891214
1026 1
2214 82406
1324 34
86 1
864 1
1372 62
269 1
868 1
3871 590745608
2519 635821
2959 9026185
2135 49294
3734 323566274
1319 31
3417 84434766
1872 5931
3573 157474835
424 1
1662 1007
59 1
2390 284300
2431 362680
1341 41
1544 351
1227 11
3127 20070550
3178 26796729
350 1
2757 2700678
430 1
762 1
3182 27312697
2841 4418097
911 1
51 1
3535 133925846
2900 6476408
2153 53768
3809 442009786
1570 412
172 1
1727 1919
3777 389220200
2630 1272604
2830 4141290
612 1
226 1
1072 1
3844 521466293
2012 21365
2804 3675384
412 1
812 1
2021 23065
3215 32088274
2490 528535
1643 817
237 1
2565 881776
2435 381565
1067 1
2648 1396970
2317 165792
2038 26851
3638 209521971
2176 61194
114 1
903 1
1938 11231
19 1
1936 10876
3579 161528601
1885 6665
1665 1026
1327 35
2327 182033
2760 2792184
2082 35691
3421 85184182
2880 5707384
1920 9406
2453 427464
2582 947334
2026 24515
570 1
3012 11877201
3780 395480981
2064 32158
2522 651571
1058 1
192 1
3158 23887056
2693 1905569
232 1
2196 68588
462 1
1521 311
3516 121839301
3070 14947568
1186 6
917 1
764 1
128 1
2191 66665
3565 154825293
1321 32
390 1
2325 177248
3946 797247258
2095 39003
3557 149650562
676 1
2703 1994185
649 1
2680 1739254
3700 272793927
2160 56958
2230 94757
1609 577
2988 10413315
2975 9896548
648 1
1930 10364
972 1
667 1
1340 40
1742 2215
2509 590675
615 1
715 1
77 1
222 1
760 1
1138 3
571 1
2326 179626
46 1
792 1
724 1
2706 2039921
3969 873241533
215 1
1203 9
1906 8123
1654 899
1165 5
2587 958693
1510 275
2498 555359
2710 2063154
2670 1661274
1392 85
2019 22370
349 1
1840 4765
3702 277287961
683 1
1583 474
970 1
824 1
1748 2379
35 1
977 1
3594 172819882
2701 1949407
3242 37634342
799 1
2259 108820
1056 1
2953 8574068
953 1
498 1
480 1
1377 68
3078 15398668
3337 56935937
3678 249267799
998 1
1355 51
3370 66380533
2890 6144925
1778 3153
239 1
1887 6889
17 1
3192 28372568
1358 55
182 1
2547 772450
1799 3750
170 1
3640 211271866
1143 3
937 1
85 1
575 1
2954 8662764
3920 727461829
1710 1630
1560 388
3554 148382345
1401 95
3688 255488808
1172 6
2486 522021
1379 71
3862 563816670
3388 73250293
3829 485908018
2010 21039
3545 143409107
3960 853633645
3679 251325585
466 1
2450 416840
3020 12364905
2063 31681
1968 14712
3023 12489717
3104 17851106
1350 47
776 1
3433 89812653
1751 2421
2505 576304
2493 541792
2669 1642295
3977 900039722
2307 155030
3856 546505353
3860 559441497
489 1
1982 16419
2656 1497591
923 1
3121 19683597
3264 41302033
2129 47190
1014 1
1519 305
1692 1382
136 1
2555 830405
1120 2
1492 228
1765 2740
3177 26542171
1770 2838
1088 1
3652 222061001
3742 336890890
962 1
2411 327497
3269 42074492
1496 238
142 1
2940 7894405
178 1
1598 523
3353 61767348
2845 4562887
311 1
1676 1127
1883 6555
1723 1851
1018 1
3509 118724263
2626 1228692
1439 134
1841 4846
250 1
2213 81257
1822 4376
3 1
3254 39063327
956 1
3346 60115914
2751 2641238
2537 727060
999 1
3241 37284800
671 1
1698 1434
3282 44065038
1095 2
963 1
3949 809468492
1635 743
2624 1200207
3217 32698686
3911 700103197
2484 509216
3542 142190340
3951 815644468
2369 240116
2054 30289
3595 174281970
146 1
472 1
2501 569242
351 1
1511 281
3882 609360031
3072 15096545
929 1
211 1
314 1
632 1
2795 3404882
203 1
3714 291188151
1011 1
2172 59466
36 1
1701 1460
3813 452623180
1479 206
3166 25302884
1280 22
3093 17163730
3815 456213509
2314 161406
3779 392338935
3996 963167289
2939 7813076
1274 20
3524 127201103
2783 3153054
209 1
299 1
3415 82954358
2454 432871
1151 4
312 1
1794 3561
851 1
2834 4231707
2167 57783
3380 69424992
3810 445521498
1764 2693
378 1
2112 41369
1933 10532
2576 936101
1325 34
2222 88380
1706 1543
1707 1571
1761 2599
1849 5185
1955 13172
3208 30608455
2855 4918133
1286 23
352 1
2334 194531
2091 38432
1555 373
319 1
786 1
451 1
2607 1079488
2597 1005411
3261 40542825
3944 785198411
2148 52997
3466 99782165
978 1
3154 23431790
1600 544
3412 80779107
234 1
3193 28643469
1359 56
2379 269956
2802 3596119
3878 599985447
2908 6753531
3918 721911537
564 1
1534 324
1176 6
2785 3187933
1577 438
3124 19876195
181 1
3478 104233357
566 1
63 1
3561 153516181
2527 684170
3175 26039810
3648 218408764
2352 213377
71 1
2950 8486220
1641 802
2683 1779513
2370 243273
2864 5243006
613 1
2312 157129
2048 29393
3923 733051928
852 1
1002 1
3286 45301197
1466 177
2474 484482
1779 3208
877 1
3931 750063728
3416 83691507
138 1
2040 27260
1397 89
126 1
971 1
508 1
550 1
1458 163
1497 243
3377 68191899
3271 42860419
3691 261854484
1696 1408
199 1
221 1
223 1
3150 22984632
3547 144637618
3822 463474050
364 1
2779 3050544
1078 1
3326 54903939
2210 77900
419 1
2315 163585
573 1
3643 216603743
117 1
3795 414831926
1343 43
766 1
3487 107927013
1298 26
2495 548536
3651 220227816
1860 5547
2432 367317
3493 109819315
3293 46569662
3275 43660031
3889 633398019
3031 12871248
486 1
753 1
1430 131
3908 689431100
3206 30320242
214 1
2328 184471
623 1
3841 517398714
581 1
3532 132782491
3687 253399216
1174 6
160 1
3135 21274434
1247 16
532 1
3470 101540912
1927 10198
1240 14
3751 350726241
2401 303229
3103 17676893
3616 191145355
353 1
793 1
3351 61212223
1309 28
3735 326191189
2523 659582
534 1
846 1
2461 443875
1161 5
627 1
2517 628079
3872 595348797
106 1
1103 2
2932 7495516
143 1
770 1
1260 18
2810 3880737
3823 467144628
1703 1487
3481 106065179
820 1
2836 4277604
3756 356407429
596 1
1198 8
694 1
1481 210
3130 20464592
559 1
1391 83
761 1
3395 75908821
681 1
3384 71313707
2898 6408805
2115 43230
3156 23658401
2139 50015
2121 44514
2913 6896206
230 1
294 1
778 1
1973 15422
3316 51509930
2649 1413290
2143 51486
3801 421476183
2881 5768057
3617 192751609
1356 53
904 1
3998 977745731
3507 116689040
771 1
3979 913724810
1235 13
218 1
2562 860882
3910 694748023
3092 16995788
2906 6683231
3424 85939802
2989 10519645
789 1
3076 15246908
2476 490558
1712 1660
2847 4661861
3775 386124616
1273 20
485 1
1767 2789
3598 177240847
3722 305736533
3052 14082126
2530 692555
3940 779237926
2796 3442353
1737 2099
440 1
3133 20865846
202 1
1686 1260
2405 307154
3035 13131615
1536 337
360 1
3566 156144819
235 1
186 1
3604 180246556
2343 199751
2923 7341293
934 1
342 1
166 1
855 1
3707 284158738
3162 24585460
2891 6209927
2946 8227689
3888 628520749
2967 9500476
3705 281851018
3176 26289871
74 1
539 1
3957 834437301
3442 93027567
461 1
3596 175755597
189 1
3082 16019917
2206 73624
525 1
207 1
3701 275032377
10 1
2912 6824521
251 1
2848 4712096
3585 167085242
481 1
2993 10844746
3619 196001982
3505 115683684
3615 189551601
1424 126
3355 62327170
3660 231442499
839 1
1232 12
3928 738682100
2942 8059439
249 1
2207 74672
3320 52939788
3717 295964231
2025 24145
3913 710929322
3159 24117773
3868 581638714
3387 72599377
2173 60324
2189 65723
1378 69
617 1
2042 28095
2324 174899
2223 89623
1589 503
3322 53913516
2759 2761365
2616 1131669
1467 181
871 1
922 1
635 1
2347 205101
537 1
2288 133607
2114 42601
1342 42
153 1
821 1
3311 50116181
1670 1065
1426 129
1059 1
2362 224898
1250 16
1395 87
2469 466672
3503 114686417
3172 25791971
729 1
1976 15913
690 1
2410 323330
242 1
3222 33634654
3406 79358644
1599 534
2330 189439
169 1
1556 381
1897 7607
149 1
1762 2645
1132 3
1516 298
124 1
3010 11640139
1580 456
1366 59
3606 183299786
1651 882
341 1
2966 9403796
1170 5
853 1
1004 1
1961 13812
969 1
2419 344670
2972 9796110
3284 44885592
1463 174
3618 194370454
3540 139781752
1107 2
3890 638310596
2471 478476
2805 3715625
2416 335981
2470 472540
1953 12964
72 1
1077 1
1800 3815
3905 684152174
2545 763165
3690 259716327
2465 455140
2531 701035
1905 7991
2365 233917
1416 118
3403 77961521
410 1
3186 27574144
3475 103328559
2941 7976524
936 1
1525 317
1097 2
850 1
1242 14
2999 11066664
309 1
3345 59574658
2787 3223171
330 1
3933 755815723
1985 16940
284 1
924 1
1736 2062
2512 597986
3758 359280123
2418 340299
669 1
3230 35916706
3497 112715908
3518 122894485
1626 701
2919 7115502
825 1
883 1
2690 1862653
491 1
2644 1364857
3393 74568500
1908 8393
1944 11783
1948 12165
900 1
991 1
3213 31488511
1634 728
994 1
1916 8814
2333 191969
2986 10307989
1964 14032
2962 9119238
446 1
2229 93449
2958 8934019
1739 2137
184 1
429 1
1941 11596
483 1
1919 9254
3986 934617011
3445 94675002
1136 3
1817 4229
3824 470842324
1156 5
2551 800938
206 1
616 1
2865 5299060
2560 850609
2843 4465877
3479 105145545
2590 970178
1886 6776
1688 1307
2702 1971677
772 1
3659 229537111
1501 258
1455 156
927 1
2086 36765
238 1
1792 3439
3985 927603910
1998 18310
3773 380002261
2180 62969
3464 98913492
2641 1349061
3196 29470727
2240 97426
3065 14653719
2521 643651
3852 533848825
2719 2183073
1237 13
1775 3045
3912 705496878
928 1
200 1
2664 1586567
2862 5132553
1413 110
1945 11973
2344 202409
195 1
3043 13531397
1922 9716
1507 269
362 1
1873 6031
29 1
3414 82223272
2364 230874
2468 460873
1882 6447
930 1
44 1
1071 1
2979 10100313
1861 5641
5 1
2299 144923
58 1
3081 15862449
688 1
2797 3480209
2286 131803
3439 92213920
1740 2176
2611 1105291
1637 772
3046 13804199
1241 14
992 1
2209 76810
1214 10
2361 221965
99 1
2852 4865850
95 1
3732 318375483
3536 135078385
89 1
3129 20266677
3693 266180177
529 1
3221 33319922
2444 411621
3663 237247614
3631 204353107
2666 1604944
477 1
1679 1148
1797 3686
2277 123120
3396 76587382
1346 46
1219 11
1728 1954
3637 207785611
797 1
2398 295521
2761 2823323
2833 4186271
3495 111742547
52 1
2371 246468
980 1
625 1
1209 9
748 1
1034 1
1648 865
2557 840451
798 1
2485 515581
1743 2255
3883 614098421
536 1
2955 8752317
706 1
2990 10626987
70 1
1193 7
1959 13596
1357 54
2653 1446464
1658 951
1089 1
3194 28916782
2963 9213185
1405 99
3897 663411420
1816 4157
1410 106
2550 791335
3592 171369248
469 1
358 1
3747 342362740
3426 86701675
3097 17333219
3947 803336185
3865 572662986
2024 23780
601 1
3764 370988400
2758 2730864
828 1
286 1
2609 1092318
3553 147124164
1622 674
1337 37
3812 449059236
1640 787
967 1
3160 24350568
3718 298379595
3835 505372946
2357 219067
546 1
1647 849
711 1
945 1
1381 74
1661 988
454 1
1498 248
3953 828128582
2704 2016932
68 1
2711 2086635
2434 376760
2738 2497936
191 1
1970 14945
3529 131648251
2729 2309471
1030 1
2455 438341
2554 820473
3032 13000823
2725 2232837
577 1
3581 162901357
1730 1989
2179 62076
1657 934
2438 391348
572 1
3165 25061600
1155 4
1057 1
3740 334185678
1717 1753
3389 73906654
139 1
3109 18383406
3334 56421459
1291 23
1295 25
3386 71953862
3538 137411288
3255 39428402
984 1
2145 52236
1117 2
3934 761608866
1733 2025
3514 120792578
3499 113697178
2620 1172340
3966 866659341
2851 4814086
3315 51041377
2250 104409
946 1
1757 2554
1001 1
1302 26
885 1
1574 429
3892 648242617
3273 43258501
1512 286
1282 22
1704 1515
2601 1029559
3692 264009062
3468 100657953
3328 55405494
593 1
2157 55341
2374 252976
2198 69569
3003 11407499
2037 26448
511 1
3027 12742879
3428 88244369
636 1
3229 35582081
837 1
1074 1
1153 4
2850 4762836
3712 286484083
3721 303265616
2081 35165
3235 36254267
3804 428219660
2698 1927372
3668 243188401
1685 1237
130 1
2274 121448
335 1
