33333333 2000 2000 16 4002
26714666
33333302
5566236
29951955
7062831
3969585
27138845
33333317
33333217
22516987
5866354
33333048
1160453
33328850
7486994
16090418
15230079
32753096
4109647
33333292
25098025
21208458
27995183
6842737
24629824
14689864
8483393
14513787
19795902
33329182
7647058
21428551
26458566
33333106
20252099
12108814
22276897
33333023
10424151
26794701
29139648
3581427
33329302
23689448
33328666
3141252
22432955
8947585
24069603
10332116
33328888
33329280
3669466
15534196
15970365
21828713
10692257
33328670
19591819
1264497
33332792
21016379
31316510
33333277
1584632
31980775
19455772
20732272
33332794
5242122
29019596
4269717
10608222
10072013
17887137
22969161
23313294
22092820
33329081
33332896
23437348
3929576
29815912
12629020
15034004
5830341
33328899
33332850
33328876
31496580
8867550
1540612
33332698
7727087
9363739
13373316
12933146
25534191
30772295
14609828
33329222
21756686
20748278
29911947
2248896
33328804
33329076
33332739
31032402
13833504
3789517
14765897
28215277
33332847
16510590
7502998
13225257
16634640
8251304
13569396
5126074
33329257
27815104
33328994
18615433
7346943
21872733
33333303
7110846
31420555
33329162
23117223
13409329
33329129
22032793
26878733
4881970
31436558
6190483
32520999
33333293
13445342
1388548
3389351
1764709
14945966
27959168
1964786
21296496
14173643
15734275
19327722
17290897
21656645
16146443
5442196
14145630
1500595
7250900
8651463
8423370
33332973
26034398
14029580
4869965
33332948
33329004
13265272
28511387
9811914
8543414
208080
22052802
15190062
22392942
17955166
28739483
884346
33328927
28755490
1288505
28255294
30272092
2745089
3005195
10992383
8143258
29375738
22889131
33328740
28115236
33329207
5922375
9267700
14813914
12024779
16846723
33332829
28291305
18091221
22713063
22108827
33333237
33332842
33329151
1924773
28375338
18251284
20448169
33328658
19115630
26198462
8731497
19735877
30372135
10824313
33329185
7466986
22308909
33332673
33332691
8527408
12064795
17595018
32653054
20672254
17751079
13789484
28975583
8043213
33333152
12789084
5970395
33332767
11712665
13193243
17671051
7130852
17186854
24473761
22148843
2821118
33328818
10284096
33328849
33328725
3705480
22008783
31760690
33333219
1860747
32797112
18527396
12528986
17975174
6406564
8807527
5586244
2104838
21368525
22777089
14625835
7627049
19467777
3161256
13345304
33332958
2228888
2645056
24717864
31080420
8883556
31372535
10528193
19135639
8563423
25874330
2468983
32140839
23157236
33329051
8287318
9391752
25298101
224085
33332704
19087617
7527009
33333115
1004391
17647041
4321738
18047202
33328676
33333081
33333157
10668246
4741915
21416546
9491794
26950763
11872725
960379
25394136
2208880
32577024
29551812
15606220
11352526
10252083
33333231
22532994
1608643
33332715
788312
33333000
33333047
23257276
2284909
20836312
33333122
21628632
27895139
33329180
33328851
5162086
11284497
10044000
22593015
33329234
10812308
19955970
33333039
19075613
11528589
8923574
344132
2044815
29859929
5370170
7426968
24053596
27314911
29395745
33333265
6942780
24909944
8691481
17434952
29479783
15906338
820322
4029611
4401774
33333270
29995974
20468175
33333035
33333146
23189245
6390557
27599028
23453355
12913137
10508185
33329041
33333188
19535804
64026
20296117
27915148
33328759
32256889
33332786
33333323
17130831
15390142
720284
4005600
2384946
2268904
15009993
28275301
14225666
10268089
360136
20232090
3445373
20552208
24733871
33333002
8443379
20788291
33328755
27354927
33328903
11592616
33332941
33332857
4209690
25778292
3741495
20596227
13529378
15686253
12973164
3129247
33332964
33073226
33329147
13049195
27671053
20072019
19975979
3285310
15250088
1424564
12468959
24017581
31876736
18027194
10624229
3329329
12669037
4625869
9667856
3885559
8843542
16946761
33332874
33329093
11944752
14553803
19395750
26590622
7310927
25050005
33329115
26754683
33329038
26434557
27338922
27559011
20976369
16754687
29059614
14869936
29935951
19747882
16374535
5286138
15306108
11788692
7370953
15074021
11252485
4685891
31476575
7783111
25854321
4225697
31952764
6062429
24977973
23929543
29735884
29091628
12052791
10408144
27651044
248095
18407350
7002804
12993172
33332993
17106822
4605861
29771897
2300914
33333204
284108
27535000
25954366
10007984
25250080
29715878
16226474
20356140
30996386
33329173
24029585
13073205
20856320
33332971
27298904
33332670
23977564
948374
16666653
17414943
22677047
30900353
21916746
17555002
33041212
6030416
12885124
28179262
33328688
15930349
30460173
120050
988384
10872334
33332777
23489371
420161
11052406
24253673
10224072
30180052
28455367
13125223
6142461
20952359
21736678
9087635
33277312
33332814
33333024
17807103
23989568
30039992
33333197
31732678
16914750
32012787
19231680
33328878
33329087
6666670
30880344
33328936
7687071
8763510
18987581
33332827
19807907
19487782
14245675
12945151
13873519
7543015
26130433
13469352
33332708
33332783
21972769
10944361
19831916
13925536
20188070
33328954
27855122
33333027
7022813
13709450
33333017
9547816
24453754
10027993
740292
8323334
33333036
33333332
24233666
18951565
18011188
29035603
18131234
33329156
7751098
9511801
28491382
88036
12424946
33328902
28391343
19355732
13209250
19035598
32500990
23833505
1124440
23657434
30596225
30396146
7803119
2024806
13649425
11684652
28815515
17735075
3061218
30492183
48020
27879133
20432167
9303716
33328951
17030790
21056394
9627840
19987983
18107226
8963584
11012392
13589404
33332831
17350919
33332818
28539400
33332688
1044409
14665853
29659855
25618224
25154049
29355730
33333240
13913536
32436963
2000800
33328708
1680672
32452970
6486598
32597033
17615027
2320920
3485388
33328877
21768691
14209659
4289725
1620647
3241291
1340528
1524606
27514993
30252083
32152844
7907160
16014384
19675854
25978377
15346122
23713455
29519800
11744678
33332801
18315312
33332883
2849128
15714266
2364939
33329248
20488181
14089606
33329152
23957556
33329292
20056012
31572614
33333216
15270097
27394943
11624628
15174056
14593821
1804726
8211287
12204855
1224482
29755892
33328910
24197655
16110427
16606627
5206106
2769100
6602645
20088026
33328972
33332849
4305732
33332695
17006784
9447776
14289694
14825917
10772290
9143660
33332999
33329055
23809495
33329308
27370933
33333020
11908739
10704261
14269686
18651449
31536598
33332771
33213283
28339322
33328789
22216871
8091235
28999594
25490173
7947177
13389323
11988770
25478168
7891153
25374129
15054012
9211687
19207669
27074817
29971963
3205276
22633033
28635440
8011204
26918751
16186458
27274896
8507401
19311715
21092406
14105613
33333082
32380943
27839115
6742700
33329193
19507791
21248474
33332772
33333254
33333128
10152045
6550623
26474573
868339
11104427
28231284
17086813
10884339
16426557
23413337
6006406
26774692
12448952
33332946
20636241
33332935
33328884
2521005
10928354
28791505
24753879
4161669
12252875
18547403
24213662
33329283
33328791
24817907
3505397
22993172
25630229
32781106
33332872
15474173
1448575
9007603
21388534
8187277
30920358
33329206
24169642
24949960
33332674
4485810
33332860
19191662
2621046
9751890
33053217
24269680
20768285
3301316
20152055
18511390
17166846
17991181
21268483
33329007
27635041
33329269
17827111
12408940
19627833
33328959
13889525
24349711
4445793
6970791
33328768
23577401
6226494
20928349
9283707
25458163
30080009
31892743
10472172
488191
13625416
2164862
30019983
32881142
9047619
29431761
5762312
26238479
7090841
31256486
17795098
24497769
31720673
14565808
28659447
27474975
12312899
30296102
17306900
18295304
13005177
7987194
29079623
13309291
16174455
23237267
3029206
29235689
21108413
33332795
30700264
18155245
2569027
5810332
32717080
9863930
22348923
7771106
33333091
15806303
29159656
14909953
32741091
10208066
24929952
1144449
24413738
12613019
33329221
26550607
16790703
33333289
7711080
33333315
33333251
30160045
25114031
33333329
30716270
33333176
17226872
33328788
16406549
12332908
33325330
25650237
21676653
33332924
1944782
4425784
13173237
33328814
13249268
6082436
33328883
33329116
18751486
31560609
19287704
7843136
15330116
25074015
33328853
33328942
12773077
1560621
25017991
7671068
15846321
13985561
5090060
22577008
33328841
32232878
22833112
23897531
15214072
33332780
9963973
19915953
29875935
31136444
21792702
14965974
28691461
33329109
13945545
28935568
20372143
21588617
27254887
5986397
16930757
29539808
5510219
5746309
30672251
33333076
19891942
4509820
10848324
33333241
33328943
1200471
11372534
20108035
5326150
1820730
28859535
6706686
4845954
23377323
6782715
27030798
1100431
33197277
6682677
22857122
23169239
33333308
33328857
1888757
9647847
33113242
33328898
568222
21528594
12573004
32857131
5726301
9243693
13665432
30120027
32537006
33329172
33332949
33332662
3905566
18915549
444172
27114834
26634641
31332517
33328728
33328830
26514591
11612625
21176444
25714265
30936364
28571414
6826732
18795505
24011
28615431
31172457
33328736
16966770
33333162
6902763
17490974
3345336
1060414
33328694
14425750
3049214
33329062
25750279
18807504
25574207
15650239
10104026
33333058
33332813
33328990
24889936
7226890
9403757
16450565
9567818
24593809
10584214
7567024
13553389
15666244
33329198
27771085
21952760
33333206
26258485
26830715
8471389
188071
17915149
28555407
24617819
21196453
11028397
33329137
25218068
9883939
3865550
4129656
18275295
16574616
18195262
33333138
11324514
33332709
27731071
6806726
33333192
21456563
22228876
12833101
14725880
33093234
3421362
33328862
13849511
5882360
4181677
22448962
33328928
2969179
29611834
21492578
2480988
33332951
12344913
29119641
26098426
28959576
22693054
32192862
22809101
22937150
32941167
21932753
468182
25318110
23269280
6642662
28599424
33333072
264099
22076813
16386540
24157640
2681066
33328958
33329096
27691060
17214867
22653036
33332747
25178057
5790325
31016395
12753070
19687859
28475376
32821121
1908766
3641453
9903948
8703484
33332729
23017183
5106066
7146856
14453762
29675862
6242501
33017201
17466963
16550606
32901150
2925160
27579020
5182095
33328982
3465379
31772695
33329117
2885143
28191267
5910373
20996371
25690255
2545016
22292902
33329255
3945575
33329261
30972380
6466590
33332798
15426158
31240479
30952371
25134040
18431359
15410151
26530598
10544200
28351327
27931155
28879544
18455369
21352518
17370926
648257
8307327
33328924
17691057
23773479
26298501
31816709
15486176
25338118
33329175
24837916
25550198
31212468
7406959
668264
21852724
16590621
23397332
6762709
4589856
12264880
1308514
148061
16206465
2448974
23073204
304116
33329227
18847520
12224864
26150442
21568612
11124435
20408157
33333092
12649028
32993190
9123651
14845925
29299718
26678652
16330517
15630231
4909982
32677065
22789094
18215269
12873119
19275699
13693443
33328805
30792304
1468584
24873929
19655846
6362545
9831922
33329237
25810304
33333029
16474576
6562628
21892741
33329169
32356932
23617417
2420962
3105236
5410186
19715870
29795908
6126455
20028000
9787904
11884729
30352126
16810712
23869518
16290500
1664665
6722693
18631440
5846345
16526596
21316505
5310149
7442975
23633424
11812703
18771495
1744700
7322932
25514182
15570205
22196864
30472176
33333214
26490580
27438962
10184056
11852717
14645844
4521825
20276110
33328967
33297320
15514188
8627452
11924743
17246881
25594214
17454961
25033998
33332888
11304505
14329711
24577804
19367737
920362
32112827
16710668
3089229
13765474
28915559
24437749
26078418
26334517
24513776
18827513
17274891
33329224
18235278
24369719
9431769
27619036
4721906
6582637
15770288
6350540
21228467
9327725
29595829
30420157
27799097
25998385
16650647
33328895
2144853
11272492
30132032
33329097
33328798
32476979
22256889
6930775
33332975
11544596
31460568
4069629
5230117
11672647
33333071
1320519
32613040
26610631
3801522
18931556
26574618
32561017
2124847
11168452
33313325
28139247
26418550
32036798
33328808
3261299
33333107
7170867
2729087
7831132
33137252
14133626
26058409
27170857
33332980
9611834
20912342
8031210
9031612
4805938
33328731
22949153
18711469
3621444
16246480
31616631
3685472
20332130
9991986
11504578
33332957
30216068
18971574
20612234
33328682
16066407
19551811
22136839
29259700
23589404
2945168
31640642
10444160
18675459
2064821
33332745
33328834
11448559
29315722
33328891
31096427
20208079
9683862
760300
4085636
14365724
31840720
23733463
31516589
7583031
9171671
2080827
30520194
29579822
33333202
30440166
22557001
31052411
5390177
23477366
9071628
33329107
6862746
17386930
33328663
20812301
15374135
25438154
28159255
24549792
4249708
14389734
20656248
15106027
12292892
31156450
21548603
23289286
33329256
25914348
22368931
33328896
25194058
28091225
3405356
19431762
2909153
14529794
28719474
19855926
10172052
164063
4925989
29411752
10368130
33333022
1788720
32296907
10124035
1844740
16050400
33332990
5026031
7967185
2589035
17771088
33332987
33329111
4565845
16126434
33328820
31920754
33328801
22913139
30656248
11144443
26698659
7046824
6202488
25934357
12184846
33333311
20508188
33332724
30576218
33328787
2865134
17326909
27218878
12685042
30756288
1648660
31192460
30816315
20572216
10088020
19247687
26814710
8223292
28779501
8123249
1400553
16350526
11488571
24777890
29219682
12092808
32272896
13729458
16034393
6310526
19047600
5666279
13333300
23853513
8391363
15786294
33332762
12548993
8271311
3541412
3189269
12508977
33329095
26738677
9947967
15126036
9707873
32332923
30236077
16690662
23089210
14885943
11404546
3361343
32917156
19007589
17146837
33332788
18175254
5650273
12729060
17514985
12388931
19571811
844333
804319
13093214
4665883
25678250
33333013
16990778
33161263
18067210
11204463
28679456
6522610
10308105
33328941
33328822
29175663
29831916
1080422
1020398
1720690
33329293
14073599
26274492
18687459
14465765
5530228
3609439
33329078
24697855
32320918
16486579
11568605
12585007
17066804
8991597
33329082
33328977
33332915
22609022
16730677
33329286
30616233
33328758
27410950
31296501
23033189
12853110
20015995
17534993
28431357
504198
30320113
9771898
18371335
2344931
3769508
33333147
31400546
13145229
14353719
19615830
25238077
8823533
14785903
28835524
32833122
31272491
27490982
26358527
16774696
8591436
20892334
24657837
33332753
5010024
8903565
29195672
15750282
400153
33333228
23349310
20528197
33333074
2989188
15894334
24289689
33332808
4149664
32697074
25410143
18471376
6506605
22873124
5270135
10388138
8367352
15946356
20396154
33332748
4781929
18867529
21808704
6330535
13605411
12144828
31680659
33332700
18591422
29495790
26858727
31112433
26978776
13745465
4645877
26010390
29631843
12488968
5542226
600236
25730270
23137231
9587824
31652646
5346159
33329057
5702292
17567006
31792703
21152433
24793896
33328889
5630264
2705077
10488179
33328810
33241296
14009572
33328925
688270
3821531
20176065
18495384
8407367
4389769
33333261
4941993
30340121
3985592
12368923
14193652
20132046
6622654
31352526
13429336
21988776
5946384
28055210
26218470
32961176
29339729
21612627
33329297
33328904
7867147
10784295
11964759
33333012
21712667
24109618
33332921
11192463
33332950
5690288
33328968
11732674
25898341
14049588
3841540
17855124
18731477
30636240
15286103
33328823
12813093
5606253
4345749
8671472
19415759
25798301
17867128
16870734
23053195
33332937
33333165
13109217
20688259
15586212
15154048
33328711
11468566
9723880
33332913
33332932
11388539
8111244
26170450
16830720
17635036
13813495
33332741
17054801
14993986
33329073
33333190
33333134
30740281
588231
33332920
108045
328126
24993980
26898742
3525406
27979176
27150850
11088420
2809113
20308121
32400949
33329110
33333030
28035201
22408948
22749076
5042038
32172853
32100825
9187676
4986013
5430195
31596622
32072812
9931961
14933963
7390958
1488590
33333062
33329318
33332815
33332954
22729067
4765922
7262905
23529388
11644635
6882754
26998784
6270513
23669439
10744279
33333011
27018793
21068399
7210884
28319313
904355
2504998
27230882
26390541
22476970
25278092
7931170
23209254
9111646
11072415
30196059
24397731
26110425
28419356
20872325
4369760
22176856
31996780
8067224
5150081
2605041
32420958
23793488
27058810
7603038
5482212
22332916
18327317
15834316
26938758
24313698
13493362
33333150
9523806
20716271
16890739
33328710
1708685
21476572
24093611
33332752
33253301
33332963
13029188
28019194
33328753
24137631
24329705
10908348
33332717
11232476
15094022
700275
23329301
19167651
33333067
21128422
18567412
15446160
26378536
25350123
12004776
33329230
6290519
32641049
31696664
18391344
10352124
19771891
21028384
14409743
9227690
13509369
7190876
14305701
22496979
21688658
14705871
12132824
33328828
33332877
33332845
33332734
8783516
4541834
33329210
10728272
27458968
6162470
25834315
2184869
33328692
11764684
23749470
9467785
33333018
13289283
4962002
13969554
28075219
31940759
3729491
33332887
26654649
17707064
3561421
33181270
5070051
33333090
15546196
6430575
10972374
8751505
6986797
30055999
540209
2669065
7290918
29695871
31860729
27194867
520201
4461800
33328908
11832709
24669842
8607443
12168839
14749890
33329260
15866323
33328999
30536201
17935158
33328833
26318510
30096016
14485774
33332811
3221283
6050424
33329203
33332967
23517383
18887536
23917540
18351327
33329187
33328992
9851928
1984794
8167268
19867931
32220873
33329135
1240489
29279709
33329285
4825946
8343343
29891941
624247
30860335
33333186
1184464
33329209
24537787
21512587
32973181
33333046
33329178
16314511
16274493
2408957
27751080
388149
1364537
5470207
2785102
19155646
32056805
28899553
11424552
19935961
33329127
27711066
15986371
33332882
4705899
6442579
12713055
27098827
33329123
4041616
23553395
30832322
10648238
21328507
10568208
30556210
33328747
9351736
6106447
29455772
24857924
3494 273979343
1906 540313
2976 49326431
1235 7280
3047 64815016
949 511
2396 5395557
2869 34022705
3929 817156143
265 1
751 49
2343 4474951
2668 15723791
1164 3974
3877 707697487
1037 1275
1408 25919
3878 711367158
3657 398251849
3513 289969099
2355 4710836
2032 1052287
3930 821332757
3931 825528573
198 1
3113 82411964
1925 619595
3348 169929686
1601 88567
3562 328140188
2481 7891505
2749 21345198
3556 322681924
2337 4361043
2168 2021397
2607 12114753
445 1
105 1
1025 1134
2988 51017269
649 12
2019 991302
978 617
1210 5495
3972 913600346
2628 13089675
963 568
2446 6868546
2045 1150108
2734 20124067
3699 441711067
107 1
3343 167912740
1666 135195
2431 6324150
1150 3456
307 1
3640 381134608
3008 55290083
2118 1613193
1143 3278
3731 489392897
3898 752878976
1741 220090
1443 32533
3976 922856604
1004 875
3539 305072732
1608 93173
932 421
3122 84551028
2974 48664341
988 671
1152 3580
3528 298274735
3158 93616071
3469 250040650
663 15
1807 320449
3584 339306701
2858 32618943
715 30
498 1
1026 1156
1770 264529
1692 160100
3515 291613377
3465 247184706
2951 44857002
2889 36738208
2250 2885876
3385 189087653
2826 28510789
1952 731461
883 252
1482 44709
533 1
2532 9569337
1391 23769
3990 970416369
120 1
2084 1357483
1971 835394
2808 26925070
2569 10523139
2783 24164164
3849 664971086
739 44
1324 14123
1566 73063
223 1
3512 288333171
2232 2661217
1188 4966
2187 2217314
1501 49155
236 1
3229 115127609
3464 245767772
310 1
2037 1105665
3786 568125656
1258 8558
3479 260271855
934 430
1941 673440
3496 277112292
738 43
3799 589510024
2033 1062773
3031 59882315
1639 113832
478 1
2508 8905841
1530 56196
1328 15010
1110 2598
1043 1377
2996 53115019
3079 72429470
3147 89547719
2447 6925241
2346 4513512
1677 145406
3435 221481683
3382 187974394
3121 84011629
632 9
2602 11835302
1087 2086
672 19
1592 84167
1023 1112
3387 191331991
2198 2321542
1045 1404
669 18
21 1
850 162
1227 6598
394 1
2989 51361630
3341 165917366
3961 886330729
1542 60844
2475 7764431
3438 225372918
1558 68467
841 140
2775 23302174
1559 69365
2819 27906557
1883 470282
3689 434577261
3658 400439440
2122 1644126
392 1
3899 756758787
575 2
2358 4751220
2218 2520321
2965 47043968
2108 1523512
3758 521845369
2609 12209215
647 11
1420 27447
3858 675429135
402 1
994 744
505 1
3563 329977989
3021 58314805
1567 74015
2847 31489201
237 1
3084 74334149
463 1
2714 18547664
3780 556221939
2763 22141868
250 1
741 46
2300 3665980
614 6
727 38
3436 222771990
924 369
2632 13395614
3798 586411424
3073 70110442
3517 293266041
2677 16452744
2215 2497503
2669 15843227
686 22
3771 544543168
3781 559176631
3482 264770827
540 1
2123 1659792
1764 258565
3540 306793871
9 1
536 1
376 1
3999 990049832
2463 7454762
750 48
755 52
3811 618067694
2800 25974761
2711 18137486
3560 326311604
2005 924187
1352 17712
3248 123229393
147 1
3174 100346067
1928 632680
1467 38986
2909 38566265
3655 396075020
1323 13909
3621 370775515
415 1
1972 843914
1969 826951
2393 5305332
666 16
3510 285086210
3611 358679514
3887 726217718
1314 12881
2511 9049597
2430 6271906
2504 8834737
2838 29966708
2035 1084028
1116 2646
3808 608413096
3293 142713515
1254 8287
168 1
62 1
3947 859795873
1796 299603
2730 19682606
2176 2097812
560 2
1206 5224
2895 36994490
1933 659598
1964 793943
1609 94358
2623 12790039
989 685
2896 37252380
398 1
3555 320880746
1673 141928
3087 74817307
146 1
2303 3763431
3323 156256937
1184 4882
543 1
1810 331354
2744 21033822
2882 35728980
3476 257310887
1653 124100
2625 12889224
3325 158147500
3166 97234812
3735 497330973
3642 385350657
878 235
49 1
3314 152536710
403 1
594 4
2372 5042746
483 1
1554 65835
129 1
2491 8418736
3942 842505438
2137 1773267
1890 496186
2038 1116628
3915 788450998
1852 404095
340 1
1645 115250
34 1
1369 19652
668 17
3662 407067254
1778 276831
2924 40475784
77 1
3650 389608633
393 1
1365 19079
2333 4286560
2247 2834528
3003 53831327
1545 62469
319 1
3831 647864466
2845 31047254
2979 49660507
100 1
3669 413793635
1720 191301
552 2
188 1
1041 1325
1822 350272
2400 5580160
2731 19828781
2705 17735489
2243 2759045
996 775
2016 971693
1617 96768
2541 9878249
3610 356698412
273 1
477 1
1237 7399
865 191
3739 502687206
800 87
623 8
405 1
2017 981453
1632 111042
3997 985108241
642 10
475 1
908 338
3416 208943665
3765 533085555
2177 2117317
144 1
2316 3965357
3091 76283788
1858 413005
1733 210088
811 99
3310 150706657
982 630
78 1
1068 1764
60 1
2254 2938061
1326 14560
110 1
3797 583327490
2321 4069932
1897 512339
1153 3643
3200 106172917
3495 275541810
1448 33930
1486 45941
943 469
2040 1138849
2427 6168582
1289 11029
814 107
47 1
3431 218921230
3472 254380271
1503 49821
116 1
2833 29126771
2834 29334745
3963 890824158
905 323
804 94
3119 83475329
1426 28647
819 112
3337 163943357
2103 1480376
585 3
386 1
3035 60680203
2990 51708081
3936 838232023
3420 212636242
678 20
1223 6383
3501 281872194
3283 137598887
1069 1798
2840 30180069
218 1
2580 10945192
690 23
2931 41891376
732 40
2676 16329179
3810 614834284
397 1
3982 941622754
3742 508095301
2770 22632617
2709 18002585
588 3
1731 205242
2183 2176817
3638 379042192
1684 150768
3923 808860213
31 1
2774 23133134
569 2
275 1
3408 201731141
259 1
1886 485674
2739 20726540
1587 82042
1145 3337
3500 280277447
2923 40197888
1711 180341
822 115
512 1
1749 235899
2647 14243166
1379 21153
927 394
1766 261532
1893 501519
2282 3327784
716 30
843 147
1607 92002
1759 249845
3970 904427729
791 75
1678 147174
3785 565128429
931 412
1736 212549
482 1
2238 2734290
3824 637791627
1662 130335
1802 316886
898 295
1010 930
2690 16702401
3263 129440065
2929 41319879
1263 8837
3869 696790472
212 1
2612 12496590
1325 14340
950 522
1030 1226
2930 41604744
3334 162964301
1967 818585
2835 29544053
523 1
891 276
1760 252722
435 1
3912 784425216
851 165
2088 1397386
2347 4552371
1061 1575
3537 303360288
731 39
1318 13081
1676 143657
508 1
1385 22756
2779 23815983
3526 294927130
2462 7394179
1701 171984
2007 933517
1857 408528
501 1
886 258
141 1
2219 2543327
1454 36379
308 1
3317 153459215
3409 202917443
209 1
2365 4874249
509 1
3825 641133467
213 1
1034 1250
331 1
2440 6645923
1322 13698
510 1
3410 204110019
1214 5682
2407 5722323
2026 1021385
2495 8486821
2253 2911863
1269 9419
2369 4957854
1450 34407
493 1
3129 86187977
3209 108858999
2326 4176982
3126 85639186
244 1
1071 1866
3051 65671779
2874 34744773
2674 16206450
2497 8555401
1327 14783
2658 14910175
2653 14462456
1596 86342
358 1
3850 668440794
2499 8624479
1960 777889
2754 21660716
1670 140217
1660 128750
2273 3211946
1270 9570
549 2
430 1
2721 19249880
44 1
960 556
1029 1202
2486 8217421
3260 127078804
2426 6117497
1414 26673
693 24
2550 10196106
3705 446525309
2664 15487348
1215 5778
1001 841
1493 46568
3168 97850025
330 1
1565 72122
3050 65242132
881 241
3169 98468740
2818 27707722
1743 225250
3253 125526241
3015 56784321
3389 193600276
2054 1219791
469 1
816 109
564 2
3986 955921995
1966 810296
3715 461252716
1224 6490
2277 3240560
638 9
2075 1305874
22 1
3550 315531371
1062 1605
826 124
707 26
1948 709196
1751 238631
380 1
3029 59486923
3107 79294610
661 15
3918 800640159
1017 1048
2949 44552165
3394 194743469
2270 3155399
1281 10688
2637 13603133
1808 324047
754 50
2189 2237816
121 1
379 1
2153 1929406
794 79
1896 506903
2055 1231767
207 1
2229 2637253
1049 1459
1797 302990
2145 1858545
557 2
2885 35978920
408 1
3039 61894982
713 29
2571 10606359
3396 195892733
3683 429879174
1321 13489
3071 69201700
456 1
3234 118016485
1687 154440
2296 3634005
1451 34891
3186 102899267
3732 492026159
2420 6016467
3777 553281307
3493 272424855
2822 28308083
1915 575693
446 1
2190 2258489
1141 3164
3252 124756380
3981 936899299
3109 80321728
1425 28242
3152 91271396
1461 37402
3870 700409215
1059 1545
3790 571137181
1536 59258
1105 2461
1905 534611
1923 613144
3606 348872101
2085 1370669
82 1
2151 1911467
3450 234692814
3977 927516309
2925 40755409
2510 8977460
2878 35233784
1825 354171
323 1
1786 283172
3575 335547108
1908 546070
874 214
2201 2342909
3660 402637839
2399 5533484
127 1
1647 118135
2291 3539580
1638 112429
396 1
3911 780417944
929 403
2846 31267525
3794 580258160
718 32
2245 2809163
2139 1790035
383 1
2773 22965199
2967 47364102
1773 270617
1650 121084
3807 605225191
3338 164927703
1984 878781
245 1
2809 27118845
3270 134281414
2868 33785034
759 54
241 1
3043 63548726
1166 4114
2998 53472093
545 1
2256 2991093
320 1
3581 337422192
3722 473857927
3487 267808898
1532 56948
681 21
2595 11652238
1337 16188
3900 760656584
3641 383237415
3137 88414936
3004 54192731
842 143
3543 308523745
2715 18686234
8 1
88 1
2645 14026873
1695 162028
3859 678947904
1000 824
3535 301656499
2455 7097859
2371 5000138
2046 1161467
1302 11739
3149 90118995
3775 550354673
2792 25054746
1727 198161
3885 722479154
1976 861189
1583 79965
901 316
1169 4258
3418 210168060
3569 331825048
2549 10115791
3267 131840741
2697 17211971
835 136
19 1
411 1
1064 1667
1704 174040
1020 1069
628 9
2076 1318608
2563 10440508
2855 32390120
3925 812998655
1696 163977
301 1
1809 327682
2538 9722689
2483 8020449
598 5
1668 138524
1429 29472
2063 1280737
2850 31712290
2761 21980426
159 1
862 182
937 449
324 1
2992 52407301
3013 56407394
758 53
2811 27313873
527 1
658 14
1830 366101
3114 82942113
2354 4670761
1680 148961
68 1
484 1
2444 6756409
921 361
946 489
3054 66538721
3792 574163067
1361 18521
1228 6707
1606 90844
3447 231995225
1746 227871
995 759
3753 516305661
3680 422917720
1792 292930
1911 557751
584 3
3291 140989943
3102 78279328
852 169
2706 17868588
1002 858
3987 960731655
900 309
318 1
2720 19107552
3821 631154937
1265 9124
2068 1293251
3078 71960217
1286 10857
2914 39103391
41 1
1478 44105
625 8
289 1
3613 362671455
2660 15138679
2987 50674987
2938 43055761
1950 723971
3082 73376247
651 12
3300 147105714
3442 228001144
1881 460265
1156 3707
3545 312009852
3882 718757920
1961 785879
2603 11927801
3245 121719248
357 1
333 1
3101 77776088
3457 237418600
2971 48010260
2324 4141021
264 1
2579 10859583
4000 995013722
3708 451386724
1920 600424
3212 109540004
1623 103037
3005 54556317
2903 38300200
3415 207725693
2401 5627191
2013 962019
1958 769971
3836 651253758
2000 914940
1403 24823
3320 154386739
3333 161990511
2866 33314170
3288 139285128
3652 393908906
1063 1636
3546 313766165
2290 3508599
926 386
2445 6812270
1413 26294
2962 46409534
3801 595751470
2514 9195437
823 118
3770 541658178
3767 535929429
1200 5137
1613 95556
1407 25549
200 1
29 1
2804 26351200
1691 158193
3527 296596682
3604 346939832
3827 644491058
2751 21502436
3083 73853800
2244 2784003
876 225
3028 59093883
514 1
3289 140135202
3895 741346718
1747 230519
2748 21188995
2993 52760092
983 644
1439 31630
1275 10195
1106 2506
1728 200496
2278 3269403
2409 5770429
591 4
3793 577203372
810 96
1280 10522
1850 395358
2285 3417115
1081 2011
1574 76938
1038 1300
2768 22467957
580 3
1162 3838
3153 91852555
2295 3602281
3723 476415859
899 302
1868 422092
5 1
648 12
1651 122584
577 3
2832 28920126
1350 17190
3237 119485247
2171 2059286
1232 7045
3749 513555704
3170 99090973
3470 251479729
45 1
3894 737538112
96 1
1242 7644
2364 4832925
3379 185765555
587 3
175 1
3265 131036100
2985 49996617
2787 24516919
3440 226683603
2150 1893678
1168 4186
450 1
211 1
1831 370158
2582 11118235
2991 52056634
2384 5128945
2283 3357324
325 1
3463 244358153
1470 40074
2008 942932
2020 1001240
2663 15370330
993 729
3298 146217665
1256 8422
1073 1901
2100 1466244
3400 198209593
2432 6376785
3359 175067789
2611 12400129
1620 99233
267 1
2610 12304338
2646 14134647
18 1
1518 51870
2302 3730691
1349 16935
725 36
3601 345017200
1839 382571
2350 4630994
3321 155319304
2485 8151285
760 56
2521 9493481
3072 69654737
2458 7215080
3768 538786951
2693 16955463
615 6
1303 11923
907 330
1757 244180
1042 1351
118 1
2702 17603283
1423 27842
1874 440807
1572 74978
3511 286705553
3076 71029911
58 1
260 1
3866 689603424
2919 39647240
101 1
1378 20844
1791 289645
795 81
3881 715053945
3492 270878308
2934 42179784
3967 899872575
1561 71192
170 1
2471 7639201
3269 133463376
1135 3054
595 4
3308 149799062
1528 54719
611 6
2867 33548859
1665 133557
1416 27058
468 1
3956 872972568
3944 846798450
3531 299961328
2185 2196981
1507 50496
3865 686034979
2387 5216468
2662 15254109
1428 29057
1440 32079
98 1
2888 36483525
1165 4043
2488 8351143
367 1
1472 41191
2111 1567775
2248 2860098
1604 89699
3110 80839764
952 533
1272 9878
3412 206514115
1356 17978
1718 186847
2061 1256037
1523 53994
1902 523368
2671 16084551
1771 267557
181 1
1476 42918
1297 11379
3066 68303572
2873 34502566
3405 200551085
3279 135931043
515 1
3264 130235882
3760 524635234
1304 12109
3609 354727163
1229 6818
3707 448950095
3232 116563993
1434 30319
2410 5818900
2794 25236367
3714 458768194
363 1
1732 207652
2363 4791916
1433 29893
2946 43948077
2765 22304376
2953 45163716
2737 20574419
1438 31188
3491 269339668
2258 3017931
3645 387474381
521 1
1800 313360
1581 78945
2342 4436688
2670 15963479
1376 20540
1739 215037
1278 10357
3197 104852375
1259 8697
3691 436943589
210 1
1457 36887
3098 77275761
2842 30610898
3959 877405016
773 62
63 1
939 459
270 1
3468 248608987
294 1
2255 2964470
387 1
3261 127861547
1251 8155
3946 855443587
2790 24874302
781 67
3607 350814051
3443 229325574
3112 81884866
2583 11205676
673 20
2696 17083284
2851 31936801
2621 12691541
1013 968
3302 148896389
2716 18825735
428 1
2590 11561665
1336 15946
1549 64132
1885 480494
3045 64390419
3164 96014817
3455 236052166
13 1
2548 10036045
1126 2743
1332 15471
1740 217550
2724 19393161
1811 335062
3672 416057890
610 5
1021 1090
3784 562145440
3486 266285963
1799 309868
1381 21781
3631 374888346
890 270
2307 3829687
726 37
231 1
497 1
2788 24695029
2796 25419172
2284 3387101
3296 144456028
176 1
1308 12490
412 1
27 1
1904 528963
2308 3863207
3044 63968327
126 1
1099 2330
1873 436059
1027 1179
3737 500002635
2910 38833992
3809 611616106
3851 671926788
3042 63131604
1600 87448
39 1
1956 762126
2575 10690170
709 27
2841 30394797
621 7
3230 115843797
1014 987
1555 66702
1699 169950
2484 8085629
3053 66103971
304 1
3104 78785497
2642 13919839
3219 113002891
3934 833978127
2417 5916941
3246 122472226
602 5
23 1
2500 8694059
1888 490905
3131 87295065
1996 905777
503 1
3251 123990771
1818 342591
1932 652774
3311 151619198
2803 26162371
2210 2408076
1011 948
1842 386792
2120 1628593
1047 1431
2114 1597924
25 1
608 5
2552 10276995
1977 869945
2348 4591531
778 64
1944 687543
3345 168918504
3910 776429106
2034 1073353
3063 67858455
2281 3298477
2437 6537065
328 1
115 1
2391 5260731
2294 3570806
2786 24339966
966 580
1404 25183
3215 111606086
2627 12989102
3674 418333290
1221 6279
2960 46095214
597 4
855 174
2039 1127689
3222 113707176
3216 112302534
3612 360670514
3716 463749342
43 1
1659 127183
1795 296250
3041 62716948
1937 666487
897 289
3893 733747125
1195 5051
117 1
780 65
721 34
1927 626106
1473 41759
2133 1740154
3679 420619884
2776 23472324
562 2
427 1
3180 100978963
447 1
258 1
2402 5674577
1477 43507
1909 551883
1916 581788
799 85
2936 42469977
1949 716549
971 592
2211 2430158
1211 5588
3007 54922097
2657 14797092
2180 2156818
3864 682483162
2107 1509009
410 1
2920 39921710
3262 128648627
856 178
656 14
3974 918217978
2701 17471965
3 1
1074 1937
2635 13499014
2262 3099750
3763 527438514
486 1
733 41
276 1
2581 11031408
3423 213880089
2630 13190948
3214 110913528
2222 2589907
3980 932197179
712 28
3255 126300375
3268 132649825
3163 95410002
1557 67579
3328 159100480
1469 39527
2319 3999943
2735 20273188
2195 2300350
2156 1947497
3242 120970439
2332 4249750
3009 55660287
655 13
3897 749017077
2306 3796429
17 1
1882 465249
847 154
3462 242955815
2799 25788363
606 5
3473 255841803
1170 4332
3471 252926258
868 195
179 1
792 77
2461 7334040
618 7
1175 4561
2411 5867736
520 1
609 5
1500 48496
3090 75792112
3729 484164390
261 1
93 1
1627 106972
873 209
1 1
3971 909003624
1546 63295
1096 2205
217 1
3965 895338079
2339 4398719
2012 952433
639 10
2193 2279333
2109 1538140
2821 28106674
1056 1487
1758 246998
2056 1243849
1070 1832
1880 455330
3720 468779113
1373 20240
374 1
2144 1841200
1754 241391
1573 75953
3615 364682381
1954 746652
1913 563675
2104 1494631
2090 1424572
3388 192463126
1994 896697
53 1
2439 6591291
2030 1041894
2204 2364453
1247 7769
85 1
1464 38451
2862 33080960
2886 36230432
2576 10774576
3324 157199661
2725 19537401
2639 13707973
1065 1699
183 1
2089 1410920
3375 182496078
3916 792495365
1867 417526
3903 764572439
3020 57928744
203 1
3608 352765723
3628 372826826
123 1
2473 7701587
833 130
925 377
2654 14573237
798 83
3908 768506428
163 1
3173 99716743
772 61
3160 94808617
1390 23427
1219 6074
3845 661517596
2733 19975933
567 2
1016 1027
1578 77936
442 1
370 1
1560 70273
1621 100487
997 791
1965 802082
3040 62304745
436 1
864 186
182 1
617 6
3544 310262392
3554 319088621
1520 52569
2435 6483240
1148 3396
2125 1691527
2429 6220051
28 1
327 1
474 1
2986 50334774
1815 338808
472 1
1851 399705
3726 481569037
196 1
1869 426702
1380 21465
2692 16828504
3681 425226847
555 2
834 133
3764 530255269
106 1
1535 58478
1095 2165
1306 12298
2141 1806946
3837 654658998
1444 32993
3590 341200677
297 1
3181 101615450
65 1
972 605
2807 26732543
1953 739022
1550 64979
2782 23989505
3123 85093541
986 657
2087 1383969
253 1
1784 279985
2051 1196152
1870 431358
2881 35480605
2289 3477862
190 1
1216 5875
2615 12593726
875 219
3888 729973685
3203 107508408
1127 2793
1389 23089
3183 102255545
1181 4719
1914 569655
3225 114415409
3917 796558393
1930 639315
3297 145334444
1686 152594
215 1
139 1
844 150
3817 624580466
1833 378392
1742 222657
1249 8024
2599 11743449
2517 9343390
1730 202857
1173 4483
1712 182487
1140 3108
3633 376960120
1878 450442
2386 5172540
2837 29754705
2827 28714801
1402 24467
1832 374255
384 1
717 31
3477 258787560
1628 108313
2311 3931040
1182 4800
1748 233195
1463 37923
3062 67415949
1015 1007
3432 220198107
953 544
2606 12020950
1667 136850
281 1
2449 7039894
3369 178217351
3693 439321508
361 1
3921 804740740
3017 57163514
3353 170946313
3480 261763808
3376 183580103
2459 7274341
3233 117288215
1351 17449
3651 391753459
1057 1516
3357 174029122
2816 27510163
1085 2048
3984 946367631
3688 432222472
3077 71493702
3721 471312363
3823 634465472
947 500
73 1
368 1
563 2
3281 136762677
3419 211398909
1075 1974
282 1
2652 14352434
3951 864168078
2112 1582785
1586 80998
2666 15605167
3988 965563084
1471 40629
3773 547441980
849 158
1819 346413
337 1
2513 9122255
3356 172996005
664 16
3661 404847095
1798 306412
2870 34261879
2502 8764144
3868 693188565
86 1
3499 278690826
511 1
590 4
869 200
3459 238792149
1006 893
1394 24116
877 230
643 11
3111 81360805
1658 125633
108 1
2466 7577270
1453 35877
2128 1723807
3154 92437043
205 1
2482 7955742
2640 13813541
3702 444112317
3960 881857709
485 1
2897 37511887
829 127
1717 184655
1273 10036
1382 22102
2398 5487160
2736 20423304
2853 32162742
2047 1172926
375 1
11 1
345 1
2175 2078469
3372 181417818
1763 255628
346 1
1922 606754
3709 453835250
1955 754354
1233 7162
2656 14684780
2368 4915891
525 1
3159 94210646
1495 47203
1366 19364
892 282
2876 34988510
1845 391054
3370 179278481
429 1
2963 46725782
720 33
1484 45321
352 1
1899 517827
1133 2947
465 1
3985 951134016
3189 103546634
452 1
1107 2552
2161 1984138
2267 3127463
2843 30828382
541 1
2457 7156254
1698 167937
695 25
2712 18273296
284 1
1208 5313
2945 43648806
2659 15024036
3380 186867037
2555 10358461
3130 86739932
2941 43351371
2397 5441185
1268 9270
763 57
1719 189062
1474 42335
466 1
2533 9645739
444 1
2179 2136986
3427 216387448
2394 5350273
1497 47846
2287 3447368
801 89
347 1
2048 1184488
1330 15239
1697 165946
1918 594153
111 1
3840 658080255
2927 41036770
3593 343104163
1510 51179
1319 13284
3502 283475102
1217 5974
936 439
1594 85249
2418 5966517
616 6
2423 6066793
2092 1438343
2227 2613484
462 1
314 1
3481 263263453
1241 7521
3138 88979705
1134 3000
3876 704044863
3713 456295722
3896 745173015
3991 975291598
3734 494672166
825 121
24 1
1721 193564
3803 598894441
208 1
278 1
3437 224069057
1787 286392
2477 7827736
1942 680459
3213 110224841
1220 6175
813 104
2937 42761966
2586 11293736
697 26
2260 3044985
1309 12684
3097 76778332
3403 199377246
670 18
204 1
48 1
782 69
3717 466258123
165 1
2158 1965741
1178 4639
1705 176118
2589 11471727
910 353
2207 2386175
2755 21820044
803 92
1629 109670
1360 18248
180 1
2899 37773020
889 264
1437 30751
443 1
56 1
2143 1824001
1128 2843
3301 147998614
3571 333681407
1974 852512
1828 362085
74 1
1626 105646
3399 197048099
1346 16682
2335 4323657
909 345
2956 45472315
2972 48336305
2681 16577149
1776 273708
764 59
61 1
161 1
787 73
350 1
2957 45782811
1991 887698
2518 9418166
3196 104197664
3295 143582393
3074 70568829
2516 9269148
689 23
3740 505384743
186 1
2448 6982356
1521 53277
3805 602052327
1591 83099
660 14
2374 5085681
2261 3072257
1646 116684
1618 97994
3371 180345294
356 1
2433 6429814
349 1
1875 445601
1931 646013
3428 217651020
2110 1552894
2236 2685377
1371 19944
6 1
1118 2694
251 1
2713 18410020
2464 7515791
1884 475363
3287 138439697
1364 18798
2272 3183559
1335 15707
2320 4034801
3362 176112032
1649 119601
1383 22426
64 1
2214 2474870
92 1
3618 368734366
626 8
391 1
1209 5403
2545 9956866
2631 13292927
2062 1268333
487 1
2805 26541255
234 1
2798 25603169
35 1
740 45
2742 20879672
586 3
3088 75303290
3757 519068864
1622 101755
339 1
3019 57544984
79 1
438 1
812 101
2080 1331453
2330 4213225
2947 44249193
1945 694694
3329 160058625
1917 587941
2212 2452423
1098 2287
1529 55453
3037 61487645
786 71
373 1
2023 1011267
3617 366703337
458 1
2165 2002690
572 2
1710 178218
3995 980188859
1826 358108
882 246
633 9
1097 2246
992 714
3460 240172846
1009 911
490 1
3342 166912369
3134 87853395
3025 58703181
2169 2040262
3744 510818936
2487 8284039
3954 868560282
1157 3772
2099 1452233
1946 701912
2539 9800191
871 205
3682 427547315
2309 3896990
3156 93024876
3206 108181806
124 1
1452 35381
1345 16434
2053 1207919
1142 3221
3448 233340511
70 1
3036 61082723
2777 23643591
421 1
3558 324492197
589 4
3909 772458625
620 7
654 13
1100 2373
407 1
679 21
1540 60046
640 10
3354 171968411
1271 9723
3366 177161877
3945 851111140
3445 230656923
3552 317305510
3426 215130481
3272 135103962
3816 621316400
3461 241560723
256 1
3033 60280071
538 1
1298 11557
576 3
3165 96623082
2861 32849221
138 1
1066 1731
2136 1756640
3199 105510787
226 1
2917 39374471
2237 2709734
2301 3698208
3411 205308900
1172 4407
2699 17341529
2027 1031594
3386 190206843
990 699
1248 7896
3664 411540477
2969 47686196
3150 90693548
1533 57708
3378 184669919
1230 6931
3663 409298366
2220 2566522
2126 1707598
622 7
3330 161021961
1722 195850
2443 6700961
2124 1675592
3058 66976042
2772 22798362
535 1
1544 61651
3933 829743670
67 1
944 479
2148 1876038
3235 118748822
1088 2125
1663 131937
1447 33458
1163 3906
3241 120225779
2975 48994380
1690 156307
1293 11202
3081 72901476
502 1
2718 18966173
1101 2416
1129 2894
2323 4105338
723 35
3067 68751316
3730 486772326
998 807
2083 1344411
3800 592623352
1624 104334
667 17
2588 11382418
3011 56032719
3201 106838784
1151 3517
2900 38035788
3724 478986211
3818 627859957
1264 8979
3292 141849373
249 1
2036 1094798
151 1
3108 79806682
419 1
