20000000 1523 1999 53 3524
19998943
4073092
7501419
19998779
14530631
10175740
13043796
472122
3974434
3340219
15932973
7772714
1229671
331192
9774059
19998871
12000880
155021
7060987
1849810
19998926
19748801
12811245
11715476
19998856
19932011
17127407
6430275
8244846
18681218
1779342
6927097
19991911
3185189
11014314
909031
19995298
13209392
6261156
11500554
8667671
14431986
7149072
2008370
11377226
2286725
11785949
5919375
13195297
17349377
11317328
19998863
12606890
7674055
2850473
1832193
17944820
14171259
15792031
12406048
10866338
7374573
19998814
2142259
7864323
17511455
13322141
19998768
14833649
18536758
13153016
17254250
19998833
8096853
19667761
9220861
19995177
803325
10982605
19734708
13022656
3650275
3474111
415753
919602
18730540
1106349
820944
3833496
6553596
9717684
17899018
17800362
6106126
17321188
7617678
16369882
15806125
5824247
35231
19054702
4340876
5630457
19998712
12924001
16383972
13533544
19995410
19998820
4217562
6321050
7970021
11218671
1948473
2945606
19833353
8843850
5020897
19995412
4869386
7709291
11690814
3090067
14911156
6765012
8336461
19153351
11310282
2258536
14086696
19998802
19875638
4629803
19576146
9534459
3854639
18688264
16010488
6659301
19995206
17916635
19199158
849134
12938095
6419705
9280763
3058356
10996697
19266096
17550200
17335283
18889097
4682654
19995182
17370520
10464672
9287809
16056296
19995401
2558034
9784629
6180120
18011764
15633471
14030326
5278110
3227473
19998748
9619025
15136659
11352561
9499225
1060545
19995195
12279208
17659423
7659960
13804846
2114070
13445455
10619700
13995090
4467723
8935453
9513319
16098576
19368277
4657992
16644703
4541715
16295885
7117361
10432960
6638164
8392836
496786
2388911
2103504
5975752
2600314
5063180
17085128
13928154
19998766
16179615
18180892
2582695
10841676
14706803
13744951
1973139
18173847
16539002
6934143
17268345
17574862
15030957
669434
4696748
140931
725811
8681766
16348739
13586393
1606689
5158313
12120672
11979738
10140503
13293956
18931379
11926889
1663069
16197234
18424002
9837483
17187307
5989847
5214691
18596653
11535789
1275478
12916954
6162501
7201921
4397253
12716109
9728253
15679276
8174374
3410684
17201402
14227633
1582027
14114883
12152386
8519679
12014975
186735
10799395
14213539
19297810
17758081
14717373
18124518
19118121
7755095
14759656
11211624
4090711
15277593
2906849
13903490
16257137
5940516
2085885
12800674
3819402
10676074
3019601
9210291
15337494
7786809
16887822
19104027
18448668
9985468
1733538
947792
6905955
16792687
2188066
6740346
10210973
8498536
6247062
3622095
1515082
18350009
16609475
14562344
6617022
4372590
18804535
19995335
211399
12444805
15876598
14734992
18314781
19995213
10366014
16503767
1550316
15622900
14424941
4834150
7878418
4428965
6007463
17497365
12635075
8600724
19378846
16408637
16126765
16771544
19995337
11179911
5123077
17722847
12388431
7490851
9872720
4559334
8713478
12705541
2713060
8769854
17116841
567255
5951086
17433938
9590838
6398565
7994681
18202034
1317758
11137632
14897068
11958598
3498773
15605281
19995428
14093741
13773136
15548906
17011141
3537530
9474559
7053940
19995373
1074636
7416858
5302770
17786267
14791369
169116
9971376
2734201
13558204
11874038
5373242
10528097
2424144
11084783
8117995
2892755
3699606
15531289
14689187
18772821
19995393
11447700
17588955
19005374
12325009
6458463
19547963
3290894
8343506
12620980
14322765
10549232
7829090
14199447
14495398
13339757
12096011
1867428
8967166
5443712
18875002
9048206
13505355
539069
4925760
16088010
15326924
2790578
6194214
3946247
19322471
16221899
10499908
4982138
9675401
1719443
19995279
711717
3354311
1469274
5767871
12899335
1455179
4249269
12346149
1747632
4598091
18744631
387565
5715020
8857942
11169340
7025754
19995320
2698968
12571653
15858980
19995265
11363131
12036113
782186
4192898
10824060
19720616
8801566
18075189
2325485
19995202
13477168
5397903
7459137
14886498
15111994
19995301
19995330
14875927
1169768
14742038
19653666
11606259
15154276
18054047
7603595
17673517
2621453
1338899
8558439
3199283
6095555
6278768
2417098
19519775
9992514
15830791
19998775
11747189
4767212
19995292
17465651
1162724
14403799
19998764
19995303
4527624
8413972
1145108
17891971
12268641
6863673
21142
19998832
10898046
7853753
4510005
4573428
7191353
10316682
9344187
18096329
4728461
2075314
9700067
15305781
6602928
1937902
17743986
11733094
63417
13279863
8544345
19903826
2015414
10521051
9192672
8639484
11659103
17409274
2036555
19998741
19075843
18818629
5863002
3741889
16863157
19407030
9245526
18790440
19974292
9389996
13688573
10644363
18441621
18145660
2973796
18829199
8872035
10334301
16898389
15013339
16433296
16827922
338235
17958915
18582560
8375218
13945771
8051052
11859943
14449598
12029067
14058508
3755981
12564606
11768331
17870828
19998869
5256968
9083439
394612
15774413
4390208
18762250
14805464
6137838
13522974
690574
19995431
1677162
18702353
11334944
4150613
19040611
7843184
6116697
19998950
7955926
5644549
5454281
11630923
4936331
9301904
6306957
19495114
11419510
19188587
6472556
7335817
1906188
15425580
13248149
6370380
15971731
16264182
12691451
19998857
2318439
606014
750475
15295210
19998847
13840078
8065143
16930100
5204120
11757760
5556459
10771206
11817661
4362019
5838341
4115376
13882353
3724271
2526322
3710176
17236631
4823583
6335144
3551623
13871783
11296187
16916005
2963225
4615709
19995424
7814997
8163803
7307628
1018264
4002624
19681856
8822707
11944506
12659740
15901261
8012298
2047124
14773751
10922709
8907265
6574739
443934
3118245
1007695
352329
8202563
5672738
14925251
7039848
2822283
16813828
1247289
6898909
4316211
8075713
3907491
5137171
11437129
2991411
4668560
7476756
15464341
18156229
7106790
5105458
7388668
5877095
5655119
4164708
14121929
3600954
12733727
200829
4460676
1402323
18082236
13861213
19995311
8745192
13815414
979505
13064936
17391656
1370613
2878660
12476518
18948998
4756642
12240458
5722066
1197957
2233874
10193354
16165523
3259184
14333335
19340089
15961163
19998958
9661306
8780424
281861
17835596
4284499
15073234
11828232
11796518
4879957
3107685
6715680
19998904
6810821
4735502
10246210
6754441
9883291
6955281
16757453
7899561
12744295
17483270
4235180
19998718
13642769
13674479
16877251
17733418
3301465
17930729
18617792
14632810
19819259
18846818
3075972
18392290
2300820
7695196
19995262
12307395
1296615
5679784
18920808
16803258
3988529
7441518
295954
16003443
13410225
19995321
19998862
7082130
16975905
6698061
6035652
4580473
2395955
19537392
14840692
14819554
17779222
4411347
15235314
507356
9432276
4710842
14312197
11056594
9855102
11888133
1328328
12776008
19998941
17705229
15517194
3939201
18899668
16028107
12335580
18240790
12786579
16704604
19998882
8628914
3269752
3375451
3664370
8308274
5598743
18268977
14185354
13759043
10809966
19995366
19759370
1923807
5482469
19998858
10038319
19998746
13424320
16243042
9738821
10573895
2935036
9541506
1892094
1652498
6144884
6976422
15097900
19998874
13114261
1187386
15439675
3333176
19998795
4636850
9263144
18716448
2864567
15355112
4481817
11641489
9823388
11190481
2374816
15890692
16623569
12494137
591921
16045725
11588642
16690509
11458271
11613304
15411485
15587664
15700417
5415522
17645328
13973951
6053271
9685972
2804667
8484441
12673832
12222841
3643230
15252932
19995400
19998715
17095698
18283071
2064743
6208304
14009184
14981626
14974579
5531795
19858019
16634134
5242875
10010130
17694658
9065820
11972693
15168371
9319523
5049085
19998889
2565079
8998878
3220426
5743207
11394845
14675094
13346804
16577762
15185988
10151074
18364103
8896695
17564291
8195516
9238479
2135212
14241728
937221
19995193
19998743
12110103
8956595
3481155
6363333
1254335
7515513
5147742
10288495
17039330
965410
16341692
8752237
15665184
3812357
19780509
5080798
11278570
11264476
7251253
2445287
13621631
14594050
10415343
5542365
15714512
1705348
14956961
7797378
655340
19995403
13910535
5034991
3611525
4016716
17074566
105697
18494473
7920693
19505684
14248772
7004611
8287131
9936146
1444608
2762388
1789912
1416418
19244960
15918879
17419845
5616362
17987100
13988046
4805965
4129470
11148202
7575414
18047000
5700925
2353674
19995203
2684879
6994040
6839010
12134767
10165169
19995328
17532586
17620666
10475242
5348577
5898237
458028
680005
3142910
13431365
12212279
5429617
10584466
18032905
6779107
16285315
8435113
9626069
16672891
9456941
15038001
6849579
9009449
6666348
17849688
16718695
5390861
17152069
18325346
7364004
14280484
10024224
19012421
11120015
3178146
10492861
12529369
2515751
6828439
10598560
17282435
1388232
581350
16306454
1028834
11842326
18300689
11232764
15989348
8146184
10626746
3678464
1543269
12430712
8731097
7219540
5334482
14622239
19995427
4048427
17025235
16066867
3569241
12645646
19998734
5003278
5172406
19998792
14069077
9562649
2269107
6514840
13720286
479169
866753
19435217
3033693
3526960
14520062
14269914
3861686
19998865
1049977
19791079
13466597
1493939
9037636
7628247
3051312
4894049
8533774
6021557
14298102
15841361
15813172
10080599
17522023
10654931
17634760
5570554
15647566
19311900
10094694
19625477
12458899
19995273
3763026
2614406
13170631
9375901
15129613
12983896
10387154
5852433
19917917
19995383
19449312
19688902
10788825
19995346
429846
5588172
831515
2346627
16954764
2751818
19998770
17821502
9925576
7342861
8463302
16524909
17384612
15573570
19995352
15728607
7726907
887889
19998864
10108789
15763842
310049
3460016
739906
5232305
7984112
8614819
16982952
7913650
14040895
15267027
17208447
11091827
8216658
9139819
15943544
641249
3241568
4034332
16736314
9365330
19998740
2663736
7526084
18963092
8258941
10281448
10443529
16112671
2156354
13227011
3579811
19082888
9090486
18230219
15376254
239583
2642594
91604
10408296
13237579
2170447
5471899
18991279
19477501
18378197
986552
1426989
7237158
8103900
10760637
13001515
2924465
14375612
17226066
9488654
13367940
10373061
10348395
10739494
18522663
1987228
13128355
11493507
7540177
13096643
19998725
4798919
18466287
8576058
3893398
9569695
13579346
19995371
12871145
13632200
16211328
3135864
5091364
9953759
8273036
15746224
19995232
3005506
10066504
12071347
8470347
12546988
19562053
11063640
3918058
16320549
1807529
7638818
17300051
5908806
2836378
12374337
2543939
6881290
11514648
10728923
15083805
10556279
19998714
7589501
4326781
19424648
4960995
16553097
8815661
12592796
19998891
17307096
116268
6483126
15689846
6683966
11042500
5313341
12881716
8445683
18610746
4199945
12832386
2216255
16479102
19998739
19280191
15446722
5796060
6384474
3879305
11574549
7688150
14393228
126839
19995178
13308049
1525653
16137336
6525409
11556931
6497221
16588332
9812817
2455858
1131014
4992707
7275919
7265348
15474912
11405416
13050842
6236492
3442397
5190025
10239163
10714831
6793202
9400567
12508231
18483904
19357707
10968510
13656862
873796
10267353
9330094
19995211
12423667
13265768
1092255
13378511
5757302
3428303
2202161
13825985
16158479
19142783
1289571
17141501
5961657
6631117
14664523
1219100
5355624
17969481
18212604
9798723
19998787
18254884
12050206
7737477
7402763
16940671
8230752
10686642
16454437
19995238
2247967
13952814
1877999
3798262
12754865
789231
12191138
9907957
13012085
18638935
1818099
18653029
13706191
14153642
15365683
18667124
18117471
2656689
9449894
19590239
10048888
4446583
5510654
16398067
19998915
9759964
12515277
9146866
3512867
257198
19998778
19998919
8399877
8026391
623633
18508568
19995399
19998749
1694780
16567191
3157003
8583105
8315320
16496721
12184093
15052092
18860911
9604931
17606573
15397396
17169688
13181202
10119360
11250382
4062521
9182101
12846479
5496561
3396590
8653578
15224744
225489
6444369
4781306
18973660
8699383
6539501
1627832
13494786
1486892
7159643
761046
10309637
19255528
19998720
4946901
2480513
19466931
18554375
549638
13551158
8924883
7434477
16849063
15210652
19995423
16746884
18564944
9897386
13142446
13082552
1641927
19998940
1962568
49324
7293537
19995256
11024885
15002768
16465008
2466422
16658796
19998881
4502960
14361521
13734381
5285154
8364647
14608144
1596118
9160959
9104581
6289339
2501656
11546360
15492531
15510147
9027065
19843924
2783531
19995227
6063842
4101281
19223821
4259839
12085441
1768774
10912138
12860574
19607858
10700736
6349239
13600488
14477779
271290
3963863
19889733
11701382
14509493
18342962
7138504
19998916
7096220
12360244
12251024
7177259
19998793
16419207
19639571
14646905
12973329
4273928
9118676
11479413
17060473
19167445
15566523
14347430
3382497
7941831
11669671
14548249
1567932
17856735
12289779
19392939
11895178
9414662
7557796
524975
19995204
19956673
4848243
19710045
13783703
10940325
4305641
8036960
15200083
12162957
7314674
73986
4175279
19946102
14854784
6722727
19033564
12959237
1352994
2723630
13389082
5778441
11112969
4908144
11916319
8977736
19132214
17004095
14139548
17451556
19216776
18413433
10880429
14572909
6222399
5810154
8132090
10950896
10859291
6585310
6965852
14939346
14467212
9640163
3777120
3319084
6077937
10218020
1116919
19998782
17997671
366424
8886130
19801650
19995362
1787 1652365
1701 1047115
1827 2108325
2848 125381567
449 2
3370 621164995
1566 438245
2197 10247202
3480 864104538
556 15
1893 3033054
487 4
2213 10828571
1897 3087653
2433 28449942
1705 1078732
1109 12360
988 4506
1988 4654201
2982 193427610
3124 318895612
2375 22580550
2595 50928933
2744 84974735
1283 57998
1997 4775030
1358 110220
228 1
525 8
1331 90149
3077 272235751
3161 360476952
242 1
1843 2311878
2747 86068347
1523 336741
3278 494491833
2188 9771412
2724 79691976
1080 9618
2396 24461940
2675 66872164
1837 2228426
310 1
2227 11173951
2807 110088938
2467 31202840
3481 868498653
3472 838157413
571 20
1183 23544
855 1185
3367 614681076
1313 75354
275 1
1241 40833
937 2961
547 12
1849 2398132
244 1
354 1
1756 1404389
1139 16766
982 4354
376 1
1552 406120
3147 342910524
626 46
543 10
1196 26807
1394 140919
601 31
383 1
538 10
3074 270689401
1017 5616
490 4
393 1
4 1
3476 851041981
3040 242771248
3097 291422211
3103 296405088
1601 554648
792 583
2238 11894612
3018 220018302
150 1
2984 194570458
2829 117875978
3514 960712373
3482 872912868
1172 21259
2941 168754195
1657 839580
3502 922819411
573 20
1356 108856
813 747
2781 100216450
2448 30116879
2366 21769264
2443 29481749
2945 172830190
2242 12175463
309 1
1250 44326
1579 472638
2966 184500071
1434 190010
220 1
882 1553
253 1
3144 339113104
2230 11350332
3513 955900400
1019 5710
330 1
1281 57233
832 916
2621 55939215
254 1
1475 256909
3333 564962500
782 513
1107 11982
1486 275080
2274 14534931
2867 133314569
3492 895288314
1676 938195
2053 5897141
286 1
1768 1502121
1429 185581
1762 1459510
222 1
45 1
2711 76666066
2739 83893646
857 1232
1217 33158
2180 9390212
495 5
1562 424207
1057 7808
3110 304880506
1361 112992
898 1911
743 297
1539 376130
1089 10086
2057 6097195
1594 525991
1500 291096
3078 273790048
1058 7935
1380 127820
762 371
1402 151523
1452 213614
802 647
506 5
2245 12365999
3215 415867265
455 2
340 1
3193 387281751
1668 892147
829 862
5 1
1630 712750
2787 102767975
2547 43271525
3389 654517363
1165 19750
1641 758134
2888 140837457
1129 14857
2814 112165374
3473 842432626
345 1
2099 6902966
2247 12462269
2601 52317504
3459 808773509
1984 4497377
1713 1133340
504 5
816 763
1637 735127
2324 18092801
3366 611462015
3412 700282274
301 1
1604 572510
1596 537290
1389 137536
1771 1531147
1138 16516
1599 548807
3136 331631596
348 1
3272 483982307
59 1
2756 89425606
426 1
115 1
1180 22870
1488 281388
1312 74386
486 3
2484 33246738
1091 10409
3479 859730442
868 1384
1130 15085
3271 481386538
3440 760551106
2482 32782405
1870 2674553
3516 965546136
2438 29065053
1195 26425
514 7
2336 19490345
2533 40678619
2328 18502277
1584 488108
726 226
214 1
1922 3526181
1646 781787
2662 64288889
2004 4857144
1249 43726
1175 22212
2078 6408741
11 1
460 2
1620 656045
1328 87887
2990 200376378
1769 1516571
3521 990044880
213 1
1222 35066
107 1
1194 26049
3450 784328825
3088 281681992
2042 5703014
2998 207549012
178 1
677 99
239 1
2010 4940526
2190 9927751
2745 85519968
2685 70003796
2055 5996417
325 1
1366 117269
630 49
1231 38113
1315 77324
3417 707573019
2359 21452164
1025 6004
1036 6415
2879 137448031
2852 127715629
2094 6679227
3308 524460475
698 155
1094 10742
913 2216
1403 153359
2015 5111167
148 1
1287 59554
2890 142560218
748 311
368 1
491 4
1125 14194
3119 313573416
3220 425037072
3401 671790528
2333 19061217
3030 229143718
3047 248423414
1925 3557317
1796 1748874
2431 28046404
1461 229013
3323 544372570
683 113
2592 50247163
2851 126933300
2878 136612229
1323 82453
1397 144377
1270 50749
2615 54829713
2586 48908211
2085 6569824
2097 6846408
2997 206337757
2027 5331919
2217 10914003
1541 384488
2248 12559214
1230 37589
1526 348149
2133 8126148
2749 87174608
2421 27254744
160 1
1446 203873
2302 16287664
697 151
2924 159897775
2244 12270398
2805 108723934
1412 160903
2920 157039982
1087 9928
3428 729856987
3451 788356179
1061 8065
3112 308331296
193 1
590 26
1529 352028
2609 53740056
932 2757
3348 592464215
3273 486590666
371 1
1363 114402
723 221
1137 16269
823 828
1820 2012726
2757 89996466
113 1
187 1
1578 467581
2500 35163846
54 1
818 779
2974 188916384
2322 17824367
2672 66435235
2911 152379002
2276 14758369
1656 831095
3383 640987770
540 10
667 85
2901 148740274
629 48
2371 22252826
2330 18640612
399 1
690 131
2798 106039529
2346 20224914
1824 2050487
1034 6206
1885 2900338
1514 314930
3019 221301578
3153 354533526
892 1807
2486 33481116
1869 2650469
1842 2290756
2189 9849302
3206 402446148
1598 543021
1921 3495291
2855 130088723
378 1
1424 179111
2792 104065534
1677 947657
2680 68645860
2995 205132869
625 45
1538 372013
1932 3652216
1121 13979
1481 262842
3508 941594350
1292 61960
2430 27846573
2508 36666353
568 18
425 1
1288 60347
834 934
2556 44775428
2186 9617292
1360 111598
2014 5068017
704 174
437 1
1239 40275
2054 5946593
1277 54993
2522 38492132
794 595
3296 510641501
1011 5340
1812 1921046
1090 10246
2440 29272733
2411 26104928
737 265
1232 38644
2107 7133429
2320 17559522
2683 69548488
1726 1250082
1687 996270
1045 6966
1794 1732445
69 1
965 3791
2287 15330552
2870 134132196
3411 696662316
63 1
2917 155160411
1267 50071
1454 218640
24 1
1648 789817
1171 20949
412 1
2804 108047161
2350 20677523
1971 4161772
2471 32096845
320 1
3251 461067203
2957 179110445
3071 267620393
2152 8667699
2203 10575873
1981 4420762
531 9
820 795
900 1983
1119 13766
1293 62782
1738 1325216
1540 380289
1451 211141
1671 910316
3221 427357771
3120 315338531
257 1
1868 2626580
2575 46642105
958 3535
408 1
641 59
2531 40399330
238 1
1136 16026
2326 18364868
610 36
1264 48739
58 1
2538 41526944
736 259
2392 24109722
2896 145179935
140 1
3235 436755043
288 1
211 1
2268 13989595
3403 678813890
483 3
1478 259860
1785 1621277
138 1
2956 178049682
470 2
631 50
2199 10328496
1349 104857
2432 28247524
1203 29202
636 55
192 1
2644 60182401
2463 30764298
3258 468594666
3100 294735675
692 137
3198 395882888
885 1613
2496 34675467
2570 46326209
2011 4982699
198 1
3425 722359806
1170 20643
151 1
2449 30331310
2141 8325553
1798 1765443
3236 439133229
1052 7316
3325 547272018
1350 106175
3253 463564176
2355 20830406
901 2021
986 4429
2979 191160020
2323 17958132
419 1
3021 223888359
551 13
876 1495
3439 756651853
643 61
1098 11258
3523 995011235
414 1
1501 294398
771 432
47 1
1773 1545848
2018 5198461
2298 15922622
290 1
2161 9022448
3469 829665515
658 75
1887 2926455
1444 199154
185 1
693 140
523 8
2598 51619016
3086 280087419
389 1
110 1
2681 69095847
3128 322488764
1302 68810
2419 27059999
199 1
268 1
2316 17040431
1181 23205
2715 78165844
703 170
173 1
1377 124722
897 1876
3212 411349468
31 1
298 1
2477 32552435
3312 532912519
3105 298083007
2608 53381192
843 1053
1055 7558
3209 406875891
2733 81768526
3284 505206305
3431 733631776
1449 208693
3085 278500976
94 1
1131 15315
1207 30471
2174 9167969
936 2909
733 248
1208 30905
179 1
2305 16411009
2334 19203305
2261 13359541
2594 50587014
2836 119343904
1985 4536130
2664 65139822
1793 1716155
2954 176994576
141 1
1708 1089460
2838 120084019
2874 134954334
233 1
831 897
545 11
2959 180176893
249 1
2436 28858699
1035 6310
209 1
1345 100991
3213 413602815
633 52
304 1
1469 245403
1420 172846
477 3
588 26
886 1644
859 1281
2241 12081190
2633 57833357
1788 1668109
1490 284592
1864 2602886
1266 49401
2529 39845923
489 4
2226 11086689
730 236
563 17
2410 25917595
2251 12755141
1200 27982
300 1
2491 33954340
1113 12552
578 22
493 4
778 471
1483 268898
430 1
787 559
1516 318474
3407 689472882
1848 2376302
2555 44470938
2292 15683368
687 121
1543 388730
1301 67918
3318 541486955
2962 182326950
2342 19928148
1152 18068
2583 48250853
38 1
3435 741234111
1005 5163
3157 356504794
2535 40959645
1965 4055021
3150 348678440
3392 657939668
1802 1816002
916 2341
1336 93640
1294 63613
3327 553112646
1436 192260
2846 124612122
2394 24285257
696 147
577 22
972 3994
2618 55197326
2999 208766662
1987 4614540
282 1
1332 91299
2403 25362833
3045 245582696
3189 385157919
1320 80366
175 1
1295 64453
618 42
2256 13155271
459 2
2191 10006762
2104 7075173
1915 3404075
2961 181249053
2811 111469345
2700 74223901
1003 5076
2718 78671607
479 3
3456 796466769
134 1
208 1
770 423
1904 3228042
2589 49573619
1108 12170
717 196
2370 22090575
333 1
44 1
424 1
2506 36159220
2275 14646267
663 81
2748 86619888
2193 10086338
398 1
2860 132501429
526 8
1398 146135
1746 1377537
3248 456109538
920 2518
607 33
711 183
2315 16912836
1910 3374149
1039 6741
763 379
136 1
446 1
1989 4694168
2904 150549745
29 1
183 1
558 15
1445 201501
879 1524
2771 95888126
2064 6148153
752 339
1078 9466
1880 2797954
85 1
2730 81244874
2725 80206615
1550 397339
689 127
2530 40121768
1104 11615
1524 340506
291 1
349 1
2032 5468452
2402 25180302
1889 2952784
806 660
665 83
2779 99587544
3336 567960437
858 1256
2309 16535193
1504 301104
390 1
1972 4197914
57 1
649 68
3084 276922623
1966 4090327
2881 138288432
1167 20044
1399 147912
3371 624429981
3422 718637270
1638 742725
2118 7431233
668 88
2603 52669928
365 1
1243 41969
899 1947
2232 11439459
1001 4907
1928 3620333
1582 477745
1818 1975592
2892 143428691
3503 927481283
1831 2147695
2282 14984894
532 9
2033 5514658
1342 98485
2929 161828884
36 1
742 290
2977 190035222
2211 10743741
8 1
672 92
235 1
2153 8737628
1518 322055
118 1
2360 21610190
1631 720140
756 355
1484 271973
2434 28653665
2939 166748821
3447 780319998
709 179
2882 139133455
769 414
1056 7682
366 1
2267 13882764
2883 139983122
1503 297734
1991 4734444
124 1
2520 38226395
661 77
2168 9094947
894 1841
1418 168779
3384 644346357
464 2
2754 88858006
167 1
615 39
2446 29903814
32 1
3188 383044575
764 388
1427 183401
1729 1274689
201 1
307 1
422 1
1252 44933
273 1
285 1
1949 3848878
510 6
2834 118607897
3111 306601532
402 1
1654 822688
3510 946341475
3107 301464514
2332 18920076
562 16
1679 957206
2157 8879010
1178 22539
2826 116424321
1836 2207991
2799 106704978
1898 3115283
3160 358485922
2690 71385860
852 1139
1975 4271047
1456 221193
1593 520422
2626 56690066
361 1
640 58
2102 6959945
1936 3716741
2367 21929390
1370 121691
2128 7866963
1116 13147
1901 3143135
3247 453648743
2407 25546555
3497 913558883
1644 773830
555 14
3457 800550158
2713 77663010
1415 166778
2182 9465363
1652 814357
860 1306
1024 5904
3283 502508280
917 2385
3245 451199903
2475 32323918
2693 72792434
2569 46012241
3099 293074729
780 492
3072 269150960
88 1
2676 67311677
585 25
1825 2069605
2738 83357758
1908 3344460
202 1
391 1
2468 31424215
2820 114276992
2255 13054193
1669 901190
2273 14424358
1318 79340
3343 580095892
924 2659
1419 170801
1430 187783
1632 727599
1492 287827
2143 8392993
3196 391561065
2822 114988775
3142 335353573
3003 209990737
3507 936868666
2775 98340377
1969 4125911
1610 597130
2794 104719826
1065 8329
3344 583165987
2146 8529351
1215 32696
1067 8601
50 1
3289 507917360
395 1
1627 690989
1692 1016335
2844 123085967
374 1
2786 102124672
369 1
2588 49239903
2026 5287094
673 94
2528 39571786
3038 239988800
1299 67036
2517 37699869
552 14
2469 31647002
3264 478803305
768 405
2285 15214543
3106 299769469
3178 374695160
575 21
1173 21572
569 19
1744 1364286
2789 103414923
1410 157090
2357 21139228
3063 263075576
1739 1338126
1026 6104
781 502
1106 11798
3113 310069839
1712 1122224
1038 6631
3347 589350087
580 23
825 845
1758 1417991
3299 518893006
2544 42682805
1010 5251
338 1
98 1
874 1466
417 1
3342 577040350
433 1
1684 976562
2923 158940019
837 972
1709 1100284
613 37
1304 69712
656 73
2912 153301112
3277 491845375
2969 186696475
2769 95283728
2909 151461888
1160 19461
1530 355946
2897 146062754
3130 326118313
276 1
1223 35558
945 3124
942 3069
3353 598736939
2650 61795776
3034 234509842
2409 25731473
1699 1036763
363 1
1533 363899
1348 103554
2994 203934316
594 28
60 1
3181 378849167
3263 476232555
3274 489211671
1715 1155871
1225 36561
2942 169764999
977 4207
3037 238608368
229 1
109 1
2514 37439062
979 4280
123 1
2176 9241518
2012 5025195
2470 31871209
2382 23418947
3177 372633569
1615 629244
583 24
2082 6462036
3463 812913626
1002 4991
488 4
1585 493365
2988 198035559
1694 1026504
334 1
2260 13257052
3062 261576146
1285 58771
1891 3006082
292 1
416 1
3494 904382075
1145 17276
1382 130988
3402 675293991
1383 132598
3519 980179043
2796 105377818
1664 874304
1873 2698834
3010 216208557
1201 28383
381 1
1375 123198
1296 65304
865 1358
2378 22912611
3316 538615114
382 1
3279 497151100
849 1095
2671 66000878
1918 3434239
3 1
3518 975279383
2641 59390018
1854 2487272
2187 9694076
2577 46959937
1563 428841
3464 817072806
2712 77163089
2377 22746035
1574 457611
1335 92463
3036 237235086
2801 107374182
2526 39028600
1741 1351149
2291 15564959
327 1
218 1
1063 8196
670 90
2661 63867186
644 62
2391 23935331
3249 458582341
1343 99731
1845 2354650
608 34
1199 27585
104 1
2503 35658407
1127 14633
1728 1262332
2372 22416149
203 1
550 13
2817 112865312
22 1
812 732
2237 11802298
3441 764468435
962 3661
2202 10492828
112 1
212 1
2710 76171926
1237 39725
2773 97107285
1986 4575184
3310 530081649
3517 970401776
3443 768403914
2349 20525650
2647 60984287
1759 1431711
2850 126155287
3145 341007057
3219 422727721
2765 93491048
3089 283284730
2660 63447974
1811 1903167
1426 181245
682 110
3471 833901735
2525 38759531
2937 165754200
143 1
2720 79180312
1248 43133
3261 473674234
71 1
3419 711243947
3369 617915381
3437 748907274
779 481
42 1
299 1
2120 7492120
3388 651111087
1810 1885439
871 1411
23 1
1674 928818
2946 173862934
1205 30043
509 6
3406 685903266
2758 90570605
1554 410575
2483 33013837
246 1
2655 63031240
2772 96495973
10 1
2640 58997358
2264 13671302
2109 7192115
2253 12854133
468 2
3416 703919151
3331 561978813
2318 17298224
1482 265855
718 201
3298 516129268
3444 772357618
2845 123846928
598 29
3055 255655038
3505 932164339
3067 264582736
1973 4234339
2413 26483253
2136 8192133
2466 30982871
3174 370582192
3056 257123894
1685 986372
2124 7740181
16 1
2271 14205480
52 1
753 347
111 1
681 107
2235 11710630
2200 10410370
1807 1850427
908 2097
3061 260084413
2728 80724242
270 1
3282 499823230
1054 7436
230 1
1070 8881
1150 17801
1041 6852
1658 848143
205 1
3148 344823548
3006 212458285
1453 216114
3090 284895671
887 1675
620 43
2578 47279718
1840 2269807
263 1
3080 275352326
2853 128502295
2502 35410350
2926 160860722
130 1
2545 42976258
1213 31789
3496 908960056
933 2807
1364 115828
1732 1299731
3005 211221268
306 1
1720 1202146
1324 83515
1126 14412
2606 53024487
749 318
3359 605069371
1663 865504
265 1
1586 498673
2325 18228378
3092 288142311
810 703
2343 20076038
662 79
999 4824
2519 37962311
221 1
1101 11436
1722 1225903
2028 5377085
788 571
2048 5799347
1147 17537
684 115
432 1
947 3237
2596 51272930
678 102
1583 482902
101 1
721 211
1132 15549
105 1
81 1
2262 13462743
3484 877347265
177 1
397 1
2331 18779876
245 1
1188 24237
2177 9315598
2646 60582150
3031 230474785
2356 20984306
2550 43568616
565 17
635 53
2024 5242609
3143 337228623
2566 45390043
889 1740
775 451
1608 590888
2818 113569178
2418 26866507
1819 1994081
7 1
2511 37179879
2931 162802288
1305 70625
420 1
1242 41397
734 253
1400 149708
3165 364488898
1020 5807
184 1
1589 509443
691 134
2337 19635308
648 66
2427 27648024
2147 8598274
77 1
1522 333014
994 4743
96 1
331 1
2707 75192236
1642 765946
108 1
413 1
465 2
1595 531613
2044 5750999
3238 441523064
498 5
2073 6303336
3438 752770600
2964 183410614
2507 36411992
2321 17691498
2076 6355842
1520 329324
685 118
3351 595593145
403 1
1881 2823240
517 7
1716 1167287
2030 5422595
2638 58607036
1259 47439
929 2707
2842 121576654
3467 821251129
266 1
3208 404655564
3016 218741727
3020 222591587
1850 2420144
2643 59785028
2900 147842900
3168 366509901
2627 57068882
731 242
602 31
3297 513378785
3039 241376416
1077 9317
777 461
385 1
1896 3060244
3326 550185357
1816 1957257
853 1162
2667 65569077
2543 42391158
549 12
750 325
478 3
131 1
2993 202742070
2889 141696481
1308 71549
1800 1782153
3520 985100846
1877 2772872
1640 750394
1218 33626
1325 84589
3197 393716639
61 1
2735 82824952
1725 1237940
2129 7931052
1602 560546
2380 23249060
772 442
1391 139218
303 1
954 3413
2985 195719380
993 4663
1016 5522
3051 252739961
2691 71851976
2509 36922313
2857 130888529
3129 324298969
830 880
1083 9772
311 1
842 1032
343 1
850 1117
991 4584
155 1
2628 57449975
3498 918178640
570 19
1537 367936
3446 776329620
3433 737424126
1588 504032
1905 3256799
751 332
888 1707
180 1
3033 233157814
961 3597
2989 199202874
153 1
121 1
2036 5561214
1763 1473591
200 1
1311 73429
1603 566499
907 2058
83 1
2740 84432634
1704 1068099
1095 10912
1906 3285787
1289 61149
100 1
3091 286514852
1605 578578
741 284
2056 6046617
934 2857
2301 16165155
1340 96035
1902 3171211
129 1
1396 142639
1096 11084
400 1
2774 97722081
2537 41242416
1246 42547
73 1
1037 6522
970 3925
637 56
1531 359903
2504 35908028
1114 12748
289 1
2266 13776668
2560 45081793
3243 448762966
2041 5655390
1927 3588701
785 547
554 14
3454 792402135
2387 23589950
3399 668303432
1765 1487795
1919 3464644
2877 135781004
652 69
2070 6251221
2612 54101090
9 1
3458 804652379
3149 346746173
1047 7081
560 16
1013 5430
3404 682350292
712 187
342 1
2444 29692107
2239 11987574
1422 174912
2144 8460925
2944 171802970
2183 9541055
2103 7017346
1174 21890
3046 246999380
1273 52130
2568 45700189
284 1
350 1
1385 134226
3372 627710404
2915 154228240
3240 443924598
2417 26674260
2006 4898675
1570 447834
1257 46801
1352 107508
1458 223773
2704 74706657
1074 9170
1857 2532951
137 1
3060 258600340
783 524
2116 7370793
1775 1560676
856 1208
722 216
3137 333487912
862 1332
2686 70461784
799 620
1156 18892
2280 14871244
2398 24818782
2968 185595349
1184 23888
1471 248236
1271 51435
1438 196832
2313 16786101
436 1
3152 352572073
1388 135872
3229 432033412
91 1
1197 27193
2205 10659510
1691 1006258
2694 73266804
2139 8258601
1978 4345324
341 1
1629 705429
2379 23080284
3341 573999301
394 1
3338 570972684
3025 226502321
2269 14097165
1092 10574
609 35
3205 400247595
445 1
1316 78326
3109 303168180
599 30
2600 51967204
1835 2187725
2613 54464305
2487 33716981
3042 244173330
2096 6790267
1982 4458921
1513 311421
2358 21295179
2250 12656836
1069 8740
1560 419619
2494 34433575
2093 6624322
766 396
3408 693059209
2196 10166484
1607 584704
2498 34918889
3218 420429669
1624 676815
256 1
910 2136
2312 16660222
738 271
3330 559009315
2619 55567156
676 97
2159 8950471
188 1
1890 2979326
744 304
2412 26293478
142 1
2624 56313514
65 1
1329 89011
453 2
2688 70922468
99 1
1153 18339
2288 15447355
461 2
2234 11619604
2980 192290807
3032 231812806
55 1
914 2257
3378 631006329
1447 206270
1590 514906
1465 237081
1565 433520
3329 556053946
3222 429689868
482 3
1801 1799006
2760 91728781
3491 890772367
3395 661378070
1613 616217
2933 163780959
840 992
1935 3684351
2763 92900270
1210 31344
3309 527264320
1569 443016
1117 13350
2992 201556100
2919 156097651
1672 919525
1135 15786
2390 23762076
1224 36056
293 1
2121 7553455
2692 72320829
1118 13557
13 1
2122 7615242
1815 1939075
435 1
3217 418142867
1947 3782290
784 535
1961 3950739
1572 452699
507 6
1214 32240
807 674
1950 3882566
1832 2167627
3490 886276932
3123 317112582
536 10
948 3295
454 2
1367 118727
2591 49909369
1275 53544
2283 15099326
2095 6734541
872 1439
1661 856784
2734 82295213
1280 56477
1667 883185
139 1
1611 603432
2761 92312853
72 1
2221 11000041
938 3015
702 166
1466 239826
194 1
231 1
846 1074
2709 75680654
232 1
1253 45548
915 2299
3054 254193739
513 7
655 71
3313 535756988
516 7
3427 726099688
1823 2031527
2843 122329215
1525 344308
2123 7677483
1414 164799
3468 825448673
1142 17019
2233 11529215
2401 24998954
1903 3199513
715 192
21 1
2824 115704544
2952 175945100
1220 34580
2752 88293651
53 1
2948 174901228
3486 881801925
1462 231674
1115 12946
2125 7803340
740 277
2335 19346346
1547 393013
1844 2333176
2970 187803477
2776 98962193
966 3858
2542 42101305
2584 48578531
2263 13566662
694 144
1551 401708
128 1
3027 227819575
1791 1700003
3050 251293670
1621 662904
1977 4308042
2317 17168892
172 1
1649 797922
1839 2249031
2580 47601457
616 40
3133 329784586
1512 307947
126 1
2785 101484996
272 1
2827 117148126
1948 3815453
1460 226379
364 1
3396 664832635
2859 131692757
1680 966840
1616 635850
1855 2510018
1510 304508
2759 91148037
701 162
1719 1190424
1463 234364
1830 2127928
729 231
3233 434388454
535 9
2112 7251237
2348 20374783
2652 62205154
2648 61388825
3070 266097663
808 688
287 1
117 1
2527 39299348
1204 29620
1437 194534
296 1
90 1
3478 855376283
1805 1833142
74 1
1751 1390905
3381 637644947
548 12
1761 1445551
1381 129395
1617 642519
2114 7310795
332 1
3354 601895660
1219 34100
315 1
237 1
2051 5848060
3024 225191927
3364 608258135
2254 12953816
621 44
1168 20342
511 6
1789 1683988
2943 170781249
883 1583
84 1
606 32
3180 376767011
149 1
503 5
2553 44168312
582 24
3132 327946838
1189 24590
1962 3985228
912 2176
1314 76333
1714 1144556
3011 217471822
1721 1213972
328 1
1710 1111205
2898 146950401
166 1
3162 362477929
2296 15802588
1487 278218
2425 27450750
890 1773
1703 1057560
700 159
1623 669827
2551 43867542
1951 3916519
1612 609794
1863 2579383
1274 52833
405 1
1157 19175
3385 647720774
3305 521670056
2936 164764921
3420 714932007
2065 6199495
3259 471128289
2750 87732524
351 1
591 27
1938 3749387
3049 249854833
688 124
679 104
1235 39181
2986 196874404
2636 58219040
372 1
358 1
1322 81404
410 1
1228 37072
949 3353
1875 2723313
196 1
798 608
3380 634317822
1202 28790
1474 253988
821 811
1519 325671
1262 48085
1876 2747992
921 2565
2699 73743955
3151 350620392
1190 24947
975 4135
264 1
964 3726
1963 4019988
3035 235868921
974 4064
544 11
206 1
2397 24639780
2040 5608124
1276 54264
522 8
801 634
3009 214951899
2841 120828262
1256 46171
2806 109404520
3211 409107176
2768 94682760
1297 66165
324 1
3199 398059857
919 2473
1327 86775
3511 951110130
1907 3315007
1309 72484
1066 8464
1369 120201
119 1
1051 7198
427 1
2017 5154648
1191 25310
1073 9024
146 1
462 2
841 1012
1556 415075
359 1
3436 745061803
3195 389416118
1882 2848732
2131 7995610
2663 64713096
1809 1867859
476 3
1979 4382897
481 3
2002 4815929
2767 94085206
1409 155214
447 1
33 1
352 1
67 1
923 2611
1341 97253
1618 649250
76 1
647 64
106 1
1467 242600
2679 68198511
1860 2556072
1278 55731
2493 34193202
2084 6515729
384 1
2228 11261831
3007 213701819
1628 698175
337 1
2854 129293319
2300 16043476
1614 622700
1826 2088884
946 3180
2783 100848928
3125 320687659
1337 94831
2156 8808064
271 1
1734 1312418
3493 899824855
1851 2442336
1718 1178804
1193 25677
2810 110777206
3093 289778085
1473 251097
3242 446337882
1853 2464712
3346 586250698
1786 1636755
429 1
614 38
2654 62616971
2940 167748811
3474 846727456
1346 102265
2677 67753788
1575 462572
1731 1287156
1413 162840
438 1
757 363
1326 85676
2132 8060641
2922 157987430
210 1
1379 126263
1651 806102
811 717
2541 41813237
918 2428
1154 18614
501 5
719 206
3114 311817199
957 3473
2903 149642548
835 953
1777 1575632
2339 19781240
1884 2874431
3170 368540984
1782 1605932
2895 144301922
2272 14314542
168 1
1626 683869
3184 380941673
347 1
2452 30547113
1778 1590717
3257 466073313
1411 158986
2581 47925165
1423 177001
2319 17428432
