1000000000000 2000 2000 1 4002
903598441823
800701107280
329671071842
548952284792
476025051684
587913415477
417583361671
28471592560
245255301367
565935348019
528972227834
625875542896
883618376857
206793672345
212288198213
232268259154
519981190592
204795673853
385115760095
123376909148
559441826904
365135691131
113886374292
286214434545
943059070121
665336163186
337163596199
88911289077
878123862996
788713064299
758243473251
119380888150
455545481104
900101934456
591409930849
658842650080
80419765466
194306139749
417083856049
939562554751
312688024631
436564427395
818183664115
952050095341
238262274630
722778857956
526474715710
121878400272
607893484439
688313241894
893608413342
313187526255
303696991390
330170581466
490510602775
845156755817
177822578151
720281349837
152347999336
723777853200
813688145497
133366933623
940062064378
771730009096
341159609191
839162736326
394606282953
339161606693
47952155898
858143794048
753248449008
843658250945
827674190969
16483557587
701300280112
560440830153
249750811984
932070030391
470031028195
372628211484
755745965130
980022194299
295205459779
699801775245
548452783167
719282346587
545455773431
189810625128
888613393098
778223538208
942559568498
269231379316
603397965819
369131700120
638363083496
268731881695
364636193508
464536510333
736764899417
924078004408
20479570573
519481692969
319181541741
936066043383
220779717817
506994148367
534966243325
181319093523
182318096773
547953281545
132367938377
963039131073
555445805906
210290183715
457043985978
128871419004
387113762590
171329057037
993009236513
678822715039
871130836255
806195621142
490011101151
377623235735
78921260591
444556449374
838663230699
307193502762
594906442221
840161731571
167832553673
77422751716
641360085237
556944318780
132867431998
285215431295
740261410789
810691135755
90909295576
599401948829
482019071170
772229514723
691310255638
795706091045
284715929671
736265397792
904597445069
667833679311
152847496958
386114755338
168332051296
649851616847
607393982815
484017073661
18481560077
632369060007
656844643581
453547474610
209291180468
615885506415
502998135377
391109779586
14985056715
332168587958
613887495921
18981069705
160340025311
249251310359
677324202172
958543620456
159840527690
176823578904
762738983867
406594325938
892609406092
168831552921
808193627638
289710949916
263736865462
879622367870
648852613598
218282209696
210789693343
345655123805
297203474279
299700974396
551949302542
536464744197
415585355179
687314242647
278721910177
424076886789
780721046325
966535642441
792709077294
478522563807
530970230328
948553583976
348152639927
380120739855
851150775309
446554451871
84915280089
117882391284
956046108335
142857472479
82417767963
177323076527
391609281211
898603425584
478023062182
968533656939
230769758286
323677060358
996006242256
366134694378
4495522605
448052960744
247253307865
24475579565
592408934099
340160613945
215784705579
867634328890
626874546144
400600306448
178322083778
430070902278
174326074783
343657121313
842159746074
494506615769
862139811037
529971227080
804697120270
333167583204
477523556556
873128842749
601899464950
121378902649
941061067628
751749952143
512488674233
617384007280
216783712828
739262407539
785216552930
404596315441
299201480775
463537507084
452048973737
344156618936
642858594111
352648150544
760740977370
368632202499
70929230607
363637182254
443057940498
37962131424
150849494462
128371917380
437563426636
693807763758
846655260692
623877528397
488013086652
853648279428
538962252315
926076010903
318682036114
833668210454
376624224482
481020071925
854147781049
532968232824
544956275808
831670207960
324676063607
820681172238
169331058548
943558571746
54945178641
909592457309
859642294915
803698121024
801700106527
307693004387
743258420533
11988042966
536964253823
984517704906
119880393772
665835664808
325675066856
660341150950
142357966855
917584483293
919582493794
367633195248
75924246844
8991037221
359141667647
431569407151
115384883164
316184531999
292707951658
651849623337
246254308619
378622238985
572928362750
977524678173
185814612142
252747821730
693308258131
598902451206
294705966160
563937333518
830171703089
564436843147
932569540020
340660107566
274226395558
77922257342
982519694409
658343148456
93406807698
902099932948
769732006604
399601299200
151348996087
91908306828
175325078031
62937208624
558442823655
274725901184
275225402807
245754802992
194805637372
915586476794
533967240076
34465616050
731270377551
832169705583
741260418040
137362954613
590410927603
265734871956
109390863674
855646285924
773228517969
635865575377
619382017780
646355105480
100399834438
925077015660
112887375046
859142801295
860641306167
912089969427
92907310078
836165718577
87912293832
116883380030
484516575283
590910425225
895606415839
410590342932
450050971243
120379891395
854647278672
26973091688
718283343338
510990161356
31968107930
632868565632
165335041553
373627214734
650850620096
476524553309
427573394160
380620241480
350650140044
722279352329
781220547949
492009099643
976525678927
394106781328
412088839802
594406932593
143356970101
549451794421
797204595918
592908431721
144855478974
379121732606
85414781712
742259413284
748253436772
776725025339
461539500594
983019204037
967035144066
845656249438
191808623622
89410790702
685815733774
496504618264
64935215119
166334048799
922080005917
946056079862
990012226766
569431859386
666335174436
537963253070
432568406399
120879401024
706295300352
8491527593
756245462753
492508609271
254745832225
805196625896
989013219519
173327067531
155844510701
381619240725
615386004792
501000128881
164336038305
554946308283
662339153445
449551465616
835666224956
130369927876
981520699168
402098807320
870131837008
166833542420
250749819236
752748951391
163836540683
115884380787
759741970120
876125856500
562438836647
928074021401
918583494546
998004252755
938563559508
621380024279
2497516112
837664231456
939063053128
212787691834
82917277592
715286333593
418082863296
468033029700
857644288421
861640301408
78421762968
447553455117
903098940199
192308129249
160839526935
106893347547
523477701961
453047980989
987514710645
105894352301
815686155993
901600439330
97902322313
719781840208
721779854706
852649276178
244755795743
202797667357
821680171486
838163733078
28971098187
992509730888
69930235363
934567546513
680820721534
858643291668
491010100395
514486676725
23476584319
913088968675
159341018066
353147656163
354146651408
616884513664
373127717111
56943189138
933568543264
606894473188
266234369578
502498633755
892109900466
29970105439
257742837969
419081862541
273227396310
44455652541
574426875627
604896474694
264735864707
327173563718
123876402767
406094828316
929572526275
246753806240
337663105828
500500631259
730271378304
546454784680
676325206927
147352979092
403097810568
751250450519
350150642421
777224530965
260240350093
118881390527
40459635544
793708088547
920581497043
868133826511
578922390247
425075890038
880121865493
757743967624
409091838061
412588349431
384116748848
499002130386
326174564474
595905445468
647354104726
454046980237
331669082331
935566549762
561439833399
985017202527
283716922422
108891354045
239760783506
683817731280
290210451539
749751945648
161838534186
704297297858
241758790002
258242339594
745755932655
720780851462
552448796163
961540626198
422578373912
206294170720
500001133636
539461753940
392608284460
247752809490
884617380107
448552466368
512988175854
284216424047
778723039832
205794673100
195804640617
225275240430
828673194218
573427872379
44955150163
802199608151
298701979151
691809749258
468532523321
547453783923
522978208341
776225523715
458542494854
369631201742
446054950246
263237359835
506494650744
344656128559
748752938397
64435717498
580420891117
63936215873
38461633047
426574390910
332668085581
763737983110
494007114144
157343011573
955047105085
53946179394
717284332087
578422880619
219281216947
255245329848
56443683514
961041128579
355645164287
583917406487
574926373248
302697988141
356144665908
787714069056
304196493015
57442690763
643358091734
432068912778
35964120922
296204471032
905596452318
171828562661
787214559428
400100808829
150349988835
355145658660
422078872287
94405814944
746255434279
978024183798
134365940873
794207582168
218781719325
804197618646
825676188475
19480567328
704796791479
95404818194
118381888903
612388991051
427073888533
953049102593
370630204988
331169580708
631370052760
281219418302
737763898664
670331179429
692309258886
966036148822
583417904862
374126724363
449051967993
493507604515
770731005852
315185532753
471529537070
21978075446
696305263871
111388870171
475525550059
551449796916
342158616443
395605294206
965536643196
46953152652
322678057110
566434841640
138361953858
672329193930
346154625425
420580375419
437063925016
421079873040
880621371116
987015217024
734766896923
612888500679
620880518652
695306264627
114385875915
814187647119
873628344374
703298290611
694806759001
61438703750
414586355931
191309130002
664337163940
677823711790
882619369608
811690143007
542958269309
269730884943
678323209412
605895477944
463038013466
816185657617
438062924259
745256423027
480021064673
543457766932
482518572794
645356098230
76923250091
846155755065
637364080247
390110768333
303197493767
200300155235
497503621511
601399963328
129870422250
874127845999
690311244388
496005112639
256743842723
541459768438
756744964377
418582364918
899102931209
462538507840
829172699841
896105913462
335165597703
872629341125
16983059211
127372914131
530470732706
317683036872
395105784577
260739851715
747254437525
934068044888
684317224901
378122733358
942060070876
969532660188
805696119517
240260281129
800201609661
690810746009
831170702333
788213566676
517483682471
856145791551
567433852894
724277358826
819682168988
438562429883
134865438495
196803643865
154845503454
568432848135
124875410019
186813615389
342658118067
742758914906
154346005832
897104924716
556444809153
890611403598
122377905898
635366065750
652848626587
185315110517
452548475362
462039002217
30469603062
735765900169
79920263841
820181670613
659841645325
726275369322
549951288042
364136691883
757244461998
808693129263
663837658314
352148652921
20979068194
575425870871
10489538091
624377038024
49950166397
922579507542
300699985649
393607287707
408092830811
180320086274
227772740540
871630333878
821180677865
359641177276
863638307905
214286204712
644357094980
598402949583
917084985671
783718052061
334166594453
630371053512
26473594067
15484558339
528472718207
830671208713
865636322397
225774738048
180819595902
251249320861
770231504227
872129843503
754247456258
375125723610
328672076596
414086850304
868633332136
167333052048
864637311149
39460636297
430570407904
116383882408
382118746352
539961263569
522478706718
189311119502
525475708459
894107906962
682319226408
940561562001
68431726489
618882520159
542458767684
276224406056
264236363082
967534649693
96903323066
451049974491
375625221233
289211440287
479022061430
292208458037
86913290584
407093831565
300200476021
791710082049
336664094574
133866439250
232767756777
634866572129
921081002670
516984188850
48451665527
205295175478
669831677806
706794797975
290709953162
411589346181
399101805579
370130707367
887114892230
301698988897
280220415052
37462625797
902599442576
957045115585
310690014134
866635321641
588912414724
460041003727
217283214450
734267395298
104395847427
130869425498
423577381163
131368935127
505495643493
321179548237
465535521583
669332184185
674327192426
616385004038
9490530842
740760912413
243257298874
945057072618
898103923961
673328197180
790711074798
248751816739
390610269957
477024054933
145354980599
791210580425
272228385057
521479703471
595405943846
333667088826
587413909850
824677181228
695805770254
360140674899
348652141550
593407937347
727274368570
550950299294
236763773768
881620370363
59440701258
151848501713
155345005077
238761784258
71428740236
796205588668
113386872668
51948176896
55444680266
822679174732
725276366073
503997146627
288212441042
258741845221
83416775214
190809628377
179321083024
908093956438
397103791076
835166723333
460540497346
901100929702
925576517284
941560565249
561939327019
614886499169
760241471743
472029034692
794707091797
553447803413
365635188752
163337039058
968034151315
651350125716
716784834464
320680046612
262737862212
672828687551
699302273621
832669207205
207792683597
933069033635
570930360257
648353115977
793208578918
875626350873
896605415087
341659114818
596904448714
419581372170
472528536317
3996020982
223277233936
469032028948
545955275054
199301147984
351649143293
640361081988
22477581072
843158745319
139360957107
600900457701
27472593313
766235495233
256244341098
531969237579
147852488721
661839651820
241259292380
222777732315
465036011958
900601432079
589911417974
844657246189
497004115886
905096950694
268232376069
895106918216
440560432379
4995020227
382618251979
737264397039
114885373538
33466612802
606394971563
833168712832
407593325186
23976077940
671330186679
112387869419
772729016348
700800778491
847654255938
52447674519
580920396744
818683169740
890111901974
938064049879
633368067257
975526671676
68931232114
681320215154
408592328433
799702108037
45954149406
790211577175
313687019875
439061927506
952549600968
12987042211
309191513263
643857601360
433567409643
101898335305
145854482224
35464623299
689811742763
711290316597
21478577823
739761913166
379621242235
860141796539
221778729067
799202598410
124375912396
136363943367
360640172521
759242476499
782719044815
628373043013
714287330343
654347135464
201798660108
12487540588
308192506012
220280216193
445555452623
316684033623
96403817441
608892479683
240759790756
187812614634
66433715988
15984059964
172328064285
59940194874
698802771996
384616250470
293207461286
308692011638
656345133952
231768753528
405095821068
657843642829
499509625
221279219438
445055946997
302198482514
765236487984
950551598472
279221407800
63436710247
402598316947
692808752505
625376041274
912589467050
973029167556
975027174054
514986174348
836665220202
732269384802
822179673107
188811617877
928573527027
634367066504
532468735202
126373910882
495006109390
50949173647
58441690009
979522688673
910091962928
698303270371
330670083090
22977074691
540460761192
271728883434
75424745219
909092955684
428572401407
295704965406
806695126768
520980197844
644856604609
250250317611
203796670603
73926244354
208791686847
346654135054
518482693721
214785702331
784217553683
230270256663
401599309697
508492657241
136863452988
826675187721
270230386566
732768886427
775726022090
226773741297
780221540698
515485679975
779222537455
259241342842
988014216270
70429728984
969033150559
501499638510
106393853926
423077883540
927075018151
815186650366
893108903713
261738850962
593907434970
926575512524
744756929406
431069909529
956545609959
844157744565
753747950632
442558446877
744257419780
646854611106
600400960079
5994019475
9990040469
906095953943
357143669158
994008235760
906595455568
2997009731
841160738822
998503750378
233267266406
543957272559
322178555486
602898468200
633867560878
471030031445
819182667363
764736990361
287213433791
89910296328
664836665565
668333172932
17982058452
455045983483
866135820017
666834668057
663338164694
434066915270
314686031129
576924375745
320180548990
946555581483
456544492358
493008110896
40959137169
686315239398
242757793251
140359964359
39960133920
266733875203
279720909425
724776856449
202298165732
259740844466
995506736630
798203599166
889612396347
129370928631
700301284872
775226524468
771230515480
803198619404
641859594865
34965113671
667334169682
321679049860
540960258815
727773866191
67432727241
982020200788
944557578997
768733007356
796705090291
376124722857
1498512871
306194503514
253247323355
916085982421
58941195634
965037145575
372128717863
443557442123
110889364544
570430862634
579421887868
275724896427
335665091324
696804773500
729272375062
429071899029
971530658681
13486543836
708293310854
381119739102
361139678141
13986045461
504996149875
193307136499
705795802731
614386997545
823678185983
209790690095
511989172609
974028166804
156843509948
609891486935
327673069345
929073020648
178821589404
710291313349
627374047768
183816605647
980521691922
111888367794
686814741023
54445677017
386614260965
227273246922
544456770182
525975218088
874627351625
887614393855
792209579672
413087847054
401099808073
74925243596
750750948897
894607412589
237762773009
620381021029
276723903679
203297164978
474027041187
311189515756
807694134018
14485551088
94905312567
579921393494
487513593031
826175694101
973528673183
857144794800
374626217984
505995145117
983518701659
371629208235
217782712073
184815604890
383617255227
272727894685
158342022825
885616383355
867134819264
409591339685
343157619691
503497645004
516484683224
38961130670
411089844557
287712943419
434566416893
459541494099
481519569547
541959262058
685316228149
53446677769
470530533822
305195492261
32467605553
930072023898
992010229263
817184656864
853148781805
523977207588
913588470299
738762901912
671829692305
173826569156
597403942331
196304142241
286713940171
137862456236
660840656577
19980068953
891110897219
486514589784
215285203955
207293177971
533467738451
467034026455
585915408978
29470599812
668832674557
436064921768
181818599150
755246455501
676824700548
499501628009
694307265382
72427743485
339661108318
479521567051
219780714570
314186529504
447053957497
629372054266
977025184553
869132829757
531469731952
157842513196
46453651029
393107782080
88411795456
569931361011
170829563417
985516712155
47452654276
761240482995
508992158864
103396836173
131868432750
944058077372
354646153033
947055079106
397603292701
962040135827
358142664398
675326199676
334666088074
349651140798
475026044436
487014087405
329171570217
907594458818
897604426339
199800653611
707793805227
769232504979
622379027528
278222412556
546954286301
718782844962
741759911661
553947301032
999011247
655346138706
126873416509
747753931146
713288327094
297702975904
623378034777
765735989608
571929359504
148351990343
388112769838
963538632697
11488545343
122877399519
174825572406
834667217706
653348128212
848653267190
74425741973
125874417266
777724036587
228272242163
848153757561
654846633086
642359092488
83916280841
535465740948
565435842392
555945315534
138861451481
911090970180
6993022721
234266265647
582418901615
244256294118
92407800449
353647157788
557443812401
504496648250
254246326598
347153636677
951550601720
535965242573
357643162779
639861580363
954048109841
721280345082
786715061805
5494521852
485515582533
310190512509
270729888190
43456649291
204296172228
970032157810
1998006492
964537643951
746754935900
599901458457
705296301108
957544621212
683318225653
513487669474
915086983174
103896337798
949552587223
733268388050
875126849248
971031165060
149850491214
192807626872
876625350119
810191634132
951051092093
904097939444
786215564183
486015080155
139860454730
670830685056
72927241108
301199479268
99400827186
277223405304
697304267121
488512588276
153846500206
752249445764
954547607464
277722906929
291708948408
483018070416
618383014532
978523681421
743757922158
80919263089
863138814285
315685034376
425575387661
974527668429
267732878446
211788692587
851650268929
347653130298
735266390544
208292185222
105394846674
649352115223
945556582242
520480696219
997005245503
507993151614
611889493428
188312116259
485016080908
229770747034
715785835218
789212573927
639362082741
349151643175
377123734111
435065918518
398102802330
498502628761
213786695083
991011222011
293706962910
714786823964
870631330629
51448667268
101398833680
413587344677
186314105760
764237488736
763238489492
450550468864
538462754695
577423885373
338662105069
457543491605
809692136509
972529669934
581919399993
273726889931
730770883931
640860591616
711789822219
362638183007
25474582815
798703096787
631869558385
701799781737
964038142326
879122862243
515985181600
32967111177
146353975845
842659247696
645855599854
774727026845
573927365999
420080869792
454546477856
783218554440
441059934002
681819724783
610890490183
750251447272
784717055308
761739980618
659342143700
886115880978
661340150196
603897471446
294206456531
731769879176
591909432474
234765763268
324176557981
768233501729
165834543172
673827694803
604396973071
655845632327
891610398844
93906313322
282218425552
930571533525
809192630885
6493529102
444056947750
262238352587
608392978060
235265264892
960042121327
585415907353
567933354516
605395972317
42457646044
491509606022
697803772748
557943314026
855146788301
233766764026
637863577869
404096817818
931071027141
149350985588
224276229180
684816726524
10989043718
306694001137
405595318688
602398962573
568932353762
169830560169
610390992560
675825701300
140859461982
560940331775
224775730805
223776731557
884117874480
914587481550
283217428801
613388002302
995007235007
586414910602
98901325562
795206593422
248252311114
647853614353
824177683606
856645293176
865136812773
582918403239
571429857880
728772869436
148851491967
596404943090
861140803787
319681039363
326674062097
48951167151
807194632393
526974213333
170330061792
76423748469
27972098940
527473722962
201299154481
396604293453
415085853554
986016213777
762239486245
117382881655
907094953191
566934351269
918083988920
682818720028
991510723636
650351122474
183317104024
421579378666
524476705211
509991166112
282717927177
959542627706
950052096852
558942321277
392108774832
801200612906
495505619019
45454655786
311689013377
979023183046
609391981308
881120868739
886615390606
110389858917
345155622180
782219551195
7492532350
767734004106
911590471804
125374915642
24975081190
25974084438
850651269682
385615261718
466534524830
33966110425
920081999421
689312241140
50449668021
325175561229
680321219910
552948305791
71928233856
749252444024
657344141204
42957139663
200799652858
723278351575
962539637452
52947172142
611389995807
688812743517
36963120170
628872544637
767234494478
919082988167
30969100682
564936344769
304695994640
197303145490
383117745598
828173700597
709292310102
577923386998
135364948123
617883508905
707294303602
459041996477
356644163531
285714932920
416584358428
317183535247
507493657993
69430729736
480520566298
458042993230
60939206128
141358967609
102897334552
850151768057
996505747883
837164721827
882119875988
725775859693
827174693346
261239349338
498003123136
251748818484
708792808477
679821718286
814687152745
527973220584
318182542495
43956146914
802699113778
396104791829
537463747443
937564552257
31468610307
529471729457
328172574972
910591468555
947554580730
754746953881
7992025969
687813744271
198302144737
235764774521
889112894723
636864570619
509491656484
108391856422
153347006585
135864449748
923079005165
878623356616
949053085599
362138685391
935067048138
914087975923
779722035074
662838655070
483517572041
970531655431
473028041941
98401819936
141858461229
198801654365
953548600213
403597316194
162338027805
849152764810
986515715401
368132696873
823178676357
298202469522
226274243674
501999140135
624876531645
158841516441
576424874120
97402816687
811190637380
456044986731
435565420143
255744835473
213287193458
85914287335
825176682848
999003252001
410090837305
899602428829
197802643113
959043122080
216284211205
242258291627
774227521218
17482560833
984018199279
164835535927
291209446783
231269255907
812689142251
195305134992
797704093539
559941328528
65434712741
581419890365
993508734135
49450664772
351149649673
584416900107
41458642795
86413784957
773728015591
588412913099
864137817528
511489662980
534466737698
989512721144
948054086354
563437831893
67932224864
812189640630
237263271384
829672205468
461040006974
398602299952
960541630956
280719916677
524976214839
172827565906
877624361372
371129714615
441559443631
869632335383
728273367813
156344012325
816685163244
510490663733
713787820715
81918270340
361639183768
652349120960
442058941252
161339032561
840661233196
972030168309
841660244449
517983192098
363137684632
366634196003
239261277879
57942192387
440060930754
439561429129
60439700501
834167712079
81418768716
466035015203
597903451960
575925372495
924577514037
781720045570
702299291365
267233376824
766734992853
703797796235
387613264215
937065050634
187313113010
817684162491
726774866945
716285336843
95904319818
91408805204
955546606710
709791807722
981021197549
416084856804
626375040519
99900332813
312188519004
923578510792
908593462065
228771747789
323177554731
674826694049
638862585120
305694997888
758742966871
554446806658
389111769085
589411924353
146853485474
976026177302
100899332060
389611266708
144355977350
271229389814
176324077279
702798784986
162837529429
877124855746
104895349052
336164592949
309691010886
73426742731
338162603446
521979201092
997504743126
489012093901
636365068996
712289319842
243756800499
990511724389
862639304657
367133701627
179820588651
62437702998
473527547567
424576388413
433067916026
921580504295
785716062559
916585488048
653847633839
257243344348
79420766218
229271249411
222278222687
253746824974
988513721897
629871551887
931570532768
107892358799
296703964651
193806638124
717783833711
562938334270
839662237951
66933225616
888113895478
211289186964
710790810972
621879529906
109890357295
281718915925
572428861126
90409797953
428072899784
429571400654
518982187342
102397836929
712788821467
451549468111
3496515357
426074893287
388612267461
467533520075
847154754313
358642166022
469531530572
252248320107
883118871231
175824575654
586914412227
489511595526
936565549010
630870551135
513987171099
927574523778
622878525149
813188651879
61938205375
733767885671
679322208658
550450789667
789712071550
107392857175
65934218366
84415782466
127872423760
627873541388
190310126752
265235366330
182817602400
849652266435
738263400288
852149770554
885116877728
619881523406
474526542812
236264272144
958044118834
994507741387
55944189895
464037012710
36463626549
584916405730
143856467724
729771872681
41958144419
87412792209
184316107269
288711938665
3116 288920975
742 219095
3084 269127239
3237 349960320
3749 718544126
3286 377774424
3470 500040649
81 5
1327 4433103
1476 7348076
1412 5824984
3995 985097137
86 7
22 1
821 393047
825 402563
906 656106
1949 27465507
2921 201185945
3973 946223060
3253 357577330
3673 653871023
1309 4053897
1315 4240110
1201 2611265
3055 254587935
2890 188362961
1918 25816418
2428 80186125
2157 46656372
1198 2568668
3384 440000313
583 73256
789 307409
1489 7647144
3230 346735892
591 75747
1172 2344206
216 502
1375 5164659
3370 427195597
2790 163500896
1305 3963277
2559 104619272
297 2447
1286 3701096
957 845173
1077 1512612
3437 474734576
2339 69223669
221 600
2858 181881721
3074 264783766
3630 617361003
1608 11416449
1417 6031523
3645 632802844
3305 385870948
227 743
3989 977712634
3496 516029033
2549 102987178
3925 897073430
599 82274
791 315231
3049 251260034
2735 150441409
36 1
2584 110924924
18 1
2813 170059185
2159 46871974
3314 390559483
813 370041
1137 2063693
3744 712808039
1683 14159695
1029 1219756
259 1346
1363 4910828
1431 6330479
865 479969
2414 78540324
3318 392920779
1866 23368160
208 397
3595 589015986
2044 34925507
2079 38475661
2778 160009903
3344 409771571
1674 13912730
3845 813337319
139 56
592 77018
2202 52526619
765 263674
1989 30707209
1310 4084469
2552 103800659
3377 433560139
805 348126
2361 71313966
1072 1485111
117 22
3037 244708634
3390 442597711
180 174
2453 84594645
2338 68929101
1326 4400459
1239 3069147
3956 924901934
2151 46014321
1808 19883623
91 7
1638 12502289
2752 154324279
731 204724
1130 1993625
3330 402480448
2757 155448268
1460 6917085
994 1023814
3696 666417524
2380 74387397
2497 90649994
2930 204673829
3341 406112920
1066 1444610
3805 769820337
3802 767795561
554 55591
152 79
1357 4805147
779 292231
217 525
1127 1976409
2054 35787398
2743 152095807
2180 49975024
1358 4840170
2362 71616657
565 61762
2935 206082453
516 34273
2013 32600209
876 525866
785 299743
3216 339304597
3198 329937871
1665 13669222
3476 504361251
2331 67471262
1277 3589120
3023 239088925
1344 4633061
361 6224
2569 107106149
1401 5663860
3464 491488274
2111 41912298
3540 550781524
2750 153764728
2040 34585436
2235 55675399
3379 436127095
2614 117982369
3331 403688372
1742 16732778
617 95150
1353 4701294
3042 248787021
2042 34755139
607 86400
3708 682830962
3091 273527525
197 296
1969 29197812
3896 858800391
2535 98603699
10 1
740 216158
2793 164088606
3663 645025496
1519 8492517
2991 226631044
1986 30553519
1933 26630752
446 17579
3653 636275958
1426 6200937
2541 100577289
1435 6418036
1790 18819440
566 62842
3033 243092334
1355 4770328
3468 497176735
3621 610595469
692 156823
2385 75014606
2969 217632954
2240 55923727
3534 544606906
2153 46441564
639 107905
1571 10150757
2443 82197382
678 139560
1247 3167984
3250 354296827
321 3929
1395 5467490
2846 178708706
3224 342473671
1799 19239500
646 111298
3231 347808050
1710 15447686
838 417183
379 7923
3159 310842535
3073 263921840
2613 117531022
744 225065
3711 686521932
1956 28177011
3061 258797300
572 66172
1547 9115874
445 17190
3 1
2981 224354126
3124 292641737
364 6754
1854 22514510
2694 138230072
2108 41323100
2533 97822992
2220 53961688
414 13036
978 945249
3101 279784432
3499 518979449
1634 12427426
2821 171883838
1354 4735710
3677 655651717
3148 304999797
59 1
3518 536966638
541 47269
1573 10214438
492 28082
3071 263062160
129 39
2630 122572578
2710 142383948
3206 334074971
672 131519
2128 43720331
215 479
1204 2654425
699 163721
163 108
1216 2810003
649 114776
833 407390
25 1
1603 11277565
753 243758
2853 180607152
3622 612281264
667 127639
2607 115739424
2925 202575346
3597 592295577
3667 650321243
3874 843425846
161 102
1503 8060968
3968 939072792
2258 58456098
1428 6243880
983 964422
368 7128
485 26411
2171 48848492
3329 401275418
966 898648
1236 3020662
2775 159433914
3040 247149193
776 284871
393 9728
3862 826125391
184 205
2919 200494110
189 216
3596 590653961
2039 34416398
532 41511
3542 552333895
271 1560
2998 228926410
3089 272642896
1548 9174309
78 4
1150 2172476
2988 225111055
931 753759
2201 52290438
717 193779
1416 5989754
257 1297
1627 12131548
2051 35613673
1200 2589896
3767 737931682
3664 646786897
2532 97434498
3002 229695651
1169 2285798
205 361
1397 5545374
1946 27324947
2590 112656740
3150 305967435
1256 3295095
3141 301153695
1190 2485141
387 9016
2523 96276415
2717 144498001
548 50835
320 3812
525 38483
1509 8167172
1649 13114282
904 642027
1506 8113931
455 19630
3687 659224742
2323 66608470
3311 387038838
694 159096
3828 798618574
2545 101375517
3643 631071984
1777 18304716
1179 2403801
1693 14664147
647 113026
1580 10472365
2293 63245109
1110 1826753
970 907818
1612 11486403
3493 513092051
2375 73454456
1951 27606645
2649 126824886
1316 4271800
3885 849987737
3544 555449138
2191 51122245
752 240560
597 79611
3092 274414449
3768 739893222
3625 613970781
331 4297
3154 308885095
2926 203272918
2160 47088372
1651 13270962
1664 13588815
3463 490074327
396 10226
52 1
3994 982630695
1340 4565623
3011 233572938
1965 28756766
3256 360882089
980 954797
2577 108790175
747 231164
367 6939
498 29243
140 60
2467 87047517
2945 210354922
225 683
3738 707108644
691 154577
2960 214697961
1208 2698155
1641 12729048
2854 181243541
1843 22038030
3444 480267554
1626 12058467
3700 671853201
1811 19992634
1380 5276605
2899 191672137
2585 111355868
286 2213
1990 30861516
2133 43925014
3609 603889378
1936 26906716
2911 196382955
988 993763
1494 7851876
2805 167650454
2500 91384593
425 13990
3760 728186287
2060 36312644
2142 44959959
2540 100180065
3740 709004377
417 13666
2534 98212725
3559 569642165
406 11563
3932 903966893
574 67313
3155 309862578
2563 106271993
395 9975
1212 2742458
2974 221346741
1539 8942353
172 146
429 14656
99 11
550 52696
453 19206
2002 32118441
3821 792376146
642 109591
1993 31171992
1014 1151376
824 397782
542 48141
2275 60812899
3735 703329344
2094 40164582
3195 327884748
2436 81186771
2647 125869884
1470 7153950
1202 2632774
1772 18001330
1192 2505816
3665 648552144
3776 747781138
124 28
1630 12278774
2302 64629582
34 1
3164 312809887
2048 35268247
2548 102582355
3408 455769342
1530 8771485
1865 23244650
2811 169454424
3964 936699000
3971 943834815
2321 66322842
1682 14076987
1747 17018965
2687 136189811
307 3069
3910 876644984
1734 16357198
2640 123507528
1051 1379076
3152 306937528
2524 96661212
40 1
2817 171273889
705 175754
3704 677324290
2104 41128180
1551 9351414
578 70830
1078 1526515
146 69
385 8788
3356 417167979
843 427163
382 8347
3941 910902667
1699 15008361
2619 118889224
3182 321786628
3869 834739763
2187 50891132
2364 71920374
214 458
709 180761
1313 4177294
2022 33415989
518 34948
3128 295457384
527 39223
2279 61346810
434 15703
2505 92495413
2288 62698010
1806 19775088
283 2067
2278 61079388
1815 20212090
702 170859
3545 557012021
211 437
3095 275303672
3391 443901001
3218 340358337
30 1
464 20950
3298 383543627
68 1
2572 108367196
3699 670037383
3420 462471717
2729 147716093
363 6574
3316 391738708
231 775
2726 147175801
3134 298294662
948 810960
922 707340
1763 17701980
2299 64072914
2529 97047239
1422 6115761
2643 124448175
1005 1096766
1720 15716179
2646 125394545
381 8133
54 1
2659 127304556
1702 15182875
2959 213969184
2502 91753674
2400 77565891
3864 830423641
684 147990
315 3698
2084 39032195
3746 714715983
472 23308
3187 324824240
126 33
3478 505808069
3723 693951754
2066 36844040
2711 142910126
2243 56423043
1910 25416791
2445 82536480
3800 765775048
3113 286155319
726 199191
2733 149346498
3806 771849383
72 2
3703 675496648
635 106240
3418 461124975
1036 1279187
3388 441297483
2073 37925494
1443 6551186
3765 735974305
2679 133673439
3952 920216523
1679 13994665
1233 2996651
313 3478
2034 34080302
1907 25284687
1712 15536772
1856 22755821
334 4425
2125 43313254
1941 27184963
3261 363098803
1098 1686302
3898 861014934
2006 32278393
3976 951014053
714 185881
477 24308
3373 431005284
3908 872156284
1822 20433469
1217 2832812
3295 382384185
3726 697690709
3957 927251785
2116 42308816
1564 9899202
1205 2676219
1231 2949086
3516 533934649
3916 883412669
3988 975260998
2446 82876696
2248 57178698
2137 44130462
3024 239885356
1781 18509236
2938 208209921
305 2973
3890 856590407
2256 57942428
3275 372074854
2881 186399500
3247 353208692
716 191117
2071 37562226
874 519945
3251 355387641
3899 863234044
1430 6287060
1568 10024348
2067 37022548
209 417
3692 664613472
1952 27748363
16 1
3014 235924324
3016 236712314
3425 466530835
902 635079
3139 299245249
1602 11208631
3618 608913388
2148 45590229
814 374554
2340 69519244
3511 529412360
2121 42909216
1281 3644764
3796 761746782
999 1054588
194 254
2219 53720357
1251 3218349
480 25872
1131 2010961
15 1
1041 1315943
3854 817582286
2140 44751425
3613 605560349
1030 1231461
2990 225870027
3032 242287393
606 85007
3362 420906019
2973 220599958
3594 587381648
3473 502917745
1607 11346837
2628 122107230
1136 2045994
851 447696
2432 80518571
2459 85639011
3043 249609185
2200 52055108
2977 222095546
864 474464
299 2613
3527 541540433
2118 42508198
1394 5428878
1566 9961618
2437 81522531
1307 3993302
1666 13750009
1083 1568837
3656 639764305
1492 7748969
3576 580880531
428 14320
1399 5624142
358 5728
1935 26768450
3705 679155885
3099 277985181
679 141631
1992 31016443
866 485524
245 989
1275 3561554
3819 788236259
3201 330968282
1109 1810700
2082 38845973
2946 211073838
311 3268
2952 213242387
3996 987568528
616 93645
312 3372
2226 54935700
1385 5352309
2698 139259331
2499 91016700
2560 105030511
3448 483053321
2517 95129370
1368 5054620
3549 558578421
1896 24632383
1061 1418104
783 295968
1826 20769171
165 122
442 16808
2000 31959123
3115 287996724
2832 174341037
3394 446516792
3395 447829304
3799 763758790
2370 72837714
2808 168250062
1919 25950738
1268 3452978
3366 423412897
2580 109214473
3346 412225286
1755 17504635
2949 211794718
3342 407329554
1096 1671246
1753 17309055
478 24821
1001 1065009
846 432224
2623 120719663
3031 241484586
1840 21920180
1816 20322538
1885 24120293
1376 5201761
2494 89920126
738 213253
469 22341
871 502498
63 1
1135 2028417
3501 520459709
3939 908586029
460 20503
2561 105443042
2564 106688418
3197 328910028
633 102971
314 3586
1270 3479870
119 24
2449 83560493
1579 10407400
3794 759739016
2803 166456367
431 14999
1686 14326278
280 1863
2253 57686950
2833 174959706
933 769761
1923 26221056
3153 307910079
3100 278883646
3202 332001266
2296 63520088
657 120155
2910 195704369
3105 282500765
1451 6778006
522 37036
2587 112221772
575 68470
388 9249
1831 21109270
3446 481658826
3747 716628009
3543 553889764
598 80934
1582 10537654
2175 49296640
1497 7955872
404 11013
858 463607
1792 18923760
2993 227394110
2399 77243238
1978 29944903
2730 148257971
3707 680991440
925 730255
1106 1778934
2268 60282711
2101 40740546
570 65047
923 714914
2779 160587555
882 550096
219 549
2405 77889621
2715 143967149
3252 356481141
2280 61615169
2460 85989416
1351 4667078
820 388357
1063 1431308
626 98220
48 1
196 281
872 508261
1524 8603239
950 819408
1972 29494837
435 16064
3279 375486276
2810 168851384
889 575210
1688 14494425
2182 50202804
1561 9713829
1138 2081514
2756 154885458
3513 530916372
1047 1340913
3067 260496554
1823 20544884
1570 10087394
3815 784113693
2343 70113422
459 20063
2746 153206802
2621 119801647
1523 8547735
3415 459781371
3057 256265056
3080 267383063
2038 34248020
3343 408549103
1851 22275251
1897 24761754
2691 136697603
1080 1540520
2419 78867303
1032 1255143
2247 56925919
2342 69815827
1073 1498811
3631 619061721
3007 232015791
2693 137717730
3019 237502408
568 63937
3553 563298775
1998 31642385
2244 56674035
806 352423
35 1
1056 1404998
793 323211
359 5890
685 150160
3494 514558866
1903 25153133
2521 95892844
1282 3672844
1647 13036499
3352 415927884
2195 51354197
3718 690228845
920 699832
506 31055
696 161395
2516 94749461
3552 561721792
1645 12959085
2610 116185261
3480 507258206
624 96675
3497 517502559
1379 5239076
1996 31484961
2967 216896215
3533 543071938
3369 425931705
2980 223599234
2225 54690889
3383 438706196
2099 40547829
2941 208922968
3405 454438241
3912 881152147
1334 4465941
2761 157146521
1490 7697922
308 3167
3982 960654258
935 777864
1828 20882046
3259 361989089
861 469011
1857 22877250
715 188485
816 379110
1789 18715580
801 335483
339 4557
2916 199116148
562 59647
2537 99389381
551 53648
3399 450463587
2360 71012300
1398 5584647
1496 7903737
2368 72530900
2173 49072157
2267 60019008
3582 582500387
1802 19452325
1367 5018361
2510 93993284
1778 18406749
3554 564879298
2263 59233429
3603 595589760
1953 27890662
804 343870
3924 894784979
64 1
2503 92123946
2064 36666222
873 514076
2345 70412030
3245 352123233
4001 997503745
2298 63796022
535 43096
2366 72225121
1155 2209739
879 537872
2838 176826257
2734 149893153
1754 17406625
2090 39406781
2081 38660462
808 356764
1040 1303598
2800 165861881
2228 55181387
3809 775920309
3426 467890190
1049 1366260
2492 89556960
2063 36489090
891 581630
2095 40355841
2333 68051407
960 862707
3443 478879498
1824 20656783
3131 297346491
521 36329
593 78306
1716 15626270
2583 110495316
1899 24891669
1724 15897239
2823 172495524
3719 692088297
96 10
1175 2383803
1511 8220692
433 15347
3110 284323345
853 452950
3144 303071865
3987 972814284
3535 546145343
2697 138743938
2138 44336679
3733 701445764
3780 753741106
3981 958236911
869 496788
353 5415
3562 571236907
3889 854384974
2581 109640094
3922 892501200
1900 25022128
1924 26357057
915 692387
2435 80852119
1100 1716740
3522 538487789
357 5570
345 4971
2662 128752281
2674 132181563
1369 5091089
1599 11140035
743 222064
748 234263
3563 572835219
1274 3534157
2506 92868078
2906 194352825
1219 2855768
3662 643267934
1008 1129277
3509 526414563
2723 146099959
2472 88116009
3960 929606410
3255 359777800
3638 627621626
3003 230466959
2645 124920643
675 135492
3274 370943240
384 8565
466 21406
1963 28610941
193 241
1341 4599243
3655 638018224
947 802582
3467 495749707
1087 1597570
2897 191006610
2113 42110184
1241 3093622
1737 16544136
2314 65754526
2016 32762076
3125 293577890
993 1013718
3926 899366562
504 30441
73 2
539 45562
3881 847795918
3753 720464339
3289 380073714
2336 68342972
82 6
142 64
3741 710904173
2391 75963345
1273 3506930
1048 1353539
2356 70711656
908 670431
2146 45379359
728 201943
2612 117081057
651 118340
3515 532423800
773 281246
3873 841247578
1254 3243770
3812 780008395
254 1202
3013 235138435
3857 821844958
2642 123977138
996 1044249
2512 94370766
128 36
1249 3193087
544 49026
3970 941451395
2170 48625644
2283 62154703
1246 3143040
267 1450
3858 823982951
3731 699566221
1162 2247511
1301 3903770
1482 7496417
1118 1875594
2788 162330530
1830 20995412
701 168452
2883 187052159
151 73
56 1
2450 83904080
682 143726
408 11847
1835 21453810
901 628191
764 260267
536 43906
2931 205377175
1764 17801317
561 58612
1555 9531243
4000 995012478
3691 662813328
1463 7011066
47 1
1518 8437585
240 913
1174 2363938
3589 585750939
2257 58198810
1124 1959312
3685 657436288
674 133493
3830 800708103
897 607885
1170 2305137
628 99783
2592 113093055
2718 145030417
3403 453110252
3214 338253468
2371 73145565
3985 967935586
1654 13349862
3954 922556849
53 1
2448 83218033
3984 965503588
1959 28321065
270 1504
1336 4498973
122 26
3791 757735486
3229 345666381
760 253560
3839 809110004
3634 622474402
1615 11698323
2837 176202312
203 344
663 123852
447 17975
1317 4303679
579 72035
1479 7446706
3472 501477546
2596 113530721
3604 597242339
2381 74700475
79 4
1289 3758123
1696 14835455
3457 485852000
1837 21685992
2394 76281716
3180 320779157
2301 64350766
1733 16264365
856 458254
3868 832579464
1999 31800439
519 35633
397 10483
2088 39219130
3021 238294610
177 164
1439 6506560
1302 3933433
2663 129237771
2379 74075370
1478 7397259
3045 250433521
3104 281592987
3558 568050987
2166 47961973
3852 815457593
2031 33913242
1985 30400446
3775 745802882
2423 79854778
3227 344599510
287 2289
2150 45801883
2332 67760838
3459 487256196
202 327
1685 14242791
2888 187706644
1475 7299154
529 40737
777 288532
2830 173724119
1619 11769655
3281 376628960
1232 2972792
3421 463821604
538 44728
1034 1267119
246 1029
3120 290776595
1299 3874285
1214 2787342
284 2139
2844 178079450
1836 21569651
409 12136
3961 931965816
1751 17211922
1409 5743970
1101 1732123
2862 183163476
3185 322796629
1447 6686537
2648 126346663
3078 265647942
3777 749763590
1365 4946466
1668 13831178
1084 1583151
77 3
3909 874398330
1415 5948216
650 116547
1687 14410155
3508 524920766
2317 66038195
3186 323809165
292 2367
953 836514
2913 197063422
683 145846
1558 9591797
2893 189681101
2152 46227548
3146 304034609
1081 1554627
3278 374346367
1587 10735477
104 15
2550 103393279
3103 280687544
2161 47305569
2760 156578796
2265 59756228
3175 319774210
1583 10603268
2699 139776254
1039 1291346
471 22820
737 210379
2740 151542732
3068 261349522
893 594641
3165 313797291
450 18788
930 745858
2438 81859400
2796 165269094
24 1
195 267
272 1617
3054 253752673
2102 40933996
613 92158
2829 173108950
2677 133174658
3082 268254017
1513 8274492
1746 16923138
3822 794452602
58 1
2582 110067041
1393 5390485
1450 6732147
3098 277089033
924 722551
3871 839073812
1297 3844979
1265 3426252
1660 13508787
2110 41715157
1462 6963949
223 626
3710 684674457
658 121992
3615 607235017
3584 584123854
2937 207498822
1962 28465708
1108 1794761
1563 9837099
164 115
3372 429732381
3359 419657041
2019 33087741
2485 89194968
412 12730
1016 1173819
3371 428462487
2671 130703037
3328 400073275
1731 16171954
1468 7106065
894 601234
2547 102178806
2870 183807058
3226 343535275
2070 37381638
986 983905
932 761726
2303 64909363
3702 673672954
2167 48182386
849 437333
1168 2266590
974 926382
13 1
416 13348
3963 934330010
1614 11627339
3998 990044877
3265 365326396
1152 2191044
2232 55427953
1550 9292077
755 250258
534 42298
1576 10342758
3779 751750243
1485 7596635
1658 13429136
1700 15095416
2390 75646038
1373 5127768
3111 285238155
3911 878896254
2978 222846375
3029 240683909
80 5
2021 33251541
248 1071
1855 22634908
449 18378
1006 1107519
3422 465174642
1071 1471511
1804 19667028
2918 199804179
961 871583
66 1
502 29837
3174 318771784
1180 2423934
3079 266514372
3378 434842102
768 270594
3761 730127081
1893 24503552
1968 29050200
1639 12577514
2214 53479890
3088 271760557
508 32312
2618 118435102
3715 688373392
3938 906274107
1620 11841333
134 45
3992 980169197
3348 413456543
112 18
3380 437415125
298 2529
1995 31328164
153 84
390 9486
1735 16450455
1976 29644254
810 361146
3668 652094201
2606 115294957
3836 807002947
1189 2464603
1314 4208608
3510 527911760
3491 511628584
3697 668225493
992 1003701
2454 84941629
190 228
411 12430
348 5264
3435 471987277
2804 167052557
176 155
2536 98995916
2571 107945534
512 33609
489 27516
3637 625902116
183 194
1977 29794275
3536 547687254
842 422149
2962 215428722
710 183307
3367 424670807
2072 37743510
3834 804900283
3784 755736185
2970 218371694
493 28658
3397 449144900
1019 1185171
1533 8885104
2122 43110856
1741 16638243
1728 16079964
3764 734021083
1584 10669209
3106 283410883
1004 1086098
467 21869
300 2700
94 9
975 935778
790 311300
3906 869918839
1849 22156386
3266 366444285
3059 257106925
3635 624186376
2178 49748072
1870 23492195
224 654
2850 179339739
1912 25549446
1446 6641173
3052 252919605
1261 3373297
33 1
2208 52763652
1419 6073525
900 621363
2787 161747865
3537 549232646
2471 87758686
75 3
2177 49521945
167 130
62 1
3567 576042575
220 574
3814 782058889
3517 535448927
2184 50431414
2586 111788149
963 880531
1094 1641456
92 8
3454 484451044
1588 10802074
3271 368688273
2611 116632471
2509 93617010
3222 341414694
884 556291
2410 78214431
3012 234354641
1396 5506322
1932 26493622
2971 219112439
241 951
3649 634537500
507 31678
611 89242
3207 335115703
2627 121643298
135 48
1103 1747616
2700 140294712
2451 84248797
1112 1842918
1337 4532200
1287 3729523
811 365572
959 853904
769 274108
1220 2878873
3855 819711405
3551 560148342
3276 373209228
2168 48403609
1613 11556699
3999 992526191
1319 4335748
1230 2925531
2997 228159231
2324 66895080
282 1998
1707 15270738
50 1
2794 164678004
3320 395293482
1694 14749602
2597 113969741
2274 60547341
1723 15806502
3605 598898584
116 20
2904 193679859
2570 107525186
1413 5865832
2601 114410118
787 303557
2518 95510497
2936 206789667
1181 2444200
2538 99784096
3629 615664025
322 4048
590 74493
2024 33581088
2909 195027661
182 184
2091 39595150
1640 12653099
3901 865457727
3481 508711667
3489 510168458
3660 641514206
2672 131194401
1984 30247987
2312 65471833
1171 2324606
2199 51820626
1093 1626722
1872 23616755
3267 367564909
892 588107
1141 2117526
3313 389383100
1425 6158231
137 52
817 383711
3983 963076481
3772 743828815
2660 127785676
43 1
2620 119344738
3189 325841859
3690 661017087
1260 3347067
943 786035
995 1033991
9 1
2852 179972553
1531 8828148
2721 145564402
2185 50660856
234 808
1015 1162554
399 10745
44 1
3824 796533409
2252 57432374
101 13
1197 2547579
2878 185099648
371 7320
237 877
1473 7250493
2871 184452447
2139 44543666
1465 7058438
2562 105856868
2093 39974048
3272 369814382
1839 21802834
1621 11913360
1122 1925474
2963 216161472
1113 1859199
3507 523430361
2455 85289750
2675 132677367
1813 20102122
3325 397677634
1628 12204983
1517 8382938
1709 15359008
3905 867685989
2861 182521699
373 7718
3831 802802004
1025 1208139
2759 156012712
2496 90284470
125 30
1454 6824115
3143 302111562
346 5116
71 1
2626 121180776
2929 203972412
3770 741858931
360 6055
302 2788
3166 314787187
3919 885677829
2701 140814706
3060 257951005
2165 47742367
3118 289847597
2546 101776527
887 562541
1554 9470995
3392 445207360
540 46409
3140 300198259
1650 13192436
3928 901664380
2680 134173714
2284 62425883
1916 25682654
1593 10936260
2482 88834147
2557 104209323
3402 451785369
2704 141336242
326 4171
2420 79195369
2669 130213146
1891 24375262
1559 9652659
2632 123039342
8 1
3442 477494654
249 1113
2127 43516412
2221 54203885
3312 388209553
2213 53240285
1633 12352921
2120 42708330
750 237394
3759 726249622
3440 476113015
1295 3815850
3123 291707973
3172 317771873
1832 21223621
1278 3616857
3436 473359332
1139 2099458
2602 114851856
1361 4875397
3210 336159026
2661 128268250
2880 185748664
2951 212517566
907 663238
37 1
1795 19133789
850 442490
725 196470
612 90691
3427 469252712
3254 358676215
3162 311824970
405 11285
1052 1391989
2030 33746838
200 311
1864 23121663
1120 1892104
3870 836904543
2732 148801438
1211 2720234
2264 59494369
2145 45169270
1311 4115226
2398 76921659
103 14
1445 6596057
1541 8999897
344 4830
439 16433
1874 23867462
1043 1328381
2210 53001540
3070 262204723
668 129567
556 56584
3886 852184087
2224 54446952
3736 705216969
251 1157
2262 58973406
479 25342
3056 255425394
1007 1118356
1312 4146167
3412 457103560
1776 18203137
3236 348882857
1149 2154034
2682 135178756
2683 135683530
2915 198430015
130 42
2057 36136882
1553 9411052
3920 887947632
3358 418411029
372 7517
770 277659
2464 86340966
3130 296400733
2944 209637967
1308 4023508
273 1676
2163 47523567
3949 917880949
964 889553
3978 953416815
1257 3320999
3262 364211237
281 1930
2327 67182677
746 228098
2673 131687242
1954 28033544
835 412263
3557 566463367
766 267116
630 101367
2784 161166875
3607 602222097
1774 18102008
2308 65190113
798 331352
3213 337204946
2470 87402523
3034 243899413
1193 2526628
1070 1458011
1238 3044828
2895 190342932
666 125734
2068 37201746
1514 8328574
971 917063
946 794274
1502 8008283
2465 86693666
1690 14579088
3979 955824432
2056 35961800
558 57591
226 713
362 6397
3293 381227549
905 649036
803 339656
3345 410996963
3376 432281201
1858 22999197
2724 146637090
3725 695819222
2291 62971084
2387 75329793
2622 120259954
1889 24247509
3039 246333519
256 1249
1624 11985738
1784 18612180
474 23803
951 827925
2764 157715892
1255 3269352
2972 219855192
1293 3786899
1105 1763220
3523 540012386
74 2
2713 143437859
3085 270002733
2017 32924586
3863 828272285
1562 9775308
263 1397
688 152356
3565 574437106
3974 948616136
109 17
1433 6374137
2109 41518758
3167 315779580
910 677687
1971 29346024
676 137514
1121 1908730
547 49924
1698 14921707
3946 913224029
3807 773882705
1801 19345678
703 173292
2692 137206908
888 568848
2281 61884465
154 89
2923 201879689
1147 2135717
3364 422157969
1156 2228561
3574 577651631
3041 247967025
1264 3399692
1031 1243257
1574 10278438
3008 232793323
3575 579264282
2377 73764390
899 614594
734 207536
1493 7800287
3038 245520001
3004 231240337
2397 76601153
2836 175580129
3326 398874016
3820 790304034
1881 23993611
3948 915550120
2544 100975772
274 1737
3844 811221459
1921 26085617
881 543957
552 54613
3633 620766185
170 138
1726 15988393
2900 192339519
3203 333036828
1472 7202092
3287 378922674
868 491130
2668 129724725
929 738023
2 1
303 2879
1853 22394625
2421 79524527
602 83631
1408 5703803
159 95
792 319201
1549 9233043
524 37754
2196 51586990
3921 890222087
1123 1942334
1643 12805361
1833 21338467
2816 170665673
1213 2764827
275 1799
2074 38108179
3241 351040444
1528 8715113
3600 593940842
1003 1075512
2049 35440624
1803 19559441
700 166073
509 32955
2789 162914872
3304 384705880
3986 970372482
795 327261
3097 276195199
985 974124
3114 287074840
1099 1701467
3758 724317081
549 51759
1762 17603086
2769 158859585
3465 492905482
1323 4368007
3606 600558502
2744 152650496
2012 32438982
3337 404899194
3433 470618405
634 104595
1592 10869001
1012 1140284
2914 197745774
3413 458440902
708 178243
2092 39784238
1745 16827743
1644 12882040
2261 58714296
1939 27045553
2706 141859321
1750 17115226
1967 28903185
1244 3118253
2478 88474495
3322 396484124
3504 521943344
1526 8659032
1982 30096140
1383 5314349
235 842
1542 9057737
761 256896
608 87812
2241 56172941
1222 2902127
754 246991
2903 193008758
3639 629344913
2045 35096542
1414 5906909
2337 68635536
528 39974
3170 316774473
1457 6870474
1021 1196611
3763 732072011
2681 134675485
2507 93241942
1596 11003851
3469 498607047
207 379
2738 150991267
3757 722388655
2077 38291568
3817 786172814
1366 4982309
1437 6462177
1598 11071775
1411 5784364
912 685005
2842 177451969
2891 189021111
3319 394105702
3350 414690741
1483 7546393
1793 19028543
341 4692
3811 777962204
487 26959
3875 845608624
1095 1656298
3126 294516437
564 60697
3051 252088727
1873 23741844
3065 259645815
577 69642
3466 494325958
878 531842
1090 1612093
2765 158286912
1770 17901100
3460 488663636
3087 270880504
3194 326862027
