30000000 2000 2000 1 4002
11240203
11496298
23068590
15945937
8135050
708276
22860502
29999085
7654875
2677006
27982457
28798762
5253970
11224196
17754619
28430628
29999172
4053515
14185314
10327860
11048131
19915432
19979457
21035840
6870579
2484939
22076237
11608343
17226410
8727260
804313
3957481
9735629
11384252
964368
9351492
4565707
3381261
16266046
20875776
11352243
7926969
24829247
6726527
29038851
6854575
12024501
29999017
23148618
22396353
4325619
15225683
7942976
21403975
1828690
29999079
2276855
28318583
24173004
18763009
17562540
9959714
4917841
27198147
17866662
15785877
29999093
19675345
21644062
16057976
29535032
6134312
260097
10663984
11848436
16474124
4773790
25405466
18859048
2580971
29471005
10631976
8535186
12808797
23884894
6614486
17642572
19419260
3749400
3365255
17962701
3013124
22972550
12776783
22668448
16234045
19963452
23852882
7030640
5958250
28094501
3973486
29999018
2757037
11016118
16874276
29999034
516201
29999032
15865907
2084782
20731715
16330063
9031366
18410876
29999050
26669965
17994715
11640354
36014
23644802
612237
17274429
22252300
24717217
7574842
21323943
1092417
468181
23388702
18266820
3541318
29999104
14425398
25117351
29999175
4229585
12664740
2420914
22828488
27118113
8407148
7558838
24461114
12648733
8215077
29567044
3173180
29999077
23532757
14409392
5894224
9047373
23436717
2148807
10792033
2612984
1236474
29759114
14569456
17018331
2100788
7974989
20907790
21884158
26109747
15385741
6950607
21724093
20795742
19435265
29999128
3989488
8663234
21275923
8439159
14393385
2196824
29999062
22284313
29999120
21451995
2548963
28766751
13657122
5734158
17898675
29999170
10583959
29999055
27646322
29999179
9143410
14313358
23244648
9255457
13817179
9655596
26830018
23724836
23612788
14745522
7814932
23964926
16698206
29102876
7318749
19163173
24557151
29935180
5334000
196075
7174696
15561793
1028396
9895690
21660068
148057
22796477
16762229
3733394
13977238
212082
22812484
11064138
17098356
25517514
16442110
16618179
10311853
29999011
26189775
20555652
5878217
5109915
17850656
21564037
5414035
26990071
24733222
27870411
4853816
13064892
18554928
28158519
19195183
27054092
4533696
24845249
10295847
15145658
29999164
19803392
29695093
16186026
23132611
25341441
6694514
25661573
3477300
24685205
5141927
26397856
13032884
29999002
740287
14345370
2356887
1860703
12120534
24589163
17626567
25565534
26878038
29999148
7590849
7158690
29887161
29999143
2372893
22636435
4901834
20715709
15657831
29999152
6310373
7766912
23484738
3621351
22236298
4389646
12792790
29999203
28302576
25965688
10343866
17786632
8839295
26509902
15497780
26653960
28030476
23340682
28126505
2981115
11816423
22508401
14825553
29999039
13849190
20379596
2068776
28334589
27534278
484188
19627327
14361375
1508579
14553450
10968097
25261410
9383506
14153301
26253801
28622701
16730216
24349072
23116607
29999177
24477120
24973297
25853640
3029131
29999178
6118309
15881913
29358970
13785169
12872823
10375880
1636619
18474900
14009248
21836138
7702894
14809546
27902423
17082351
2260848
8311110
19755371
16506135
15481774
22892515
164063
7062651
21259916
5718151
15033627
12408640
17658579
28750744
3941474
11112155
27454248
11160171
28142512
25933675
24028949
15625819
2004758
2869074
29999192
22684455
84032
14937589
5782177
1556592
24237031
11832430
1300500
2180819
25133358
15161665
29999185
13641115
11672368
24669198
27374216
1284493
5061897
11144167
2644996
19243200
27438241
14953596
19883419
20603665
13609104
9543552
12136541
11128161
14585460
13673127
27630316
4821805
19931438
4645738
10487922
660257
26942055
5430039
14793539
436170
6086298
20667691
29679090
8455166
8871306
8775275
16602172
1956742
29246930
4581714
2917094
29999142
17322447
13705138
2628991
26717979
8167059
12280589
4341625
17258422
28190533
17738612
12632728
29775120
12376629
29166900
7238721
12968861
17466501
13272970
6422414
5622115
18458893
13336997
8103036
7718897
4485679
292111
3893458
21500015
22844495
15737859
20475630
19355236
14633479
20523643
24445107
6326375
2388900
25597546
18170780
29999173
16009960
5173941
11688373
22924529
20571654
3397267
13176932
18730996
24781237
1684636
29807131
8119043
29326957
16490130
15641825
26782002
852333
18602945
25373455
17210403
676263
5125921
18698983
14025255
28414621
25533521
14921585
13529074
9927703
6598480
13721145
21548031
27678334
24909271
17802638
19563304
18971094
24429100
29999003
24365079
10856058
21900165
28238552
29999096
1444555
11656361
19179180
23500745
18394869
6166326
4117542
24012944
1204460
15465767
4373639
14281345
26317826
25485500
21692082
29999107
29999200
22476388
8375135
6886585
10776027
17066345
9639589
3877452
24525140
1108424
13577092
9527558
10135786
28958821
27806385
29999082
8887311
3061144
28286569
20859769
4069522
6454423
23100600
19291215
10263835
18058733
5350007
22268306
4037508
12488672
6710520
29871155
25613553
10840053
26541913
9623582
6550461
11720387
26814011
16554151
8055015
9511552
11464287
20027478
27006078
10231822
13993241
13192939
12680747
29230924
29999155
29999197
29999019
21532028
19371240
324122
18090747
5846205
8951337
8903318
12888830
17914681
29999161
7734901
20747722
12904837
21484009
28654707
7462802
15193670
17482508
29503018
18138767
28974827
28382608
25293422
24092974
11592336
5590102
20171526
26621947
29198913
26894037
27406229
29999067
10551946
12936849
5382021
16138010
27694340
25837634
6070292
19531291
27278178
20155524
27934437
8599213
15529789
24509134
16970311
25245403
23740839
29998998
29583051
564220
12520682
16858269
4453669
6966613
2404907
8567199
19083140
28366603
18955087
10904071
12920842
21756106
7670880
14601465
29999145
22876508
16202033
23980931
8071022
3429280
13769166
14233331
17034335
15353729
13881201
19403253
17546534
9159417
29551037
4789795
6182333
28494654
10183804
15913926
15113645
3189187
10808039
8343122
16810248
28478647
18218800
28590689
8967344
24397091
23356689
3669370
29999125
3301232
27486258
24493127
24253033
16586165
9175424
21179891
25645566
9991728
6278369
11736393
452176
20331575
24076968
22940536
12984867
6358388
2789051
23676815
15769870
18634958
24749226
6502444
12840809
22108250
26958057
14473419
17978708
10359873
18378862
14969603
23452724
23820871
3413273
12152547
28814769
3685376
26846024
10744018
12328608
19659340
19131160
26701978
8023003
12344615
9847675
1412543
6486437
900346
27710347
2308866
17114363
18747002
12360622
29118883
20411609
5686137
29999099
24333066
5670132
18666972
9767642
15209677
5301988
9399513
4469676
11368247
20347582
26477889
11512305
28702727
18250814
2773044
2596978
27518271
3573331
20219541
29999199
7206710
23596781
15401748
26221788
22188280
16282049
3493307
29999021
16538146
5077901
22428367
7494813
8039009
3141176
29150896
25437480
2340880
17178389
25821628
8983350
9591570
25981694
29262936
16954304
18330846
8631222
7878953
13224951
7990993
5654127
26749989
6758537
10087766
29727101
11528312
2933098
2532956
22540403
6054288
8583206
1188454
8711253
19483282
6582474
14841558
14089273
628244
22748475
17162382
10728011
12248580
19947445
29999167
1492572
24877262
6806556
8999353
12552696
29999065
15577800
6678511
28510660
9943707
17594554
13961231
21067854
18282825
13353003
2436921
4997870
17402477
12008494
21115871
10039748
1076411
17834650
3317239
8855301
27790378
17882669
11032125
21227907
29999146
22364342
29214917
29999084
19787385
24317059
29999201
15369736
1044399
19595316
7510819
16073983
29999160
3125171
28686720
29342963
22380348
24108981
25805623
5606109
20139517
5366014
26525909
20107509
25021315
28718733
10423897
10103773
12584708
3253213
11880446
8391141
4549701
5926237
7302745
7254727
21740099
10023742
29422988
1796678
14057262
18570934
28206539
4357632
23276658
1252480
24124988
10119779
28782756
17530528
340129
23548762
5478058
22492394
9223443
1652626
3557325
26013706
28526663
532207
2324873
29294950
21468002
17450497
28222545
980375
26237795
27566291
29999081
9687610
18202793
14169308
996382
4517691
15897919
4693758
20683698
4149556
18907069
20059491
22556406
9431527
19499283
9559557
12456658
16089990
15081640
18186787
14697506
15609812
16714212
22460381
8295105
14537443
8919323
1972745
29999052
7078658
4421656
20763729
52020
22092244
24156998
772299
16986318
23660809
20955810
20075497
6438418
10920078
29999033
27358210
1156442
14137294
23836875
26974064
29999091
27838398
21980199
4213579
8183064
8087029
25725598
29647076
22780482
29999004
4981863
29999078
29998996
12088522
16170022
18618952
9239450
10439904
19611320
18074740
9415520
5990264
6790549
6742530
10071759
13256963
29999158
9799655
23084597
23772853
22204287
21099868
13865197
12600715
29999073
25101348
24205017
25165372
11928463
26429869
26685971
27214154
29823138
16041970
29278943
5574095
1620613
372143
25389462
21195898
8807282
16378084
26637953
20779736
9127403
1748660
10503928
21307936
29374975
28014469
26349837
26413862
25629559
26926049
12712760
23468731
4805801
13000871
1396540
24637184
29999001
18234807
9111396
4965856
21596048
8279098
2244843
1908723
3093157
3653363
29663083
23804867
17946694
23308670
3269220
29999007
1988752
4885827
18650965
2901087
6374395
23020570
23324675
11784413
26557920
14649486
8231080
13208944
26445876
22764475
26333832
26765996
276104
27966450
11320230
27262173
21868151
6262362
3109164
6150319
18843042
29999022
6246356
15337723
4757784
13625109
17306440
16314058
788306
29999137
7366766
19211188
22588416
29999124
29999059
4949851
29999045
7686887
5189943
14105280
5446045
12504677
6902591
9751636
20363589
19275211
116046
26605940
28878793
29999064
13080896
25549528
2116795
3605345
2052774
14457412
25213389
21163889
29999069
29487011
22156269
28670713
19035121
5702144
21788118
10007735
26910042
4501685
11176178
12616721
4085528
11768406
29967192
29999027
8487176
27326196
19307219
18010718
15593805
9911697
20299562
24060963
25917668
13913213
6998626
25741605
20891783
24893266
11288216
11896452
17146376
21612054
15001613
5510070
10407890
14857564
7110670
4741778
22348335
1668629
21820131
1732655
1924730
8551192
2997118
12264583
23260651
10519935
25053327
3333243
4677751
5766171
1764664
6342382
20443618
884339
6534454
1316506
23708829
100039
18346852
28990833
20251554
9815662
27294185
16154016
29999046
24701210
29999089
7782918
4661744
18682977
5862212
3797420
29182907
25197382
11000111
16250044
9287470
23196638
1876709
20427616
580225
20923797
11416266
4613727
9719622
18827036
1348520
19867412
10567953
23580775
3525313
20635679
2228836
26093740
23404706
5013876
10695998
17706598
6230351
8743267
5526076
14201321
6918597
28174526
27310192
15993953
29711100
21852145
15833894
7382773
16890279
27502264
28046483
9207436
27166133
12824804
29999165
6406407
10888068
10824046
17386470
6038281
25037321
2661001
18442888
29999105
9367499
4933848
25469493
12728765
25581541
18122760
29999087
29999103
19691350
7270733
18106754
11944469
24285045
13112907
28574683
4245591
13801172
13048885
20987824
21339949
24797238
27998464
3461294
28862787
7222714
20267551
21804125
8327117
19051128
756293
26798008
10247829
1476569
2853073
17610560
29999131
27886418
12168554
9879688
23628795
25085341
28830776
24941285
27742357
7910962
10647982
1172447
1700642
8263094
3861445
24605170
12232573
23948919
29519025
23420711
23564768
12536689
9447530
9575564
15689844
692270
13401024
9015359
9271464
26173770
28350596
24044956
19115154
16842262
1380533
24653191
20971817
19259206
6022275
7046647
29999041
11752399
17050339
28606696
11272211
6390401
4261597
29999186
5974257
20699705
1572599
180068
21580043
19147167
22700459
5558090
2164814
21355956
9975721
14505431
20123515
2036768
17930688
29086869
13160925
28942814
28638706
17578547
27598302
24269040
29999133
17498514
1140436
12312603
16794241
16426103
25501507
11704380
23996938
26733986
14905579
12296596
29999028
27726354
22060231
27662329
3205194
29983196
20187529
27134120
29631069
228086
13385017
18891062
12952856
29999008
21916172
25709591
25949681
20939804
29999009
12056509
9463537
15801882
14489426
27022080
5157934
22300319
5093908
11256204
10167798
7846945
17514521
12568702
5542083
25453487
2212830
21996205
15929930
26205781
20539649
8519180
29999102
9479542
18298832
24381084
19723360
5814191
19547298
19227194
21708088
8615220
12856816
13753159
10599963
18987100
29999030
29919173
25181377
8759274
26862031
404156
18779015
19323224
21516021
1428548
9079383
15241690
6646500
26461882
19067135
19019114
23052583
1524583
7750905
13433032
16362077
23228643
7126677
27470255
23868888
19995464
22716464
3765406
2132801
8006999
11960476
6662504
1844696
28254559
29999040
10760025
23180631
1812683
308116
724281
22044225
3285226
14713512
15673838
17242417
29999111
388150
5221956
27390222
23292665
12040504
24573157
21019838
21932178
25677579
3701381
20811748
5462051
26493895
26269806
20395603
24189010
9703616
1780671
3157180
15849900
2837068
27342203
6294369
820320
29951187
21083861
15129651
23212638
8151055
22732469
22604422
27070099
29999035
29455000
28446633
5750164
14249338
17722605
7430794
15049633
29998997
29999098
29999166
19099147
16522140
26141758
19819395
25069334
16346070
23004564
18939082
7414787
1268487
22956543
8823288
948364
29999043
2821062
29999196
6198339
27918430
13144919
24765232
21964192
9335489
8423155
18490906
21772111
25789616
9095389
6102305
29999075
1012389
3221200
4277600
7958983
20507642
29006839
20651685
12072516
26045719
22572410
29839143
27550285
17194396
15977946
16650189
4629734
29999072
29134889
4709764
13016878
10872065
12744770
25901661
11624348
4293607
7286738
21948185
16746223
27150127
9863682
7622862
12216566
26285813
19579311
27038085
18795022
25757609
11432273
26125754
23932912
9607577
13945225
19771378
14265338
11192185
29791126
3717388
26077733
29022845
24925278
14041258
20011471
12440651
16025964
10984104
19739367
23900901
1332513
14873566
6822561
22444374
17338454
19515287
29999025
5798184
7190703
29406984
3589338
27246167
1460562
16634182
16105997
11336237
28542670
18426883
1892716
8935330
5638121
23788860
27230160
13417027
17370466
29999188
9063378
13288976
19387246
28926808
15961940
356136
8503179
29999006
9671603
21243911
29999038
1604609
20203535
1060405
17290435
18506909
29999013
18538923
1220467
15065634
17690592
20315568
11912458
15289710
932359
12184557
244091
27582296
10952092
868340
28078494
13304983
26381849
16922292
12392633
3045137
17002325
11208192
26589934
4101535
16218040
10391885
27950444
14217324
29999044
13465046
20283557
26301820
16570158
29903167
29999151
8199071
2564966
27854404
2709019
13833185
22124256
15305716
29743107
14329365
24301052
20091503
24413098
20827755
7862946
23692822
23164625
5045890
29999112
21628056
14121287
11480294
20235547
29999026
15721853
18042726
2725026
4165563
2949103
25005310
5237963
29999049
10936085
14441405
4597721
28910806
28894800
596232
9303475
28734737
15417752
21387968
20843762
132050
68027
22172274
19707355
13128913
27182140
13449039
17674585
29999195
14377378
25773609
29054856
14617472
4181570
17130370
29999092
5494063
7478809
28110507
14073266
10471918
6774544
26157764
29999159
10679991
4405653
4133549
15433759
13481053
29999005
13497060
10535941
15257697
25309429
5029883
3349248
13320990
19467275
11576329
24621177
10215815
15705846
13689132
7798925
27758364
5398028
2693012
4837809
24861255
3813426
6006269
2020762
10151792
5269974
17818645
29599058
23036577
2468934
2452927
26573927
23756846
22220291
11096149
2516949
25357448
25421473
11400259
26061726
29999144
21147883
12696754
16410096
18154774
29999109
24140991
24989304
4869820
11560323
10055755
14521438
4437662
16458117
16682200
7398780
19643333
21435989
5942244
8791281
5205950
7894957
8359129
16394091
7094663
2741031
25997699
19835401
4005495
4021501
8695247
11544318
13561087
18714990
8247087
21371961
11448280
29999047
27774371
22908522
6982620
6214345
27614309
548213
3909465
15321717
28462640
25885654
18875055
24813244
13545080
13369010
15545791
14681499
2965109
18522916
12104529
18811029
6934600
7446798
18923076
5830198
23916907
1540586
27086102
20043484
18362856
7638869
20587659
29999074
7830939
14889573
16122004
9495548
17770626
16298052
7526824
18026725
10279840
9191429
916352
27102107
24541144
29999100
7350762
12424644
27822392
2805056
15097640
29999140
1364527
15273703
14761526
13513067
29999157
14985610
12472665
29390980
24957292
12760776
22524396
21211901
3845438
22620428
16826255
12200563
9783648
14665492
8471171
23372695
22652441
10615970
6838568
9831669
11976483
2885081
11304223
19851408
29999058
17418484
21051847
7014633
7606855
22332330
21291929
21131878
3925469
14729516
21003831
29070863
22140262
3237206
6518449
29999139
644250
420163
29310954
3445287
14777532
5285981
28062488
22028218
25325435
22012212
26029713
10455911
3781413
2292861
25693586
28270564
4309614
25149365
15017620
29855149
20491637
11864439
15177670
1124430
17434490
1940736
1716648
20619672
1588606
10199810
17354460
25277417
7334755
13897207
18314839
29999060
25869647
20459623
3829431
22316325
29999198
4197572
24221024
6566467
16906285
2500943
29999023
9319482
20007
8679240
22412360
15449760
5317995
29438993
6470430
3509306
10712004
11800420
13737152
16778234
28558676
26365842
3637358
21676075
16938297
500195
21419982
14297351
5910231
3077151
15753864
18586938
4725771
13929218
836327
28398614
11080142
7142684
8647227
19003107
25229396
29999149
11992488
13096902
19339231
6630493
28846780
29999016
23516751
13593097
15513785
15817888
16666195
7542831
22988557
19899426
29999037
27422236
13240957
19451268
29615063
425 1
434 1
587 2
3749 524635234
2645 15138679
3665 418333290
1479 37402
1155 2843
1045 824
3102 79806682
2584 11927801
3633 376960120
3864 715053945
2557 10859583
3599 337422192
3235 123990771
613 3
2431 6537065
3283 143582393
3975 932197179
1580 83099
943 282
2952 46725782
1377 15239
1028 617
2137 1806946
3451 226683603
3113 82411964
3672 425226847
2174 2156818
291 1
2211 2520321
2235 2809163
1195 4043
688 12
2198 2386175
998 479
3100 79294610
1987 731461
3905 804740740
1904 431358
3249 128648627
1665 131937
2345 4591531
3748 521845369
917 214
391 1
756 30
378 1
3174 100346067
1255 6175
1820 279985
849 94
598 2
2245 3017931
3185 103546634
3140 88979705
2694 18273296
1403 19944
3767 556221939
1526 53277
2155 1984138
852 101
1272 7280
1184 3643
1351 12684
3614 356698412
470 1
3755 533085555
1598 95556
3765 553281307
392 1
2648 15487348
995 459
1201 4258
2539 10115791
2541 10196106
3056 67858455
2127 1707598
848 92
863 121
1311 9878
2581 11652238
3382 183580103
1232 4966
668 9
362 1
2403 5867736
3252 131036100
3031 61894982
308 1
125 1
2742 21188995
1563 72122
2692 18137486
521 1
2175 2176817
1308 9419
3701 466258123
3121 84011629
246 1
3716 476415859
2472 7764431
2310 4141021
1730 184655
1761 212549
465 1
1262 6598
1635 109670
1392 18248
3089 76283788
2998 54922097
1458 33458
961 338
3108 81360805
164 1
3120 83475329
2132 1756640
3330 161021961
3587 328140188
480 1
3521 273979343
1300 8697
271 1
2376 5350273
1647 116684
3989 970416369
1927 523368
836 73
558 1
1985 723971
3906 808860213
2239 2885876
2058 1127689
1683 147174
2032 971693
1959 632680
1286 7769
3664 416057890
1146 2506
2852 31489201
2912 39647240
2030 952433
3942 872972568
134 1
3465 233340511
808 49
1578 82042
3882 752878976
1366 13909
2640 14797092
3389 185765555
2607 13089675
2244 2991093
3302 148896389
3865 718757920
2324 4286560
1111 1667
2491 8418736
795 43
1486 38986
1433 26294
71 1
896 169
3876 737538112
2691 18002585
3452 228001144
2010 835394
3781 571137181
1993 754354
1150 2694
297 1
2863 32849221
1039 729
3540 286705553
3544 289969099
418 1
248 1
1767 217550
3338 162964301
1854 335062
1821 283172
2470 7639201
2363 5000138
3043 65242132
1469 35877
1 1
744 26
1331 11739
2111 1582785
667 8
184 1
2908 38833992
3447 222771990
1283 7644
1081 1048
3507 263263453
2935 43948077
1682 145406
2264 3298477
1529 53994
537 1
3722 484164390
3520 272424855
3572 313766165
1492 40629
2937 44249193
3751 527438514
1093 1275
1840 313360
1382 16188
2911 39374471
2683 17603283
827 62
829 65
2992 53472093
578 1
3060 68751316
3511 267808898
2185 2279333
3224 118016485
2791 25236367
2394 5722323
215 1
2151 1929406
2513 9195437
2161 2059286
1388 17190
2120 1659792
1378 15471
402 1
3997 985108241
2367 5085681
2045 1052287
1332 11923
1865 358108
3399 193600276
2457 7156254
62 1
2932 43055761
3349 166912369
1172 3221
374 1
3777 565128429
1542 60844
2346 4630994
2368 5128945
2909 39103391
1627 106972
3497 252926258
270 1
868 130
1016 556
2383 5580160
192 1
2216 2637253
3489 250040650
3395 190206843
3769 559176631
2642 14910175
1031 231651278
1360 13489
3262 135931043
3438 216387448
3164 96014817
1809 264529
2143 1876038
426 1
1211 4561
1373 14560
162 1
3470 238792149
1799 255628
1968 666487
3304 149799062
3154 93024876
2821 28714801
396 1
602 2
1976 694694
1106 1575
389 1
968 369
2377 5395557
614 3
3306 150706657
3421 206514115
2884 35233784
2092 1370669
1800 258565
1189 3838
2888 36230432
949 302
3079 73853800
3854 704044863
1023 592
4001 995013722
2267 3357324
738 23
3556 298274735
923 225
1117 1798
2212 2543327
3531 280277447
1835 306412
633 5
20 1
2428 6429814
1127 1937
3006 56784321
3623 362671455
37 1
1438 27058
2549 10523139
2717 19682606
2786 24339966
1152 2793
1442 27842
3195 106838784
102 1
438 1
3352 167912740
3107 80839764
818 56
2930 42761966
993 449
3618 358679514
1518 49821
84 1
2824 29334745
2512 9122255
3881 749017077
7 1
3861 711367158
2020 878781
3022 60280071
3597 333681407
309 1
2590 12304338
2055 432577617
1789 244180
1113 1699
2184 2258489
2646 15254109
3902 792495365
2684 17735489
32 1
1601 96768
390 1
2067 1207919
1551 65835
2101 1466244
1606 99233
2678 246259610
1082 1069
2369 5172540
3764 550354673
1930 540313
1642 113832
1711 162028
50 1
1171 3164
3373 178217351
3916 821332757
3841 686034979
1422 22756
2925 41319879
837 75
1370 14123
3837 675429135
2706 18966173
327 1
3628 370775515
617 4
3687 444112317
371 1
3662 413793635
895 165
2370 5216468
732 20
1886 404095
889 154
103 1
497 1
897 174
3472 240172846
2915 40475784
1885 399705
1592 90844
2635 172282622
2885 35480605
3938 864168078
1265 6818
3551 293266041
3052 67415949
3988 965563084
771 32
3603 345017200
791 39
2041 1011267
1775 225250
2517 9418166
2109 1552894
1185 3707
1375 14783
3637 383237415
1451 31188
800 44
1891 417526
3762 544543168
1925 512339
3500 257310887
2776 23472324
1966 652774
3313 153459215
1765 215037
612 3
3366 175067789
149 1
2297 3896990
588 2
1257 6279
249 1
1774 222657
3131 86187977
3255 132649825
294 1
1464 34891
1165 3000
2177 2196981
214 1
1009 511
2158 2021397
2362 4957854
3555 296596682
2523 9722689
624 4
659 8
1224 4800
1981 709196
3552 294927130
1916 475363
1532 54719
2602 12889224
725 18
2783 23989505
1572 76938
1196 4114
1909 445601
366 1
2062 1150108
1094 1300
1512 47846
2872 33548859
3172 99090973
625 4
386 1
3138 87853395
413 1
3786 577203372
589 2
2407 6016467
2100 1452233
2788 24695029
2152 1947497
1914 465249
2366 5042746
2790 25054746
1303 8979
1500 42918
140 1
1757 207652
1448 29893
671 9
1727 182487
2938 44552165
1590 89699
1310 9723
931 252
1145 2461
503 1
2126 1691527
1105 1545
2507 8977460
3935 859795873
1928 528963
1662 127183
1657 124100
1176 3337
494 1
511 1
3934 855443587
3976 936899299
569 1
882 143
3070 71029911
2237 2860098
2659 15963479
3647 396075020
1670 135195
2970 49660507
3562 308523745
535 887769361
3402 195892733
2797 26351200
1674 140217
1751 202857
1294 8155
1732 186847
832 67
2685 17868588
1089 1179
2795 25974761
794 41
411 1
3208 110913528
116 1
3591 329977989
3646 393908906
217 1
3987 960731655
2823 29126771
22 1
840 79
2204 2474870
2534 9956866
3377 179278481
3405 198209593
1505 44709
2153 1965741
3610 354727163
3696 456295722
3565 310262392
3780 568125656
2302 3965357
1852 331354
1304 9124
2945 45782811
905 186
1967 659598
675 10
2195 2321542
2060 1138849
3640 385350657
475 1
399 1
1873 378392
1410 21465
3263 136762677
2546 10358461
1321 10857
2430 6483240
3200 107508408
3293 145334444
1915 470282
3299 147105714
1298 8558
2985 53115019
2676 17211971
322 1
201 1
3560 305072732
656 7
2744 21345198
1447 29472
2946 46095214
3201 108181806
3813 631154937
1426 23769
2629 14134647
1247 5588
3840 682483162
230 1
1181 3456
1024 605
2994 53831327
3431 211398909
2653 15605167
3075 72429470
1540 59258
2395 5770429
1863 354171
911 195
1077 1027
2473 7827736
2984 52760092
3449 224069057
1978 701912
2708 19107552
1511 47203
3354 169929686
1169 3108
1258 6383
2456 7097859
124 1
2444 6868546
3144 90118995
2811 27906557
3981 946367631
1040 744
893 158
430 1
859 112
2468 7577270
3228 120225779
592 2
1449 30319
3677 162152896
3535 283475102
1910 450442
2303 3999943
682 11
2136 1790035
628 5
1404 20240
3012 800124930
1151 2743
3925 842505438
2065 1184488
2256 3183559
1260 6490
3800 602052327
3040 64390419
74 1
3409 200551085
2196 2342909
2963 48336305
1493 41191
1719 174040
2214 2589907
1714 167937
3481 248608987
574 1
3894 776429106
2307 4069932
2520 9493481
171 1
8 1
730 19
2480 8020449
3626 368734366
3317 154386739
2438 6645923
1101 1431
409 1
1114 1731
759 30
2530 9878249
88 1
3548 291613377
2018 861189
1330 11557
286 1
18 1
835 71
1466 35381
1720 176118
1698 156307
3204 109540004
76 1
1509 46568
437 1
3095 77776088
3420 205308900
1174 3278
2914 40197888
1148 2598
2586 12114753
3694 453835250
1162 2894
1541 60046
619 4
1872 374255
59 1
2812 28106674
2466 7515791
3982 951134016
2144 1893678
1994 762126
1721 178218
3014 57928744
1613 100487
2887 35978920
1494 41759
942 276
2409 6066793
2105 1509009
2670 16828504
1943 587941
525 1
278 1
410 1
2542 10276995
3021 59882315
1190 3906
2241 2938061
2170 2097812
847 89
1787 241391
1252 5974
2332 4436688
1716 171984
189 1
784 38
834 69
64 1
123 1
1064 987
3002 55660287
3251 130235882
3534 281872194
365 1
2522 9645739
3261 135103962
1059 948
1208 4483
1857 338808
2200 2408076
1655 122584
232 1
2604 12989102
1188 3772
1537 57708
2139 1841200
3907 812998655
2721 19975933
2236 2834528
2528 9800191
126 1
3922 833978127
1565 73063
3559 303360288
2883 34988510
1940 575693
1690 150768
2002 802082
3360 172996005
1137 2205
3230 121719248
801 45
2578 11561665
2761 22632617
279 1
878 136
860 115
623 4
3820 641133467
2340 4513512
251 1
1501 43507
1405 20540
2803 27118845
2868 33080960
247 1
673 9
3094 77275761
2846 30610898
3973 927516309
2729 20423304
3804 608413096
851 99
3104 80321728
1783 233195
3774 562145440
2960 48010260
2418 6220051
3417 202917443
2025 914940
1048 841
3166 97234812
1561 70273
1118 1832
631 5
2471 7701587
3460 230656923
2487 8217421
2956 47364102
2128 1723807
780 36
1619 104334
894 162
1826 296250
2724 20124067
2087 1344411
1420 22426
2085 1331453
693 13
318 1
1640 112429
1381 15946
2876 34261879
548 1
1898 426702
1705 160100
304 1
3394 189087653
3367 176112032
283 1
2443 6812270
1053 875
3651 402637839
1323 11202
1739 193564
233 1
1454 31630
850 96
3878 741346718
1168 3054
1356 12881
1825 292930
3931 851111140
129 1
1931 546070
1083 1090
2858 31936801
1523 51870
2019 869945
915 205
226 1
3729 492026159
1428 24467
3745 513555704
2095 1397386
3477 242955815
2893 36994490
731 20
3650 400439440
2306 4034801
2831 29966708
2008 826951
2969 49326431
3237 124756380
3785 574163067
565 1
810 50
2589 12209215
2801 26732543
2944 45472315
2902 38300200
1297 8422
1206 4407
3561 306793871
2814 28510789
1316 10357
734 21
3216 113002891
2034 981453
1545 63295
3039 63968327
541 1
1740 195850
3240 126300375
3231 122472226
2102 586067390
3928 846798450
2848 30828382
1391 17978
3227 119485247
948 295
3727 489392897
1552 66702
523 1
642 6
1036 699
2035 991302
3842 689603424
1096 1351
530 1
3381 182496078
3891 768506428
1042 775
714 16
965 353
1632 108313
3220 115843797
3757 538786951
755 29
1457 32993
1912 460265
959 330
636 6
2630 14243166
883 147
3585 326311604
3080 74334149
1745 200496
239 1
1843 324047
481 1
570 1
1883 395358
1667 133557
3413 201731141
3795 592623352
460 1
3072 71960217
996 469
3407 199377246
3807 614834284
2454 7039894
1432 25919
2459 7274341
867 127
689 12
3396 191331991
773 34
2514 9269148
2404 5916941
408 1
970 386
3636 381134608
1574 78945
2359 4874249
3003 56032719
704 14
3743 510818936
3822 647864466
1228 4882
1841 316886
2476 7891505
224 1
2822 28920126
1929 534611
257 1
3390 186867037
2618 13499014
1673 138524
2644 15024036
3605 346939832
3000 55290083
969 377
1693 154440
3494 251479729
1424 23089
3867 722479154
254 1
1104 1516
3109 81884866
813 53
2003 810296
2 1
691 12
567 1
3478 244358153
2598 12691541
3801 605225191
2747 21502436
953 309
803 48
2309 4105338
1058 930
792 40
355 1
1116 1764
2750 21980426
3598 335547108
3504 261763808
1267 7045
2556 10774576
1349 12490
1743 198161
1359 13284
1880 386792
1550 64979
2796 26162371
2266 3327784
2955 47043968
354 1
2619 13603133
1983 716549
2964 48664341
1583 85249
1487 39527
2497 8624479
195 1
2118 1628593
1133 2086
1713 165946
2260 3240560
2054 1105665
564 1
2243 2964470
1874 382571
3811 624580466
3259 134281414
1971 673440
419 1
466 1
202 1
3344 164927703
3419 204110019
2215 2613484
122 1
3169 97850025
3468 237418600
2021 887698
2861 32618943
3238 125526241
3843 693188565
562 1
213 1
2197 2364453
1758 210088
2326 4361043
2274 3477862
861 118
1376 15010
334 1
3430 210168060
199 1
2941 45163716
359 1
501 1
23 1
3678 434577261
2135 1773267
3697 458768194
2805 27313873
524 1
3944 877405016
825 61
2585 12020950
146 1
2322 4249750
1514 48496
3479 245767772
3581 322681924
1044 807
2224 2759045
1236 5137
3789 583327490
2277 3508599
2763 22798362
1052 858
65 1
1935 563675
1945 594153
2439 6700961
3434 213880089
815 54
1054 893
2490 8351143
2415 6168582
1450 30751
296 1
3644 389608633
398 1
1266 6931
1534 56196
2896 37773020
2361 4915891
39 1
1589 88567
686 11
579 1
1131 2011
2802 26925070
736 23
131 1
2982 52407301
1652 119601
3146 90693548
2479 7955742
3819 637791627
3710 471312363
1485 38451
550 1
3738 505384743
135 1
1214 4639
929 241
526 1
1122 1866
302 1
1043 791
3689 448950095
1525 52569
2728 20273188
3700 463749342
2929 42469977
1919 485674
3004 56407394
2282 3634005
3092 76778332
388 1
1779 230519
2437 6591291
1923 506903
3970 918217978
1793 246998
285 1
721 17
2173 2136986
1329 11379
3903 796558393
182 1
1455 32079
3035 62716948
2005 164121759
2583 11835302
2658 15843227
3759 541658178
3250 129440065
990 439
914 200
2591 12400129
1095 1325
2015 852512
3045 66103971
3480 247184706
2246 3044985
2080 1268333
1871 370158
3880 745173015
3229 120970439
1543 61651
2069 1219791
2268 3387101
3015 58314805
2749 21820044
3657 409298366
739 24
3222 116563993
1616 101755
2713 19393161
1658 125633
265 1
2608 13190948
3883 756758787
1861 350272
1679 141928
2251 3099750
3 1
1947 600424
3900 784425216
3607 350814051
3068 70568829
3821 644491058
3378 180345294
1818 276831
1807 261532
2388 5674577
2000 785879
197 1
603 3
2414 6117497
3580 320880746
2222 2709734
650 7
2597 12593726
121 1
2515 9343390
395 1
2981 52056634
179 1
3159 94808617
2933 43351371
1784 235899
3669 420619884
1474 36379
783 37
3577 317305510
1339 12298
4000 990049832
1372 14340
3523 275541810
1475 36887
2108 1538140
1386 16935
3398 192463126
3851 700409215
1400 19364
3404 197048099
2271 3417115
772 33
3688 446525309
307 1
3298 146217665
1881 391054
3436 215130481
3698 461252716
3266 137598887
2083 1305874
3165 96623082
2042 1021385
3582 324492197
1576 79965
3557 299961328
1379 15707
2881 34744773
857 109
925 230
2028 942932
2130 1740154
966 361
3217 113707176
901 178
1502 44105
2180 2217314
3600 339306701
2782 23815983
2227 2784003
2458 7215080
393 1
2294 3829687
2695 18410020
615 3
1506 45321
228 1
1029 630
2165 2078469
2284 3698208
3450 225372918
256 1
3904 800640159
2149 1911467
1643 115250
1407 21153
290 1
456 1
2892 36738208
2483 8085629
2450 6982356
2715 427335686
3466 234692814
2681 17471965
2997 54556317
1384 16682
978 412
143 1
733 21
2114 488158160
3345 165917366
1593 92002
1102 1459
337 1
3655 407067254
2756 22467957
1988 739022
3510 266285963
507 1
2647 15370330
61 1
766 31
1701 158193
2401 5818900
342 1
3244 127861547
1917 480494
2660 16084551
3458 229325574
3343 163943357
1440 27447
144 1
3223 117288215
2626 13919839
2049 1073353
1251 5875
2076 1243849
1087 1134
2300 3931040
118 1
3832 671926788
3268 138439697
802 46
2279 3570806
1163 2947
2849 31047254
3643 387474381
2807 27510163
1125 1901
918 219
3328 159100480
2751 22141868
2350 4670761
348 1
652 7
632 5
2043 1031594
3155 93616071
928 235
2632 437737981
2280 3602281
3218 114415409
3308 151619198
2980 51708081
2259 3211946
2465 7454762
2325 4323657
264 1
3019 59093883
2894 37252380
1443 28242
1419 22102
590 2
3897 780417944
1383 16434
3188 104197664
3081 74817307
3178 101615450
3213 112302534
2213 2566522
3034 62304745
442 1
1932 551883
2624 13707973
3570 312009852
2107 1523512
3498 254380271
3177 100978963
3324 157199661
3950 886330729
2278 3539580
3685 441711067
2627 14026873
1685 148961
902 182
3681 436943589
3312 152536710
2046 1062773
2489 8284039
1533 55453
935 258
3071 71493702
1490 40074
604 3
2636 14684780
3593 331825048
954 316
2066 1196152
2486 8151285
3746 516305661
1436 26673
3467 236052166
1735 189062
2566 11031408
69 1
237 1
812 52
137 1
138 1
3939 868560282
842 83
2026 924187
2740 20879672
3675 429879174
3256 133463376
3391 187974394
1276 7399
3219 115127609
458 1
1141 2287
1135 2125
3645 391753459
504 1
1889 413005
3730 494672166
663 8
3275 140989943
3715 473857927
1921 496186
1794 249845
241 1
1920 490905
1097 1377
2502 8764144
819 57
2253 3155399
3443 221481683
3173 99716743
3606 348872101
287 1
1559 69365
293 1
2063 1161467
423 1
1851 327682
2509 9049597
1193 3974
2856 31712290
3433 212636242
3747 519068864
2733 20726540
130 1
2121 1675592
3621 360670514
351 1
3337 161990511
2521 9569337
2859 32162742
1006 500
382 1
1245 5495
629 5
1030 644
1814 270617
255 1
1425 23427
1012 533
2382 5533484
3501 258787560
452 1
2631 14352434
2897 38035788
513 1
1317 10522
3624 364682381
542 1
3124 84551028
2799 26541255
142 1
1577 80998
2829 29754705
98 1
910 191
1953 606754
222 1
2119 1644126
1296 8287
2208 2497503
3736 502687206
3023 60680203
2665 16452744
1103 1487
2779 23643591
2577 11471727
3963 904427729
2337 4474951
984 430
1521 50496
379 1
3499 255841803
367 1
2793 25603169
2913 39921710
1911 455330
3684 439321508
2769 23133134
2675 17083284
1417 21781
1595 94358
1816 273708
2201 2430158
651 7
2873 33785034
3383 184669919
3529 278690826
1390 17712
1110 1636
2001 793943
3428 208943665
2813 28308083
2044 1041894
3658 411540477
2024 905777
3441 218921230
2357 4832925
105 1
2838 30180069
2050 1084028
1570 75953
161 1
2719 19828781
2828 29544053
3578 319088621
1824 289645
338 1
679 10
471 1
210 1
824 59
622 4
2568 11118235
2851 31267525
2702 18686234
1972 680459
3142 89547719
198 1
1144 2416
2895 37511887
3826 658080255
580 1
1957 619595
3026 61487645
2555 10690170
1536 56948
1939 569655
188 1
638 6
697 14
1963 639315
3242 127078804
1651 118135
2767 22965199
1088 1156
1143 2373
2352 4710836
1965 646013
1037 714
2321 4213225
2464 7394179
2959 47686196
1859 346413
609 3
78 1
581 1
2712 19249880
319 1
1715 169950
2296 3863207
3016 58703181
2940 44857002
2098 1424572
3066 70110442
639 6
1086 1112
2569 11205676
1219 4719
696 14
487 1
1999 777889
3139 88414936
3923 838232023
3984 955921995
2886 35728980
2668 16577149
964 345
3232 123229393
3965 909003624
1554 67579
326 1
723 17
1562 71192
3321 156256937
1431 25549
3044 65671779
3838 678947904
600 2
937 264
2965 48994380
3503 260271855
3632 374888346
3994 980188859
1264 6707
2022 896697
450 1
495 1
2705 18825735
3690 451386724
3036 63131604
453 1
3183 102899267
3889 760656584
320 1
979 421
3537 294824743
1907 440807
1100 1404
1905 436059
1495 42335
2084 1318608
3210 111606086
3966 913600346
344 1
1996 769971
2262 3269403
2094 1383969
1888 408528
1057 71949613
605 3
3808 618067694
330 1
3020 59486923
2191 2300350
3024 61082723
1722 180341
1406 20844
2272 3447368
109 1
218 1
531 1
3824 651253758
2792 25419172
177 1
3790 586411424
3380 181417818
845 87
2923 41036770
2138 1824001
1060 968
2582 11743449
3977 941622754
1249 5682
2775 23302174
2014 843914
3721 481569037
916 209
435 1
2203 2452423
2031 962019
553 1
1364 13698
3011 57163514
881 140
236 1
1290 7896
1663 128750
1594 93173
2221 2685377
1549 64132
3671 422917720
340 1
2663 16329179
356 1
1183 3580
680 10
1922 501519
3205 110224841
405 1
1305 9270
1828 299603
3901 788450998
3648 398251849
2878 34502566
3574 315531371
3148 91271396
1444 28647
2504 8834737
1838 309868
876 133
1926 517827
3038 63548726
2787 24516919
2875 34022705
2110 1567775
3270 139285128
2921 40755409
2442 6756409
2869 33314170
3271 140135202
3096 78279328
3609 352765723
2387 5627191
1147 2552
1333 12109
2609 13292927
1941 581788
3830 664971086
3798 595751470
1129 1974
1395 18798
155 1
3353 168918504
514 1
1712 163977
3810 621316400
1858 342591
289 1
2661 16206450
2890 36483525
575 1
956 323
1834 302990
1091 1226
2354 4751220
1566 74015
854 104
2293 3796429
726 18
3718 478986211
2373 5305332
778 35
244 1
1842 320449
864 124
695 13
3799 598894441
357 1
1737 191301
2785 24164164
3951 890824158
1637 111042
3099 78785497
2342 4552371
2974 50674987
2027 933517
2421 6271906
176 1
2860 32390120
1991 746652
3290 144456028
1573 77936
1320 10688
3149 91852555
841 81
930 246
3733 500002635
2051 1094798
1314 10195
855 107
1238 5224
1771 220090
2171 2117317
1021 580
2565 10945192
2285 3730691
3946 881857709
1020 568
3704 468779113
1587 87448
250 1
2291 3763431
3461 231995225
1282 7521
3171 98468740
3163 95410002
44 1
2463 7334040
1179 3396
1142 2330
2356 4791916
1462 34407
91 1
2699 18547664
2081 1280737
191 1
457 1
3134 86739932
516 1
2996 54192731
2572 11382418
2217 2661217
3137 87295065
1785 238631
3993 975291598
599 2
1000 489
3400 194743469
2972 50334774
1664 130335
3953 895338079
2839 30394797
595 2
1293 8024
3918 825528573
3076 72901476
2978 51361630
2669 16702401
114 1
3512 269339668
938 270
3972 922856604
3424 207725693
455 1
1508 45941
3191 104852375
2934 43648806
2789 24874302
843 85
1866 362085
1481 37923
346 1
2672 16955463
2535 10036045
1011 522
2950 46409534
1396 19079
3674 427547315
1681 143657
645 6
1389 17449
2449 6925241
2157 2002690
1199 4186
1934 557751
1581 84167
2072 1231767
1515 49155
1955 613144
3725 486772326
262 1
547 1
1538 58478
2808 27707722
3442 220198107
2223 2734290
2741 21033822
3732 497330973
2064 1172926
3320 155319304
3558 301656499
300 1
2625 13813541
3194 106172917
2099 1438343
3125 85093541
2327 4398719
96 1
3871 729973685
3635 379042192
1796 252722
454 1
1555 68467
3150 92437043
1239 5313
3527 277112292
2570 11293736
1136 2165
56 1
190 1
1250 5778
3203 108858999
1429 24823
3741 508095301
2794 25788363
586 1
2371 5260731
451 1
2313 4176982
2657 15723791
3508 264770827
2406 5966517
2926 41604744
3355 170946313
79 1
2600 12790039
3226 118748822
2905 38566265
3806 611616106
2492 8486821
2240 2911863
2141 1858545
1445 29057
3793 589510024
1544 62469
1033 671
3625 366703337
3817 634465472
3910 817156143
1897 422092
2551 10606359
3065 69654737
3278 141849373
2082 1293251
1430 25183
596 2
1182 3517
708 15
740 25
303 1
2250 3072257
276 1
2181 2237816
3869 726217718
2977 51017269
325 1
3050 66976042
1203 4332
2548 10440508
2495 8555401
1427 24116
2380 5487160
3440 217651020
3846 696790472
2928 42179784
3763 547441980
2378 5441185
1034 685
2748 21660716
1149 2646
3787 580258160
977 403
3088 75792112
1522 51179
577 1
1090 1202
2596 12496590
3368 177161877
1138 2246
2252 3127463
1233 5051
745 26
2427 6376785
3601 341200677
2159 2040262
1067 1007
1132 2048
3282 142713515
3630 372826826
1585 86342
543 1
305 1
1868 366101
1270 7162
282 1
748 27
1691 152594
315 1
3115 82942113
2283 3665980
313 1
3653 404847095
630 5
1092 1250
1302 8837
3957 899872575
3753 530255269
127 1
1358 13081
828 64
3893 772458625
3857 707697487
1312 10036
1776 227871
2103 1494631
3049 66538721
1958 626106
3192 105510787
1309 9570
1456 32533
3356 171968411
3756 535929429
752 28
94 1
2730 20574419
3326 158147500
380 775116894
1653 121084
1108 1605
1617 103037
2037 1001240
3362 174029122
158 1
2505 8905841
3920 829743670
2079 1256037
3602 343104163
3087 75303290
3061 69201700
1605 97994
1460 33930
1041 759
3829 661517596
1671 136850
3541 288333171
3515 270878308
670 9
3301 147998614
3812 627859957
3474 241560723
1813 267557
3254 131840741
2112 1597924
373 1
1754 205242
3059 68303572
3831 668440794
2423 6324150
3874 733747125
1973 687543
1241 5403
2498 8694059
1401 19652
3179 102255545
945 289
709 15
1625 105646
3077 73376247
1322 11029
885 150
1393 18521
485 1
2612 13395614
3042 64815016
1253 6074
601 2
463 1
2753 22304376
2088 1357483
170 1
353 1
976 394
496 1
1822 286392
568 1
3890 764572439
1013 544
838 77
3126 85639186
28 1
3329 160058625
2971 49996617
1569 74978
711 16
3825 654658998
444 1
2927 41891376
2097 1410920
735 22
3158 94210646
