100000000 2000 2000 1000000 4002
1
4005
8009
12013
16017
20021
24025
28029
32033
36037
40041
44045
48049
52053
56057
60061
64065
68069
72073
76077
80081
84085
88089
92093
96097
100101
104105
108109
112113
116117
120121
124125
128129
132133
136137
140141
144145
148149
152153
156157
160161
164165
168169
172173
176177
180181
184185
188189
192193
196197
200201
204205
208209
212213
216217
220221
224225
228229
232233
236237
240241
244245
248249
252253
256257
260261
264265
268269
272273
276277
280281
284285
288289
292293
296297
300301
304305
308309
312313
316317
320321
324325
328329
332333
336337
340341
344345
348349
352353
356357
360361
364365
368369
372373
376377
380381
384385
388389
392393
396397
400401
404405
408409
412413
416417
420421
424425
428429
432433
436437
440441
444445
448449
452453
456457
460461
464465
468469
472473
476477
480481
484485
488489
492493
496497
500501
504505
508509
512513
516517
520521
524525
528529
532533
536537
540541
544545
548549
552553
556557
560561
564565
568569
572573
576577
580581
584585
588589
592593
596597
600601
604605
608609
612613
616617
620621
624625
628629
632633
636637
640641
644645
648649
652653
656657
660661
664665
668669
672673
676677
680681
684685
688689
692693
696697
700701
704705
708709
712713
716717
720721
724725
728729
732733
736737
740741
744745
748749
752753
756757
760761
764765
768769
772773
776777
780781
784785
788789
792793
796797
800801
804805
808809
812813
816817
820821
824825
828829
832833
836837
840841
844845
848849
852853
856857
860861
864865
868869
872873
876877
880881
884885
888889
892893
896897
900901
904905
908909
912913
916917
920921
924925
928929
932933
936937
940941
944945
948949
952953
956957
960961
964965
968969
972973
976977
980981
984985
988989
992993
996997
1001001
1005005
1009009
1013013
1017017
1021021
1025025
1029029
1033033
1037037
1041041
1045045
1049049
1053053
1057057
1061061
1065065
1069069
1073073
1077077
1081081
1085085
1089089
1093093
1097097
1101101
1105105
1109109
1113113
1117117
1121121
1125125
1129129
1133133
1137137
1141141
1145145
1149149
1153153
1157157
1161161
1165165
1169169
1173173
1177177
1181181
1185185
1189189
1193193
1197197
1201201
1205205
1209209
1213213
1217217
1221221
1225225
1229229
1233233
1237237
1241241
1245245
1249249
1253253
1257257
1261261
1265265
1269269
1273273
1277277
1281281
1285285
1289289
1293293
1297297
1301301
1305305
1309309
1313313
1317317
1321321
1325325
1329329
1333333
1337337
1341341
1345345
1349349
1353353
1357357
1361361
1365365
1369369
1373373
1377377
1381381
1385385
1389389
1393393
1397397
1401401
1405405
1409409
1413413
1417417
1421421
1425425
1429429
1433433
1437437
1441441
1445445
1449449
1453453
1457457
1461461
1465465
1469469
1473473
1477477
1481481
1485485
1489489
1493493
1497497
1501501
1505505
1509509
1513513
1517517
1521521
1525525
1529529
1533533
1537537
1541541
1545545
1549549
1553553
1557557
1561561
1565565
1569569
1573573
1577577
1581581
1585585
1589589
1593593
1597597
1601601
1605605
1609609
1613613
1617617
1621621
1625625
1629629
1633633
1637637
1641641
1645645
1649649
1653653
1657657
1661661
1665665
1669669
1673673
1677677
1681681
1685685
1689689
1693693
1697697
1701701
1705705
1709709
1713713
1717717
1721721
1725725
1729729
1733733
1737737
1741741
1745745
1749749
1753753
1757757
1761761
1765765
1769769
1773773
1777777
1781781
1785785
1789789
1793793
1797797
1801801
1805805
1809809
1813813
1817817
1821821
1825825
1829829
1833833
1837837
1841841
1845845
1849849
1853853
1857857
1861861
1865865
1869869
1873873
1877877
1881881
1885885
1889889
1893893
1897897
1901901
1905905
1909909
1913913
1917917
1921921
1925925
1929929
1933933
1937937
1941941
1945945
1949949
1953953
1957957
1961961
1965965
1969969
1973973
1977977
1981981
1985985
1989989
1993993
1997997
2002001
2006005
2010009
2014013
2018017
2022021
2026025
2030029
2034033
2038037
2042041
2046045
2050049
2054053
2058057
2062061
2066065
2070069
2074073
2078077
2082081
2086085
2090089
2094093
2098097
2102101
2106105
2110109
2114113
2118117
2122121
2126125
2130129
2134133
2138137
2142141
2146145
2150149
2154153
2158157
2162161
2166165
2170169
2174173
2178177
2182181
2186185
2190189
2194193
2198197
2202201
2206205
2210209
2214213
2218217
2222221
2226225
2230229
2234233
2238237
2242241
2246245
2250249
2254253
2258257
2262261
2266265
2270269
2274273
2278277
2282281
2286285
2290289
2294293
2298297
2302301
2306305
2310309
2314313
2318317
2322321
2326325
2330329
2334333
2338337
2342341
2346345
2350349
2354353
2358357
2362361
2366365
2370369
2374373
2378377
2382381
2386385
2390389
2394393
2398397
2402401
2406405
2410409
2414413
2418417
2422421
2426425
2430429
2434433
2438437
2442441
2446445
2450449
2454453
2458457
2462461
2466465
2470469
2474473
2478477
2482481
2486485
2490489
2494493
2498497
2502501
2506505
2510509
2514513
2518517
2522521
2526525
2530529
2534533
2538537
2542541
2546545
2550549
2554553
2558557
2562561
2566565
2570569
2574573
2578577
2582581
2586585
2590589
2594593
2598597
2602601
2606605
2610609
2614613
2618617
2622621
2626625
2630629
2634633
2638637
2642641
2646645
2650649
2654653
2658657
2662661
2666665
2670669
2674673
2678677
2682681
2686685
2690689
2694693
2698697
2702701
2706705
2710709
2714713
2718717
2722721
2726725
2730729
2734733
2738737
2742741
2746745
2750749
2754753
2758757
2762761
2766765
2770769
2774773
2778777
2782781
2786785
2790789
2794793
2798797
2802801
2806805
2810809
2814813
2818817
2822821
2826825
2830829
2834833
2838837
2842841
2846845
2850849
2854853
2858857
2862861
2866865
2870869
2874873
2878877
2882881
2886885
2890889
2894893
2898897
2902901
2906905
2910909
2914913
2918917
2922921
2926925
2930929
2934933
2938937
2942941
2946945
2950949
2954953
2958957
2962961
2966965
2970969
2974973
2978977
2982981
2986985
2990989
2994993
2998997
3003001
3007005
3011009
3015013
3019017
3023021
3027025
3031029
3035033
3039037
3043041
3047045
3051049
3055053
3059057
3063061
3067065
3071069
3075073
3079077
3083081
3087085
3091089
3095093
3099097
3103101
3107105
3111109
3115113
3119117
3123121
3127125
3131129
3135133
3139137
3143141
3147145
3151149
3155153
3159157
3163161
3167165
3171169
3175173
3179177
3183181
3187185
3191189
3195193
3199197
3203201
3207205
3211209
3215213
3219217
3223221
3227225
3231229
3235233
3239237
3243241
3247245
3251249
3255253
3259257
3263261
3267265
3271269
3275273
3279277
3283281
3287285
3291289
3295293
3299297
3303301
3307305
3311309
3315313
3319317
3323321
3327325
3331329
3335333
3339337
3343341
3347345
3351349
3355353
3359357
3363361
3367365
3371369
3375373
3379377
3383381
3387385
3391389
3395393
3399397
3403401
3407405
3411409
3415413
3419417
3423421
3427425
3431429
3435433
3439437
3443441
3447445
3451449
3455453
3459457
3463461
3467465
3471469
3475473
3479477
3483481
3487485
3491489
3495493
3499497
3503501
3507505
3511509
3515513
3519517
3523521
3527525
3531529
3535533
3539537
3543541
3547545
3551549
3555553
3559557
3563561
3567565
3571569
3575573
3579577
3583581
3587585
3591589
3595593
3599597
3603601
3607605
3611609
3615613
3619617
3623621
3627625
3631629
3635633
3639637
3643641
3647645
3651649
3655653
3659657
3663661
3667665
3671669
3675673
3679677
3683681
3687685
3691689
3695693
3699697
3703701
3707705
3711709
3715713
3719717
3723721
3727725
3731729
3735733
3739737
3743741
3747745
3751749
3755753
3759757
3763761
3767765
3771769
3775773
3779777
3783781
3787785
3791789
3795793
3799797
3803801
3807805
3811809
3815813
3819817
3823821
3827825
3831829
3835833
3839837
3843841
3847845
3851849
3855853
3859857
3863861
3867865
3871869
3875873
3879877
3883881
3887885
3891889
3895893
3899897
3903901
3907905
3911909
3915913
3919917
3923921
3927925
3931929
3935933
3939937
3943941
3947945
3951949
3955953
3959957
3963961
3967965
3971969
3975973
3979977
3983981
3987985
3991989
3995993
3999997
4004001
4008005
4012009
4016013
4020017
4024021
4028025
4032029
4036033
4040037
4044041
4048045
4052049
4056054
4060058
4064062
4068066
4072070
4076074
4080078
4084082
4088086
4092090
4096094
4100098
4104102
4108106
4112110
4116114
4120118
4124122
4128126
4132130
4136134
4140138
4144142
4148146
4152150
4156154
4160158
4164162
4168166
4172170
4176174
4180178
4184182
4188186
4192190
4196194
4200198
4204202
4208206
4212210
4216214
4220218
4224222
4228226
4232230
4236234
4240238
4244242
4248246
4252250
4256254
4260258
4264262
4268266
4272270
4276274
4280278
4284282
4288286
4292290
4296294
4300298
4304302
4308306
4312310
4316314
4320318
4324322
4328326
4332330
4336334
4340338
4344342
4348346
4352350
4356354
4360358
4364362
4368366
4372370
4376374
4380378
4384382
4388386
4392390
4396394
4400398
4404402
4408406
4412410
4416414
4420418
4424422
4428426
4432430
4436434
4440438
4444442
4448446
4452450
4456454
4460458
4464462
4468466
4472470
4476474
4480478
4484482
4488486
4492490
4496494
4500498
4504502
4508506
4512510
4516514
4520518
4524522
4528526
4532530
4536534
4540538
4544542
4548546
4552550
4556554
4560558
4564562
4568566
4572570
4576574
4580578
4584582
4588586
4592590
4596594
4600598
4604602
4608606
4612610
4616614
4620618
4624622
4628626
4632630
4636634
4640638
4644642
4648646
4652650
4656654
4660658
4664662
4668666
4672670
4676674
4680678
4684682
4688686
4692690
4696694
4700698
4704702
4708706
4712710
4716714
4720718
4724722
4728726
4732730
4736734
4740738
4744742
4748746
4752750
4756754
4760758
4764762
4768766
4772770
4776774
4780778
4784782
4788786
4792790
4796794
4800798
4804802
4808806
4812810
4816814
4820818
4824822
4828826
4832830
4836834
4840838
4844842
4848846
4852850
4856854
4860858
4864862
4868866
4872870
4876874
4880878
4884882
4888886
4892890
4896894
4900898
4904902
4908906
4912910
4916914
4920918
4924922
4928926
4932930
4936934
4940938
4944942
4948946
4952950
4956954
4960958
4964962
4968966
4972970
4976974
4980978
4984982
4988986
4992990
4996994
5000998
5005002
5009006
5013010
5017014
5021018
5025022
5029026
5033030
5037034
5041038
5045042
5049046
5053050
5057054
5061058
5065062
5069066
5073070
5077074
5081078
5085082
5089086
5093090
5097094
5101098
5105102
5109106
5113110
5117114
5121118
5125122
5129126
5133130
5137134
5141138
5145142
5149146
5153150
5157154
5161158
5165162
5169166
5173170
5177174
5181178
5185182
5189186
5193190
5197194
5201198
5205202
5209206
5213210
5217214
5221218
5225222
5229226
5233230
5237234
5241238
5245242
5249246
5253250
5257254
5261258
5265262
5269266
5273270
5277274
5281278
5285282
5289286
5293290
5297294
5301298
5305302
5309306
5313310
5317314
5321318
5325322
5329326
5333330
5337334
5341338
5345342
5349346
5353350
5357354
5361358
5365362
5369366
5373370
5377374
5381378
5385382
5389386
5393390
5397394
5401398
5405402
5409406
5413410
5417414
5421418
5425422
5429426
5433430
5437434
5441438
5445442
5449446
5453450
5457454
5461458
5465462
5469466
5473470
5477474
5481478
5485482
5489486
5493490
5497494
5501498
5505502
5509506
5513510
5517514
5521518
5525522
5529526
5533530
5537534
5541538
5545542
5549546
5553550
5557554
5561558
5565562
5569566
5573570
5577574
5581578
5585582
5589586
5593590
5597594
5601598
5605602
5609606
5613610
5617614
5621618
5625622
5629626
5633630
5637634
5641638
5645642
5649646
5653650
5657654
5661658
5665662
5669666
5673670
5677674
5681678
5685682
5689686
5693690
5697694
5701698
5705702
5709706
5713710
5717714
5721718
5725722
5729726
5733730
5737734
5741738
5745742
5749746
5753750
5757754
5761758
5765762
5769766
5773770
5777774
5781778
5785782
5789786
5793790
5797794
5801798
5805802
5809806
5813810
5817814
5821818
5825822
5829826
5833830
5837834
5841838
5845842
5849846
5853850
5857854
5861858
5865862
5869866
5873870
5877874
5881878
5885882
5889886
5893890
5897894
5901898
5905902
5909906
5913910
5917914
5921918
5925922
5929926
5933930
5937934
5941938
5945942
5949946
5953950
5957954
5961958
5965962
5969966
5973970
5977974
5981978
5985982
5989986
5993990
5997994
6001998
6006002
6010006
6014010
6018014
6022018
6026022
6030026
6034030
6038034
6042038
6046042
6050046
6054050
6058054
6062058
6066062
6070066
6074070
6078074
6082078
6086082
6090086
6094090
6098094
6102098
6106102
6110106
6114110
6118114
6122118
6126122
6130126
6134130
6138134
6142138
6146142
6150146
6154150
6158154
6162158
6166162
6170166
6174170
6178174
6182178
6186182
6190186
6194190
6198194
6202198
6206202
6210206
6214210
6218214
6222218
6226222
6230226
6234230
6238234
6242238
6246242
6250246
6254250
6258254
6262258
6266262
6270266
6274270
6278274
6282278
6286282
6290286
6294290
6298294
6302298
6306302
6310306
6314310
6318314
6322318
6326322
6330326
6334330
6338334
6342338
6346342
6350346
6354350
6358354
6362358
6366362
6370366
6374370
6378374
6382378
6386382
6390386
6394390
6398394
6402398
6406402
6410406
6414410
6418414
6422418
6426422
6430426
6434430
6438434
6442438
6446442
6450446
6454450
6458454
6462458
6466462
6470466
6474470
6478474
6482478
6486482
6490486
6494490
6498494
6502498
6506502
6510506
6514510
6518514
6522518
6526522
6530526
6534530
6538534
6542538
6546542
6550546
6554550
6558554
6562558
6566562
6570566
6574570
6578574
6582578
6586582
6590586
6594590
6598594
6602598
6606602
6610606
6614610
6618614
6622618
6626622
6630626
6634630
6638634
6642638
6646642
6650646
6654650
6658654
6662658
6666662
6670666
6674670
6678674
6682678
6686682
6690686
6694690
6698694
6702698
6706702
6710706
6714710
6718714
6722718
6726722
6730726
6734730
6738734
6742738
6746742
6750746
6754750
6758754
6762758
6766762
6770766
6774770
6778774
6782778
6786782
6790786
6794790
6798794
6802798
6806802
6810806
6814810
6818814
6822818
6826822
6830826
6834830
6838834
6842838
6846842
6850846
6854850
6858854
6862858
6866862
6870866
6874870
6878874
6882878
6886882
6890886
6894890
6898894
6902898
6906902
6910906
6914910
6918914
6922918
6926922
6930926
6934930
6938934
6942938
6946942
6950946
6954950
6958954
6962958
6966962
6970966
6974970
6978974
6982978
6986982
6990986
6994990
6998994
7002998
7007002
7011006
7015010
7019014
7023018
7027022
7031026
7035030
7039034
7043038
7047042
7051046
7055050
7059054
7063058
7067062
7071066
7075070
7079074
7083078
7087082
7091086
7095090
7099094
7103098
7107102
7111106
7115110
7119114
7123118
7127122
7131126
7135130
7139134
7143138
7147142
7151146
7155150
7159154
7163158
7167162
7171166
7175170
7179174
7183178
7187182
7191186
7195190
7199194
7203198
7207202
7211206
7215210
7219214
7223218
7227222
7231226
7235230
7239234
7243238
7247242
7251246
7255250
7259254
7263258
7267262
7271266
7275270
7279274
7283278
7287282
7291286
7295290
7299294
7303298
7307302
7311306
7315310
7319314
7323318
7327322
7331326
7335330
7339334
7343338
7347342
7351346
7355350
7359354
7363358
7367362
7371366
7375370
7379374
7383378
7387382
7391386
7395390
7399394
7403398
7407402
7411406
7415410
7419414
7423418
7427422
7431426
7435430
7439434
7443438
7447442
7451446
7455450
7459454
7463458
7467462
7471466
7475470
7479474
7483478
7487482
7491486
7495490
7499494
7503498
7507502
7511506
7515510
7519514
7523518
7527522
7531526
7535530
7539534
7543538
7547542
7551546
7555550
7559554
7563558
7567562
7571566
7575570
7579574
7583578
7587582
7591586
7595590
7599594
7603598
7607602
7611606
7615610
7619614
7623618
7627622
7631626
7635630
7639634
7643638
7647642
7651646
7655650
7659654
7663658
7667662
7671666
7675670
7679674
7683678
7687682
7691686
7695690
7699694
7703698
7707702
7711706
7715710
7719714
7723718
7727722
7731726
7735730
7739734
7743738
7747742
7751746
7755750
7759754
7763758
7767762
7771766
7775770
7779774
7783778
7787782
7791786
7795790
7799794
7803798
7807802
7811806
7815810
7819814
7823818
7827822
7831826
7835830
7839834
7843838
7847842
7851846
7855850
7859854
7863858
7867862
7871866
7875870
7879874
7883878
7887882
7891886
7895890
7899894
7903898
7907902
7911906
7915910
7919914
7923918
7927922
7931926
7935930
7939934
7943938
7947942
7951946
7955950
7959954
7963958
7967962
7971966
7975970
7979974
7983978
7987982
7991986
7995990
7999994
8003998
2 1
4 1
6 1
8 1
10 1
12 1
14 1
16 1
18 1
20 1
22 1
24 1
26 1
28 1
30 1
32 1
34 1
36 1
38 1
40 1
42 1
44 1
46 1
48 1
50 1
52 1
54 1
56 1
58 1
60 1
62 1
64 1
66 1
68 1
70 1
72 1
74 1
76 1
78 1
80 1
82 1
84 1
86 1
88 1
90 1
92 1
94 1
96 1
98 1
100 1
102 1
104 1
106 1
108 1
110 1
112 1
114 1
116 1
118 1
120 1
122 1
124 1
126 1
128 1
130 1
132 1
134 1
136 1
138 1
140 1
142 1
144 1
146 1
148 1
150 1
152 1
154 1
156 1
158 1
160 1
162 1
164 1
166 1
168 1
170 1
172 1
174 1
176 1
178 1
180 1
182 1
184 1
186 1
188 1
190 1
192 1
194 1
196 1
198 1
200 1
202 1
204 1
206 1
208 1
210 1
212 1
214 1
216 1
218 1
220 1
222 1
224 1
226 1
228 1
230 1
232 1
234 1
236 1
238 1
240 1
242 1
244 1
246 1
248 1
250 1
252 1
254 1
256 1
258 1
260 1
262 1
264 1
266 1
268 1
270 1
272 1
274 1
276 1
278 1
280 1
282 1
284 1
286 1
288 1
290 1
292 1
294 1
296 1
298 1
300 1
302 1
304 1
306 1
308 1
310 1
312 1
314 1
316 1
318 1
320 1
322 1
324 1
326 1
328 1
330 1
332 1
334 1
336 1
338 1
340 1
342 1
344 1
346 1
348 1
350 1
352 1
354 1
356 1
358 1
360 1
362 1
364 1
366 1
368 1
370 1
372 1
374 1
376 1
378 1
380 1
382 1
384 1
386 1
388 1
390 1
392 1
394 1
396 1
398 1
400 1
402 1
404 1
406 1
408 1
410 1
412 1
414 1
416 1
418 1
420 1
422 1
424 1
426 1
428 1
430 1
432 1
434 1
436 1
438 1
440 1
442 1
444 1
446 1
448 1
450 1
452 1
454 1
456 1
458 1
460 1
462 1
464 1
466 1
468 1
470 1
472 1
474 1
476 1
478 1
480 1
482 1
484 1
486 1
488 1
490 1
492 1
494 1
496 1
498 1
500 1
502 1
504 1
506 1
508 1
510 1
512 1
514 1
516 1
518 1
520 1
522 1
524 1
526 1
528 1
530 1
532 1
534 1
536 1
538 1
540 1
542 1
544 1
546 1
548 1
550 1
552 1
554 1
556 1
558 1
560 1
562 1
564 1
566 1
568 1
570 1
572 1
574 1
576 1
578 1
580 1
582 1
584 1
586 1
588 1
590 1
592 1
594 1
596 1
598 1
600 1
602 1
604 1
606 1
608 1
610 1
612 1
614 1
616 1
618 1
620 1
622 1
624 1
626 1
628 1
630 1
632 1
634 1
636 1
638 1
640 1
642 1
644 1
646 1
648 1
650 1
652 1
654 1
656 1
658 1
660 1
662 1
664 1
666 1
668 1
670 1
672 1
674 1
676 1
678 1
680 1
682 1
684 1
686 1
688 1
690 1
692 1
694 1
696 1
698 1
700 1
702 1
704 1
706 1
708 1
710 1
712 1
714 1
716 1
718 1
720 1
722 1
724 1
726 1
728 1
730 1
732 1
734 1
736 1
738 1
740 1
742 1
744 1
746 1
748 1
750 1
752 1
754 1
756 1
758 1
760 1
762 1
764 1
766 1
768 1
770 1
772 1
774 1
776 1
778 1
780 1
782 1
784 1
786 1
788 1
790 1
792 1
794 1
796 1
798 1
800 1
802 1
804 1
806 1
808 1
810 1
812 1
814 1
816 1
818 1
820 1
822 1
824 1
826 1
828 1
830 1
832 1
834 1
836 1
838 1
840 1
842 1
844 1
846 1
848 1
850 1
852 1
854 1
856 1
858 1
860 1
862 1
864 1
866 1
868 1
870 1
872 1
874 1
876 1
878 1
880 1
882 1
884 1
886 1
888 1
890 1
892 1
894 1
896 1
898 1
900 1
902 1
904 1
906 1
908 1
910 1
912 1
914 1
916 1
918 1
920 1
922 1
924 1
926 1
928 1
930 1
932 1
934 1
936 1
938 1
940 1
942 1
944 1
946 1
948 1
950 1
952 1
954 1
956 1
958 1
960 1
962 1
964 1
966 1
968 1
970 1
972 1
974 1
976 1
978 1
980 1
982 1
984 1
986 1
988 1
990 1
992 1
994 1
996 1
998 1
1000 1
1002 1
1004 1
1006 1
1008 1
1010 1
1012 1
1014 1
1016 1
1018 1
1020 1
1022 1
1024 1
1026 1
1028 1
1030 1
1032 1
1034 1
1036 1
1038 1
1040 1
1042 1
1044 1
1046 1
1048 1
1050 1
1052 1
1054 1
1056 1
1058 1
1060 1
1062 1
1064 1
1066 1
1068 1
1070 1
1072 1
1074 1
1076 1
1078 1
1080 1
1082 1
1084 1
1086 1
1088 1
1090 1
1092 1
1094 1
1096 1
1098 1
1100 1
1102 1
1104 1
1106 1
1108 1
1110 1
1112 1
1114 1
1116 1
1118 1
1120 1
1122 1
1124 1
1126 1
1128 1
1130 1
1132 1
1134 1
1136 1
1138 1
1140 1
1142 1
1144 1
1146 1
1148 1
1150 1
1152 1
1154 1
1156 1
1158 1
1160 1
1162 1
1164 1
1166 1
1168 1
1170 1
1172 1
1174 1
1176 1
1178 1
1180 1
1182 1
1184 1
1186 1
1188 1
1190 1
1192 1
1194 1
1196 1
1198 1
1200 1
1202 1
1204 1
1206 1
1208 1
1210 1
1212 1
1214 1
1216 1
1218 1
1220 1
1222 1
1224 1
1226 1
1228 1
1230 1
1232 1
1234 1
1236 1
1238 1
1240 1
1242 1
1244 1
1246 1
1248 1
1250 1
1252 1
1254 1
1256 1
1258 1
1260 1
1262 1
1264 1
1266 1
1268 1
1270 1
1272 1
1274 1
1276 1
1278 1
1280 1
1282 1
1284 1
1286 1
1288 1
1290 1
1292 1
1294 1
1296 1
1298 1
1300 1
1302 1
1304 1
1306 1
1308 1
1310 1
1312 1
1314 1
1316 1
1318 1
1320 1
1322 1
1324 1
1326 1
1328 1
1330 1
1332 1
1334 1
1336 1
1338 1
1340 1
1342 1
1344 1
1346 1
1348 1
1350 1
1352 1
1354 1
1356 1
1358 1
1360 1
1362 1
1364 1
1366 1
1368 1
1370 1
1372 1
1374 1
1376 1
1378 1
1380 1
1382 1
1384 1
1386 1
1388 1
1390 1
1392 1
1394 1
1396 1
1398 1
1400 1
1402 1
1404 1
1406 1
1408 1
1410 1
1412 1
1414 1
1416 1
1418 1
1420 1
1422 1
1424 1
1426 1
1428 1
1430 1
1432 1
1434 1
1436 1
1438 1
1440 1
1442 1
1444 1
1446 1
1448 1
1450 1
1452 1
1454 1
1456 1
1458 1
1460 1
1462 1
1464 1
1466 1
1468 1
1470 1
1472 1
1474 1
1476 1
1478 1
1480 1
1482 1
1484 1
1486 1
1488 1
1490 1
1492 1
1494 1
1496 1
1498 1
1500 1
1502 1
1504 1
1506 1
1508 1
1510 1
1512 1
1514 1
1516 1
1518 1
1520 1
1522 1
1524 1
1526 1
1528 1
1530 1
1532 1
1534 1
1536 1
1538 1
1540 1
1542 1
1544 1
1546 1
1548 1
1550 1
1552 1
1554 1
1556 1
1558 1
1560 1
1562 1
1564 1
1566 1
1568 1
1570 1
1572 1
1574 1
1576 1
1578 1
1580 1
1582 1
1584 1
1586 1
1588 1
1590 1
1592 1
1594 1
1596 1
1598 1
1600 1
1602 1
1604 1
1606 1
1608 1
1610 1
1612 1
1614 1
1616 1
1618 1
1620 1
1622 1
1624 1
1626 1
1628 1
1630 1
1632 1
1634 1
1636 1
1638 1
1640 1
1642 1
1644 1
1646 1
1648 1
1650 1
1652 1
1654 1
1656 1
1658 1
1660 1
1662 1
1664 1
1666 1
1668 1
1670 1
1672 1
1674 1
1676 1
1678 1
1680 1
1682 1
1684 1
1686 1
1688 1
1690 1
1692 1
1694 1
1696 1
1698 1
1700 1
1702 1
1704 1
1706 1
1708 1
1710 1
1712 1
1714 1
1716 1
1718 1
1720 1
1722 1
1724 1
1726 1
1728 1
1730 1
1732 1
1734 1
1736 1
1738 1
1740 1
1742 1
1744 1
1746 1
1748 1
1750 1
1752 1
1754 1
1756 1
1758 1
1760 1
1762 1
1764 1
1766 1
1768 1
1770 1
1772 1
1774 1
1776 1
1778 1
1780 1
1782 1
1784 1
1786 1
1788 1
1790 1
1792 1
1794 1
1796 1
1798 1
1800 1
1802 1
1804 1
1806 1
1808 1
1810 1
1812 1
1814 1
1816 1
1818 1
1820 1
1822 1
1824 1
1826 1
1828 1
1830 1
1832 1
1834 1
1836 1
1838 1
1840 1
1842 1
1844 1
1846 1
1848 1
1850 1
1852 1
1854 1
1856 1
1858 1
1860 1
1862 1
1864 1
1866 1
1868 1
1870 1
1872 1
1874 1
1876 1
1878 1
1880 1
1882 1
1884 1
1886 1
1888 1
1890 1
1892 1
1894 1
1896 1
1898 1
1900 1
1902 1
1904 1
1906 1
1908 1
1910 1
1912 1
1914 1
1916 1
1918 1
1920 1
1922 1
1924 1
1926 1
1928 1
1930 1
1932 1
1934 1
1936 1
1938 1
1940 1
1942 1
1944 1
1946 1
1948 1
1950 1
1952 1
1954 1
1956 1
1958 1
1960 1
1962 1
1964 1
1966 1
1968 1
1970 1
1972 1
1974 1
1976 1
1978 1
1980 1
1982 1
1984 1
1986 1
1988 1
1990 1
1992 1
1994 1
1996 1
1998 1
2000 1
2002 1
2004 1
2006 1
2008 1
2010 1
2012 1
2014 1
2016 1
2018 1
2020 1
2022 1
2024 1
2027 1
2029 1
2031 1
2033 1
2035 1
2037 1
2039 1
2041 1
2043 1
2045 1
2047 1
2049 1
2051 1
2053 1
2055 1
2057 1
2059 1
2061 1
2063 1
2065 1
2067 1
2069 1
2071 1
2073 1
2075 1
2077 1
2079 1
2081 1
2083 1
2085 1
2087 1
2089 1
2091 1
2093 1
2095 1
2097 1
2099 1
2101 1
2103 1
2105 1
2107 1
2109 1
2111 1
2113 1
2115 1
2117 1
2119 1
2121 1
2123 1
2125 1
2127 1
2129 1
2131 1
2133 1
2135 1
2137 1
2139 1
2141 1
2143 1
2145 1
2147 1
2149 1
2151 1
2153 1
2155 1
2157 1
2159 1
2161 1
2163 1
2165 1
2167 1
2169 1
2171 1
2173 1
2175 1
2177 1
2179 1
2181 1
2183 1
2185 1
2187 1
2189 1
2191 1
2193 1
2195 1
2197 1
2199 1
2201 1
2203 1
2205 1
2207 1
2209 1
2211 1
2213 1
2215 1
2217 1
2219 1
2221 1
2223 1
2225 1
2227 1
2229 1
2231 1
2233 1
2235 1
2237 1
2239 1
2241 1
2243 1
2245 1
2247 1
2249 1
2251 1
2253 1
2255 1
2257 1
2259 1
2261 1
2263 1
2265 1
2267 1
2269 1
2271 1
2273 1
2275 1
2277 1
2279 1
2281 1
2283 1
2285 1
2287 1
2289 1
2291 1
2293 1
2295 1
2297 1
2299 1
2301 1
2303 1
2305 1
2307 1
2309 1
2311 1
2313 1
2315 1
2317 1
2319 1
2321 1
2323 1
2325 1
2327 1
2329 1
2331 1
2333 1
2335 1
2337 1
2339 1
2341 1
2343 1
2345 1
2347 1
2349 1
2351 1
2353 1
2355 1
2357 1
2359 1
2361 1
2363 1
2365 1
2367 1
2369 1
2371 1
2373 1
2375 1
2377 1
2379 1
2381 1
2383 1
2385 1
2387 1
2389 1
2391 1
2393 1
2395 1
2397 1
2399 1
2401 1
2403 1
2405 1
2407 1
2409 1
2411 1
2413 1
2415 1
2417 1
2419 1
2421 1
2423 1
2425 1
2427 1
2429 1
2431 1
2433 1
2435 1
2437 1
2439 1
2441 1
2443 1
2445 1
2447 1
2449 1
2451 1
2453 1
2455 1
2457 1
2459 1
2461 1
2463 1
2465 1
2467 1
2469 1
2471 1
2473 1
2475 1
2477 1
2479 1
2481 1
2483 1
2485 1
2487 1
2489 1
2491 1
2493 1
2495 1
2497 1
2499 1
2501 1
2503 1
2505 1
2507 1
2509 1
2511 1
2513 1
2515 1
2517 1
2519 1
2521 1
2523 1
2525 1
2527 1
2529 1
2531 1
2533 1
2535 1
2537 1
2539 1
2541 1
2543 1
2545 1
2547 1
2549 1
2551 1
2553 1
2555 1
2557 1
2559 1
2561 1
2563 1
2565 1
2567 1
2569 1
2571 1
2573 1
2575 1
2577 1
2579 1
2581 1
2583 1
2585 1
2587 1
2589 1
2591 1
2593 1
2595 1
2597 1
2599 1
2601 1
2603 1
2605 1
2607 1
2609 1
2611 1
2613 1
2615 1
2617 1
2619 1
2621 1
2623 1
2625 1
2627 1
2629 1
2631 1
2633 1
2635 1
2637 1
2639 1
2641 1
2643 1
2645 1
2647 1
2649 1
2651 1
2653 1
2655 1
2657 1
2659 1
2661 1
2663 1
2665 1
2667 1
2669 1
2671 1
2673 1
2675 1
2677 1
2679 1
2681 1
2683 1
2685 1
2687 1
2689 1
2691 1
2693 1
2695 1
2697 1
2699 1
2701 1
2703 1
2705 1
2707 1
2709 1
2711 1
2713 1
2715 1
2717 1
2719 1
2721 1
2723 1
2725 1
2727 1
2729 1
2731 1
2733 1
2735 1
2737 1
2739 1
2741 1
2743 1
2745 1
2747 1
2749 1
2751 1
2753 1
2755 1
2757 1
2759 1
2761 1
2763 1
2765 1
2767 1
2769 1
2771 1
2773 1
2775 1
2777 1
2779 1
2781 1
2783 1
2785 1
2787 1
2789 1
2791 1
2793 1
2795 1
2797 1
2799 1
2801 1
2803 1
2805 1
2807 1
2809 1
2811 1
2813 1
2815 1
2817 1
2819 1
2821 1
2823 1
2825 1
2827 1
2829 1
2831 1
2833 1
2835 1
2837 1
2839 1
2841 1
2843 1
2845 1
2847 1
2849 1
2851 1
2853 1
2855 1
2857 1
2859 1
2861 1
2863 1
2865 1
2867 1
2869 1
2871 1
2873 1
2875 1
2877 1
2879 1
2881 1
2883 1
2885 1
2887 1
2889 1
2891 1
2893 1
2895 1
2897 1
2899 1
2901 1
2903 1
2905 1
2907 1
2909 1
2911 1
2913 1
2915 1
2917 1
2919 1
2921 1
2923 1
2925 1
2927 1
2929 1
2931 1
2933 1
2935 1
2937 1
2939 1
2941 1
2943 1
2945 1
2947 1
2949 1
2951 1
2953 1
2955 1
2957 1
2959 1
2961 1
2963 1
2965 1
2967 1
2969 1
2971 1
2973 1
2975 1
2977 1
2979 1
2981 1
2983 1
2985 1
2987 1
2989 1
2991 1
2993 1
2995 1
2997 1
2999 1
3001 1
3003 1
3005 1
3007 1
3009 1
3011 1
3013 1
3015 1
3017 1
3019 1
3021 1
3023 1
3025 1
3027 1
3029 1
3031 1
3033 1
3035 1
3037 1
3039 1
3041 1
3043 1
3045 1
3047 1
3049 1
3051 1
3053 1
3055 1
3057 1
3059 1
3061 1
3063 1
3065 1
3067 1
3069 1
3071 1
3073 1
3075 1
3077 1
3079 1
3081 1
3083 1
3085 1
3087 1
3089 1
3091 1
3093 1
3095 1
3097 1
3099 1
3101 1
3103 1
3105 1
3107 1
3109 1
3111 1
3113 1
3115 1
3117 1
3119 1
3121 1
3123 1
3125 1
3127 1
3129 1
3131 1
3133 1
3135 1
3137 1
3139 1
3141 1
3143 1
3145 1
3147 1
3149 1
3151 1
3153 1
3155 1
3157 1
3159 1
3161 1
3163 1
3165 1
3167 1
3169 1
3171 1
3173 1
3175 1
3177 1
3179 1
3181 1
3183 1
3185 1
3187 1
3189 1
3191 1
3193 1
3195 1
3197 1
3199 1
3201 1
3203 1
3205 1
3207 1
3209 1
3211 1
3213 1
3215 1
3217 1
3219 1
3221 1
3223 1
3225 1
3227 1
3229 1
3231 1
3233 1
3235 1
3237 1
3239 1
3241 1
3243 1
3245 1
3247 1
3249 1
3251 1
3253 1
3255 1
3257 1
3259 1
3261 1
3263 1
3265 1
3267 1
3269 1
3271 1
3273 1
3275 1
3277 1
3279 1
3281 1
3283 1
3285 1
3287 1
3289 1
3291 1
3293 1
3295 1
3297 1
3299 1
3301 1
3303 1
3305 1
3307 1
3309 1
3311 1
3313 1
3315 1
3317 1
3319 1
3321 1
3323 1
3325 1
3327 1
3329 1
3331 1
3333 1
3335 1
3337 1
3339 1
3341 1
3343 1
3345 1
3347 1
3349 1
3351 1
3353 1
3355 1
3357 1
3359 1
3361 1
3363 1
3365 1
3367 1
3369 1
3371 1
3373 1
3375 1
3377 1
3379 1
3381 1
3383 1
3385 1
3387 1
3389 1
3391 1
3393 1
3395 1
3397 1
3399 1
3401 1
3403 1
3405 1
3407 1
3409 1
3411 1
3413 1
3415 1
3417 1
3419 1
3421 1
3423 1
3425 1
3427 1
3429 1
3431 1
3433 1
3435 1
3437 1
3439 1
3441 1
3443 1
3445 1
3447 1
3449 1
3451 1
3453 1
3455 1
3457 1
3459 1
3461 1
3463 1
3465 1
3467 1
3469 1
3471 1
3473 1
3475 1
3477 1
3479 1
3481 1
3483 1
3485 1
3487 1
3489 1
3491 1
3493 1
3495 1
3497 1
3499 1
3501 1
3503 1
3505 1
3507 1
3509 1
3511 1
3513 1
3515 1
3517 1
3519 1
3521 1
3523 1
3525 1
3527 1
3529 1
3531 1
3533 1
3535 1
3537 1
3539 1
3541 1
3543 1
3545 1
3547 1
3549 1
3551 1
3553 1
3555 1
3557 1
3559 1
3561 1
3563 1
3565 1
3567 1
3569 1
3571 1
3573 1
3575 1
3577 1
3579 1
3581 1
3583 1
3585 1
3587 1
3589 1
3591 1
3593 1
3595 1
3597 1
3599 1
3601 1
3603 1
3605 1
3607 1
3609 1
3611 1
3613 1
3615 1
3617 1
3619 1
3621 1
3623 1
3625 1
3627 1
3629 1
3631 1
3633 1
3635 1
3637 1
3639 1
3641 1
3643 1
3645 1
3647 1
3649 1
3651 1
3653 1
3655 1
3657 1
3659 1
3661 1
3663 1
3665 1
3667 1
3669 1
3671 1
3673 1
3675 1
3677 1
3679 1
3681 1
3683 1
3685 1
3687 1
3689 1
3691 1
3693 1
3695 1
3697 1
3699 1
3701 1
3703 1
3705 1
3707 1
3709 1
3711 1
3713 1
3715 1
3717 1
3719 1
3721 1
3723 1
3725 1
3727 1
3729 1
3731 1
3733 1
3735 1
3737 1
3739 1
3741 1
3743 1
3745 1
3747 1
3749 1
3751 1
3753 1
3755 1
3757 1
3759 1
3761 1
3763 1
3765 1
3767 1
3769 1
3771 1
3773 1
3775 1
3777 1
3779 1
3781 1
3783 1
3785 1
3787 1
3789 1
3791 1
3793 1
3795 1
3797 1
3799 1
3801 1
3803 1
3805 1
3807 1
3809 1
3811 1
3813 1
3815 1
3817 1
3819 1
3821 1
3823 1
3825 1
3827 1
3829 1
3831 1
3833 1
3835 1
3837 1
3839 1
3841 1
3843 1
3845 1
3847 1
3849 1
3851 1
3853 1
3855 1
3857 1
3859 1
3861 1
3863 1
3865 1
3867 1
3869 1
3871 1
3873 1
3875 1
3877 1
3879 1
3881 1
3883 1
3885 1
3887 1
3889 1
3891 1
3893 1
3895 1
3897 1
3899 1
3901 1
3903 1
3905 1
3907 1
3909 1
3911 1
3913 1
3915 1
3917 1
3919 1
3921 1
3923 1
3925 1
3927 1
3929 1
3931 1
3933 1
3935 1
3937 1
3939 1
3941 1
3943 1
3945 1
3947 1
3949 1
3951 1
3953 1
3955 1
3957 1
3959 1
3961 1
3963 1
3965 1
3967 1
3969 1
3971 1
3973 1
3975 1
3977 1
3979 1
3981 1
3983 1
3985 1
3987 1
3989 1
3991 1
3993 1
3995 1
3997 1
3999 1
4001 1
