100000000 2000 2000 36999 4002
52142059
85634799
45022505
46615303
48992493
4942481
33900955
74413203
81440717
2813425
78723363
95967983
18073057
98581293
22823435
29174611
52866453
10741403
45358705
59937993
79247645
34937503
78463257
26917499
36030055
81464763
13338719
7383745
4274193
47007551
24100105
49220661
34033073
87787939
23479803
33148637
14339239
27285711
3025589
17640895
73973049
3353759
3045607
20674419
54711431
72356251
80540343
89108627
44838505
77290725
10557377
6275239
74333253
13790999
90861517
83009595
58457327
36502357
18057141
15519875
67553881
79091649
8476361
59441833
87755985
65833031
7007635
52990617
28634447
79039639
80524383
34333301
60994627
36958617
97793021
49252765
28178235
75465869
20386345
68926605
13242779
72884587
97280781
89761025
9248791
65761035
77871089
54427375
29827083
4686521
21859105
64752543
85446887
35289823
36818589
66077213
94855597
33845109
53302835
63487927
95459907
73460915
51557971
76886631
80116247
97116745
62135265
60410405
86111251
53542977
74753579
72928669
6975711
69266843
57556993
56192313
89564993
60526483
37410933
16392431
11457967
83822133
2661575
55744105
3738117
88448453
75417943
68710593
94103285
39660079
7912215
99742109
12758641
41841177
75850175
76842673
18405471
21671105
85326919
90877695
69170849
32724637
57060801
53270909
2769673
39003783
23692133
91425985
50189379
87247901
89553055
14603601
35674133
93679123
32568585
83774177
13963291
24272445
19353989
40084351
91862229
7660151
50013319
5383017
16848749
23744197
46531587
87187907
46411531
79087863
68178413
69579115
77351001
14455571
22907797
13723209
72728699
4357
60846765
85567121
48448573
7904313
99502091
1905319
41064891
13959347
24356545
8944845
95768237
32640691
96068391
756761
51093919
76202469
13687229
47564161
6263523
93483113
59886325
37343061
71732249
71708239
10497651
17745275
51374083
92474625
12482651
32456635
24596709
16668749
94251523
8652747
45527177
31208023
31800321
86751785
97593205
9369117
54471659
23920393
71992419
42273569
73761307
52114491
41821349
89501179
39031959
54283583
85211041
17289099
57489191
45046975
74585739
52506707
6003469
58421667
70083497
54439681
42745839
75438179
98101507
50997969
57229085
65681311
86399667
72144545
20790883
52734849
75482219
63820393
67646307
89369165
80792881
91342155
9161087
74037511
41057031
62903951
8004517
17121075
51914465
73033021
98241621
34974005
31804423
73981503
77483255
22011535
61363203
32949005
78755899
86743893
16880981
33453265
43742409
78811937
73485277
45047067
31684391
35362231
77199141
93915497
72724909
15244185
37519319
18585859
36927027
8068607
66489805
3146151
73625375
34193671
36622887
53543345
31028095
50946051
85015079
3586387
90858003
82793975
17461327
14375787
4895051
88108639
82765971
10733975
55952575
4823025
86483837
83302249
600921
16060649
48993109
88056633
36963101
83862541
2249757
36606929
44022637
19978623
28530899
6768025
57349305
37359317
89693473
11698497
96116687
3998653
90289779
74665973
54647971
50309805
65029163
97273279
3690513
62379845
32845087
57461391
3514433
97537423
46864101
74429879
37431391
44250801
24020693
68606977
68134743
89625485
61471417
4170783
22375883
11442421
98621991
6475943
62928157
49293345
31420415
81165277
90285837
67218311
60214813
19690563
5903675
31412425
14936193
9681569
88777099
11062263
86323877
87952693
80885163
38972219
92418931
34938207
43666571
41689585
88977219
73965719
20859181
22107807
18373943
81921703
74277885
70123811
49377445
31888707
16549043
76278895
43870701
21191369
12747151
97933725
94512017
54764155
32921241
70892219
90562051
89165355
48449009
55200385
2506053
90241901
3414511
71024301
39564581
81577579
87004293
5355491
90730159
46383999
34734179
91422511
64697157
17845745
23660653
29671659
58474055
6672169
47864757
35426543
27386527
69167409
58666163
50934301
14568129
91226441
89257459
98289975
7228469
13931821
68455071
64873283
79832761
50346027
48989351
15316525
38051889
62892305
60691207
96593151
20238995
32116933
5435601
32060909
40957357
52611183
78476111
32148961
45159465
8164979
68651209
89289525
51094439
76511143
42702249
42117959
3466645
15796809
17113469
17901865
81405603
53007413
99018409
6904377
13843847
20098975
30556203
83330579
39052453
68183013
26550209
20911393
59562711
3118505
80737297
60062967
48601241
7764835
47784837
59594741
34089997
71348619
65645771
27838879
28050987
62856383
85587745
729339
59762843
75026473
41133537
91814867
37959955
87300615
95204567
33305635
69719835
63368663
15808897
88177065
6568283
90678319
24813405
92443205
94396183
69299643
1261643
89057521
82650321
21655841
83998999
51198609
28739387
33421729
4271163
32685365
36895471
72013023
64329185
75999019
38168115
53511785
2138113
22652367
14860475
61647859
33481785
31132613
71808943
43310703
6884501
14560339
3586857
34318217
78436267
39628875
74874491
35030581
10802475
87340727
88193155
47596869
97577849
81213673
71396769
13171673
39841003
1990089
33205691
15352771
32157171
15708953
84199183
45743967
79989083
1693957
98898537
31724969
30736477
45631923
14784509
817531
84123165
64377299
50322277
4767513
80913569
15869065
33890073
76275257
68587417
78552399
48985625
53764015
36891585
44363321
11542921
78188229
28411355
48581437
80081181
59638967
74510401
1153743
25177751
91338817
3771057
70964639
16913629
80473395
13459907
21193
41898123
20415389
85820077
74766555
64277315
84039193
11602995
77519939
55432903
29247819
8797601
36383389
39665031
69920153
53916157
13263843
69736067
91134763
38108265
27138785
66570493
76639527
71480951
93984199
7192827
70640537
57025735
35298879
72265355
53127793
28655565
54248357
67446955
23521005
37620053
16961731
35334915
45616055
84223351
32473491
33221867
2166349
24213369
79629065
45371947
39268899
6568559
42158347
96221367
637601
96709615
77604069
52627589
76947745
44519541
43615091
4831711
81269913
21660125
25305949
31300947
81894233
78916747
80589585
59386991
87677131
44919765
61171889
4735687
44203413
33273953
31356997
81734175
57802217
43907275
41237943
98314469
16721695
4651665
49454057
51379021
65834247
36279479
44463571
62216445
63044861
95553109
14324517
31649177
39717211
79329009
35042879
42102409
99134913
60247481
98582641
4963857
26506625
11551153
52471605
72893813
17778271
38152455
8709743
15653215
50294529
76831793
41782279
63104937
69348059
39661225
83947359
82406591
52899847
75847317
10662743
44475643
34654737
19062947
8893867
67651233
12175511
85147981
28523685
42498671
32129491
39845349
14560715
79929385
70016433
58894877
45656263
96901875
20375633
6780841
34918905
29516207
8401657
74718801
57830363
70320607
71977437
77035967
5007973
8125533
82782845
53312119
3211083
13208081
63925429
91167045
60947945
59615281
6960969
98010473
50414689
43463217
49190081
99323137
43803393
44619803
22572787
55253121
34250627
31977493
90694839
3779405
53700355
21828429
68247629
71889451
42166599
70612817
10866961
87277149
66398717
75227131
29488275
95389211
63697375
68071563
49570319
50310691
96025539
33014051
51651367
22540821
3191153
93232153
75287187
32445779
41438275
71325213
28571849
86168635
30500817
64601861
81366241
70120623
13092125
97290205
96765945
55481315
26710939
51707433
81686417
77156155
81606381
7469333
44075629
61856517
26698949
54444817
84295737
39797501
85364275
6360795
385811
86620909
48942081
90486845
96173689
50270751
97510361
33870559
65450343
95909567
81778507
72225735
98286761
51399331
98971107
59799533
69436351
60559917
80385827
32625961
72677979
34306805
90394837
91695489
5512421
97906597
93188241
3951647
93508405
32982159
88317815
52856095
47269305
97174247
5208289
21440403
55789571
25222297
24690033
88906127
2446921
63617493
14953175
66282829
80353863
26647025
72838111
96073725
80850119
99419401
86633013
37916669
97990693
99623511
67495457
44471953
54448941
46124783
8277871
6292881
17454461
89210323
71193321
90919181
91459453
37428453
50494985
14120809
65550513
59495489
75323401
47897697
24562037
22997257
54665085
34491005
24886207
2066805
85876691
2290921
25406475
44007773
11847703
95745633
44884217
6861217
42354957
16029803
92079811
21628605
36123851
75215389
91679619
72474023
20760181
47321457
81246413
35535571
67963779
722177
27943783
32662143
80057831
80558083
43091361
45016325
91227421
78845235
31085369
23929795
9574623
23885777
70897273
88798221
85572611
98342995
83311485
69324497
76291981
88974321
65618651
46056877
52215957
88602143
64201951
76568133
3463601
28484107
46176951
12844295
27731737
21376563
64217975
21320539
23289525
82202969
80418079
42158961
24942359
14361073
60836301
62016893
81294529
73134453
68528153
93564667
13048431
3091457
78273031
77924859
51051431
6281059
56646231
76332071
10663255
24922383
5004431
32314081
10927395
86385107
33970915
41726793
55841849
11191537
97270557
60320093
62341105
88486173
77848859
50291089
89866869
5660789
16722319
86245065
61176539
25186555
75531717
68440175
9086515
55485705
32510225
24362155
86701311
18711335
57918931
53904927
65378663
12492235
2155071
50723345
85400677
31649817
92912435
98763361
30029013
81390683
15417715
50367183
56822411
75023509
78569283
97822907
22569301
97522761
15097572
28104074
17562808
23569812
55958000
76012024
80406222
39333698
12704392
1550820
34235156
71401732
95697876
53752916
97674868
68088084
69384734
76640362
8830476
4296212
13356742
68404254
70821464
1382764
48842484
48014072
53925028
6313236
91980050
82115122
12788478
9482828
81310726
98367252
89554850
39433804
54681426
96978566
47541862
30201198
5652932
92380276
3147684
82783484
77708950
78617406
74767484
47581900
89150676
19395818
79846030
14373312
1606934
29452852
258264
1546910
66487366
16170222
74815532
40034152
32990634
41186732
87225742
26851572
14945624
61604944
43255776
17735024
85877080
61104702
81759026
14957644
6157248
40058192
67355836
77777046
66527426
40446394
26927640
51363854
98283304
3535956
26675522
77120734
91135740
61088726
62957662
5436918
48626504
32442418
77625000
41651024
40210306
26071242
73799096
96862624
4336386
30125276
10347394
5869158
93725066
88354384
93540978
93568994
61452946
99900162
83055746
83007724
6125304
10743614
49198834
69036750
77256860
82111288
51700092
20448476
60324406
18151332
58843670
57511006
48406458
92772632
53745130
93388944
56878700
55938232
79337928
67564046
94997758
11071818
69797168
36332446
37813188
79734140
49430998
71654106
94409480
87253906
16594596
40886738
70825702
66583584
65919254
91596088
61513056
6320
35888254
51135876
39141884
94393498
84932772
37773206
23642146
37425036
18831746
67620130
9054864
52620638
98999818
1034862
79049852
21012850
53501088
24182438
19676188
16314510
48890792
44300500
45897300
77212952
35956336
83568132
36332528
17671204
79281996
75588152
47550142
47017878
54637688
13445104
64478610
15221996
58983868
46881822
74087420
42523648
1411104
69749258
54285532
87458112
30769784
56958874
92596686
22877846
3796312
60552678
16626728
10811824
49170996
27103970
79706260
47186010
7574216
50187514
79854342
93957392
10859866
40526694
24918896
77773312
71602230
60204536
4152526
83452158
6117512
61721302
31077990
73771328
99600238
18279600
66459680
52568740
48506712
46849886
46053490
13549248
61293110
25915432
93145032
75416174
23194078
44036496
10695836
9831406
94749846
88286618
44228602
23538264
646826
64554766
40946970
5225120
3600310
51608304
20836928
69861430
68668836
36464744
2247646
24186612
70321670
8038546
99896454
3460262
86721874
41419236
25595330
99492262
98155596
55882472
8706898
88646850
79654358
7582342
38585838
41567330
61905496
66471780
41067086
4692910
92180634
87114104
38185654
79290198
54878000
97075090
46853994
65143136
44404774
51128136
36540848
99408268
84216678
25487330
75572362
87702426
6441818
3824512
97383270
10703954
59700442
81759468
94850012
28420816
48002604
20208716
34719970
88434816
12280760
87090148
95962584
91856534
60068650
20224740
62709974
66715978
3960618
81863552
93565402
26443860
96130688
27948616
71178222
85253258
68468872
70782030
43476386
5049184
75848568
31934624
77289292
50772042
22585958
55622470
4945146
20156750
6758056
88618968
57807572
42804076
77269302
81515426
38710036
77281314
64322840
49339354
89951652
55466420
31998694
65679528
7130270
84144760
92408892
36056732
80082736
44044728
25239332
29905666
60224820
16735088
40591012
14309880
47562500
12248854
46666056
298886
43820638
47846652
58776116
25591534
97287366
10143818
29585536
50952216
91372418
48322906
54518004
61981736
66239866
76837164
27348434
76452976
67384446
29345438
28573054
82708110
15002276
87702610
1043304
14205884
97379452
5765670
6834206
54698128
52825194
99496520
67092328
86369964
20881238
28713154
2420016
44529062
48290944
3996810
32439026
91112350
37197408
51872744
55494556
27012324
84521066
99900754
12621138
15674666
61297468
87858744
31326494
97487560
72102876
14309996
65607634
91516584
12877286
84048856
88122894
30322010
32683192
15282498
70398044
73483588
12653190
93205448
35040382
99892794
64927322
55130428
42672204
34268006
57959848
4341054
10816292
52144948
51716736
53085422
74992372
6169980
3636716
94854304
50244012
32583188
73407592
38506152
30542174
80170978
95502642
54165986
35188504
11856846
13913876
66700258
13457652
75312566
32038942
90512166
60581210
33795826
33035448
58744298
96078958
86606226
54466166
42336106
56647260
7238570
52169026
56155020
77517698
68465176
63710802
61669784
32483200
73043472
53553734
87454678
11876910
83516714
92285098
2196078
24175064
63830884
59984964
60509228
14990482
8919450
88243094
37165570
11672832
24023006
59976976
65887932
91864916
78854416
85773876
42728366
97087534
33111564
39938978
5289664
60413214
63114566
60909466
7446750
32567306
3452758
66388212
19392728
8463268
73187616
21385730
39046558
40363218
26404244
55794934
183144
26432264
13281694
19985046
70650368
66852472
40387248
17928026
51905008
30490308
98444270
12017080
59392758
60561344
75756940
15094626
11881022
235204
10056114
8635406
43324744
56915538
35504840
26792488
84105132
99760958
68201188
31162680
38694446
2364292
4741482
20789504
86622406
22510368
47943080
63991102
27660948
17928086
8583418
88887552
52317278
18220240
65948094
37133696
76417330
27444858
61381820
55462864
76753506
56287280
93938098
26852574
65699990
37637968
49155726
47222762
14314318
64955628
17015672
96555424
7915128
54890606
86482396
58196262
76081202
55955146
82828578
91328828
26064214
41211786
39691028
2324356
36049212
63919142
69113740
67184778
39935162
34380388
98860614
41928164
97776076
55370886
54626516
58808608
32011218
11180810
24307372
89247828
38638538
37201822
3468966
79727078
93101764
84117276
18808640
30310390
35136804
74552504
48487480
90696576
88199330
1327918
30762630
39126812
70094290
54390444
5129828
267400
70302402
59645078
92881690
36149340
30426482
79643080
29285916
75917222
62598568
10596582
43481018
85678108
47995278
17203892
28165372
34460520
53293934
59284930
16243422
97844204
11180896
6402510
42596600
99629104
30934776
78318458
10336486
60385500
98984792
74568592
20617632
34132388
44021332
67673154
18552608
57912280
9800238
75717182
57211936
50356512
58928798
81235948
96015336
19192946
69185932
9624168
26728718
32011360
41428068
73780238
22270498
98104398
67220966
35208970
20477610
25504124
64319524
61886310
1219994
65231986
11717244
27469118
48583672
7915350
6098444
60965866
23535162
59513144
23503150
79130952
86666720
52741768
4125474
43016912
83469130
42512664
42780800
52493656
20609724
56151488
56563696
17940396
38166506
44609728
47607228
11957414
23607238
56319588
86722784
49844356
65564214
30334610
92465662
32379636
12301604
69990436
17035974
37958432
37778344
38798856
22826876
4609774
94822860
21178058
13474210
14722836
36725834
31215082
93662292
13374170
92761846
67737342
15203090
28177576
14446716
37254116
71999482
73836402
54490736
31343170
75993486
15423218
8635828
5154090
92165576
60625816
10220628
88539770
38550790
28393716
33176108
74228626
83597310
29602328
74296666
86054544
19709390
27521296
21514296
3109100
46438756
29298192
84273668
75665368
42468780
42616856
79367224
46094598
14354738
71675386
5734434
58488800
61370242
40952040
88751930
38290714
47103120
34580864
36253702
51021084
21050108
30919042
75761454
86146646
97120132
14839014
44277728
74668918
68277726
45222206
19721464
30394800
55907552
22382800
61918560
5514374
73432318
43285254
25788512
11497372
59293260
23147198
91121170
15023142
47519384
3801538
71131188
99497366
91053148
84353802
51113192
93190222
73772520
83849558
70126702
68525904
1236278
77582434
83889588
3645488
87951622
83785542
92197748
11985664
59897610
53854592
61910620
67045188
28714034
74260798
86078706
3289334
56888122
69318336
67301330
6290842
10889142
72447908
11113258
63471426
33824612
59017204
54931164
90989186
2116774
84333864
48287852
97368382
82316862
26528984
26456950
57524478
97168292
73352392
64876158
86747090
8768122
44193828
57172316
74408932
3381438
93170312
6374938
74496984
57980732
26384944
11889702
42681092
36333922
44277894
636086
42869194
23507520
33256394
64287904
86895204
1632596
66428980
27245400
54607076
23675620
72592068
81436490
50805184
95455500
32516048
53598586
23447520
8648126
59929756
77150364
98376974
69618604
20766192
46891250
3485560
68858232
60430022
44670148
16011828
78014816
69654640
56456046
86475050
87311470
49068360
72508076
26228950
12346014
4330010
12786238
25748718
33680684
76870270
10477092
63759722
82913296
59561628
52189946
64524112
11265498
91281488
83385544
57208464
93594650
11149450
23527638
27253502
97512616
10533150
76105922
64328038
67805778
52926344
19857820
10297044
70202984
61914844
22899348
65868824
84221998
87783780
54010904
16135978
81380586
14162996
52458136
31055442
18181010
11885866
77790804
93062438
16652254
69070452
59977910
31879870
75645744
70363106
3009448
34056966
55323596
67585726
49328604
95179520
38367130
95579724
49364630
74040964
51541722
58717310
73400650
48460188
93026462
2417182
78775344
76210064
63127528
57012474
96304112
93266596
48444198
18841406
6531256
22479228
90785366
67229596
2 956120972
4 928635000
6 997018085
8 919095242
10 949125463
12 963684698
14 910520771
16 900785866
18 972826917
20 954413286
22 912786450
24 952884683
26 906283898
28 910612032
30 934083205
32 996774456
34 902923396
36 969029703
38 917182259
40 934996093
42 997937719
44 992316026
46 911945266
48 927831616
50 987369997
52 905989621
54 920891190
56 907347813
58 991977021
60 936716638
62 999030340
64 962552864
66 984400246
68 901999213
70 967668178
72 947463147
74 958818955
76 947596967
78 964579171
80 967993704
82 937323048
84 918374734
86 993258044
88 944474738
90 966647686
92 960074714
94 974340769
96 956438054
98 929569391
100 985464217
102 915268370
104 946461058
106 979012066
108 900277175
110 928477333
112 900780802
114 940385840
116 958347279
118 922553058
120 973207412
122 969647617
124 936245328
126 930877702
128 920537184
130 988479887
132 965930613
134 995620465
136 950057899
138 937597541
140 911608339
142 984994398
144 904366866
146 960809385
148 948545744
150 992038088
152 919266572
154 903136640
156 952590650
158 940617182
160 911134266
162 918762289
164 968521536
166 951797498
168 987471348
170 945804296
172 919308671
174 902563992
176 984803677
178 923736543
180 937982670
182 968946956
184 928964443
186 951626569
188 965920101
190 978592420
192 925393607
194 910554783
196 939993140
198 916099337
200 910676144
202 933223600
204 927354586
206 950379229
208 952906035
210 926810042
212 940962298
214 985524306
216 962643491
218 979691183
220 933929428
222 915604851
224 988494052
226 939365732
228 938797776
230 946225571
232 902492878
234 982256212
236 967935191
238 926695075
240 910557862
242 912638187
244 932788438
246 976241729
248 908338034
250 997249777
252 987008274
254 914037283
256 934193619
258 924532206
260 900851291
262 900031579
264 912562995
266 951165196
268 959507556
270 927015559
272 989694235
274 928658137
276 918255940
278 995171629
280 941342856
282 912626371
284 928214421
286 905437115
288 903525533
290 971848803
292 968499365
294 931373427
296 982898085
298 935384817
300 998778204
302 980113117
304 926125540
306 928112259
308 952978385
310 951782728
312 967274469
314 971905648
316 954113056
318 917634030
320 949198743
322 948047553
324 922025915
326 913755751
328 995615679
330 921512462
332 912251791
334 990837514
336 998214040
338 993940809
340 925815186
342 922406275
344 961142989
346 935580663
348 935534153
350 954631801
352 907946198
354 919105646
356 940001369
358 993663031
360 955690963
362 969222719
364 987252074
366 949961008
368 938523381
370 969548209
372 943275662
374 960367085
376 958145636
378 996122576
380 920866111
382 910486613
384 913835684
386 988128802
388 952464882
390 988138708
392 946827347
394 979226599
396 903543935
398 919402781
400 947162731
402 934056029
404 985826550
406 900488154
408 925062776
410 984073333
412 905653105
414 945922626
416 907176372
418 967207334
420 934126946
422 970791692
424 903702779
426 965084941
428 974278400
430 921048504
432 909748411
434 927851028
436 996274580
438 948377975
440 942921199
442 909953778
444 939525233
446 950517018
448 951731748
450 993071349
452 920216502
454 940429085
456 908633148
458 983105673
460 975607435
462 909387616
464 918087563
466 911893251
468 923033082
470 993207507
472 911721302
474 948141577
476 930223097
478 920391703
480 989785856
482 932591079
484 904502485
486 947364187
488 961863984
490 904597167
492 929842353
494 908619786
496 988755070
498 911009455
500 930204447
502 964915870
504 986602427
506 999626562
508 908027564
510 921280454
512 981586380
514 917195659
516 958565662
518 915791939
520 960406411
522 969278981
524 991583690
526 903782450
528 931357989
530 982593585
532 999860382
534 900833708
536 977925139
538 930022108
540 964537923
542 913183456
544 904791691
546 946498350
548 923634816
550 947184156
552 955761297
554 906734904
556 928673262
558 936080961
560 967968874
562 995534508
564 952630151
566 903093305
568 905065322
570 948221572
572 921760195
574 993952358
576 966676053
578 948402518
580 965679112
582 941580235
584 992020824
586 949702979
588 967335115
590 939890564
592 956182913
594 952509084
596 956314384
598 953816049
600 969491816
602 911869218
604 977002455
606 905195246
608 928981359
610 916278213
612 931661324
614 961749621
616 905952238
618 970098271
620 944531820
622 973395086
624 901117092
626 914120320
628 971762814
630 932568360
632 968600553
634 935736968
636 965034501
638 911536282
640 901932825
642 971881344
644 919804436
646 946856854
648 923587830
650 936421827
652 928555226
654 906861157
656 956975822
658 994138004
660 987098137
662 975607216
664 903936864
666 934982262
668 919862865
670 922623814
672 958914767
674 982655558
676 972432827
678 937048904
680 973534580
682 994057929
684 937644828
686 971120690
688 981859772
690 938597508
692 966295398
694 991579524
696 908394898
698 964363785
700 924824318
702 956838201
704 985751152
706 994091023
708 963594927
710 944383054
712 940490852
714 909205449
716 960522076
718 970158973
720 906767195
722 969678365
724 942690617
726 908181003
728 981165975
730 954774426
732 975951245
734 939722406
736 934840980
738 988776181
740 993164026
742 989420520
744 964312414
746 925121865
748 993567560
750 984323576
752 920007290
754 910370136
756 958219657
758 964196349
760 904365189
762 937184158
764 935117281
766 996081697
768 905943645
770 932216798
772 977498015
774 962066036
776 901232588
778 972947413
780 902915383
782 936190770
784 941767421
786 990965432
788 982254363
790 968515925
792 914432912
794 945682664
796 942300809
798 900821241
800 928535607
802 934092307
804 997023489
806 989888682
808 950580070
810 993231512
812 929851417
814 924471191
816 958216841
818 944785592
820 943298593
822 920621366
824 998873975
826 963820919
828 972009045
830 952315271
832 993846166
834 933812168
836 906763502
838 908022939
840 956177517
842 968762017
844 901113884
846 928151727
848 908791045
850 914406197
852 935435035
854 929398425
856 944725863
858 964164386
860 911302855
862 928389296
864 968741267
866 924633279
868 983812531
870 911809337
872 950599940
874 948441730
876 942485351
878 944264278
880 957478805
882 905800198
884 963874243
886 955315845
888 971016685
890 992052554
892 975914028
894 931682857
896 997821404
898 939290495
900 956661155
902 978922561
904 926504082
906 956021828
908 910204300
910 951588026
912 915669443
914 968750764
916 998868918
918 982871275
920 920930065
922 938295136
924 953081829
926 928629175
928 954829583
930 983909636
932 969433788
934 956163132
936 922816289
938 921867581
940 903305949
942 958440957
944 996604281
946 968525924
948 938541245
950 978214006
952 962155669
954 997775756
956 927924223
958 943405869
960 942273194
962 976853263
964 985051442
966 964976605
968 928592328
970 989608553
972 916025010
974 974780981
976 935613730
978 912784797
980 975708842
982 923645925
984 970927544
986 962553126
988 953635761
990 922164117
992 987965188
994 981262246
996 963775431
998 904518871
1000 938953107
1002 996327136
1004 974272689
1006 914500252
1008 975922200
1010 933765118
1012 969075623
1014 901893198
1016 918803591
1018 932438188
1020 920527662
1022 963848032
1024 987124654
1026 916863789
1028 914103171
1030 954045513
1032 952278055
1034 917842412
1036 921449358
1038 982909465
1040 958267718
1042 927813291
1044 959912051
1046 914763467
1048 968707261
1050 900374968
1052 939605576
1054 958926423
1056 982829691
1058 919028802
1060 956585069
1062 930732177
1064 997163298
1066 929783957
1068 992533439
1070 967829313
1072 958773595
1074 995205677
1076 903253984
1078 977373841
1080 973427822
1082 938067730
1084 912342102
1086 978650325
1088 929803681
1090 991044115
1092 947707710
1094 979113704
1096 967730239
1098 941034368
1100 910525288
1102 924032631
1104 935621341
1106 912344848
1108 929787412
1110 948326430
1112 959976962
1114 949117569
1116 976101959
1118 971028878
1120 950200829
1122 960511977
1124 927226300
1126 949630290
1128 961792757
1130 933247272
1132 921714743
1134 966204139
1136 992527851
1138 961487067
1140 929175764
1142 967177003
1144 942937339
1146 952314429
1148 934154632
1150 983629416
1152 930895991
1154 938928175
1156 959996000
1158 961670445
1160 917856596
1162 940503803
1164 929125013
1166 997853685
1168 956960036
1170 997294236
1172 935683877
1174 975866265
1176 984665974
1178 977293601
1180 931942426
1182 952382918
1184 997106398
1186 936772260
1188 956980574
1190 978009198
1192 908034364
1194 994381941
1196 931173002
1198 954182576
1200 999170056
1202 956582417
1204 911431810
1206 984223752
1208 999968134
1210 905976281
1212 907468560
1214 968930313
1216 951487916
1218 998317739
1220 917686184
1222 999201620
1224 986340767
1226 999151302
1228 947255226
1230 928843787
1232 929155842
1234 935384103
1236 940925666
1238 993931704
1240 979394004
1242 904817419
1244 979221946
1246 983264748
1248 951867897
1250 925960709
1252 986636694
1254 929987420
1256 962454636
1258 947435334
1260 907519347
1262 932639750
1264 992475012
1266 936705240
1268 943059853
1270 910910015
1272 984665686
1274 991684833
1276 903685159
1278 934732733
1280 959247263
1282 971794099
1284 952479112
1286 974836328
1288 918269734
1290 942587503
1292 920608376
1294 983888588
1296 933959689
1298 921304436
1300 904173527
1302 938093398
1304 968450500
1306 938270936
1308 963167010
1310 948466534
1312 922360991
1314 989994116
1316 975507205
1318 994472244
1320 907912096
1322 971952999
1324 901910063
1326 916400385
1328 904814962
1330 991101991
1332 921524098
1334 967659435
1336 962377876
1338 938381161
1340 913798709
1342 925756315
1344 995462436
1346 950158047
1348 963720855
1350 965086130
1352 969445412
1354 946130130
1356 913034593
1358 923263485
1360 952964836
1362 954567111
1364 954526965
1366 905137700
1368 998036310
1370 970839329
1372 997564026
1374 942343127
1376 983790534
1378 943906606
1380 969206976
1382 908376873
1384 972335237
1386 900763191
1388 924101065
1390 984349721
1392 983533130
1394 936262026
1396 984956859
1398 973520900
1400 901354079
1402 973489687
1404 958783913
1406 907619166
1408 976637748
1410 951642835
1412 910579617
1414 922475343
1416 980587152
1418 945988208
1420 908714891
1422 981833336
1424 936618295
1426 946133136
1428 994439566
1430 981253817
1432 948684187
1434 972783220
1436 974962736
1438 950919712
1440 992890503
1442 953851442
1444 915838707
1446 928756484
1448 909998136
1450 980742205
1452 901889737
1454 965342055
1456 991014296
1458 985610157
1460 909168781
1462 911161068
1464 911553579
1466 956322189
1468 976589656
1470 990935764
1472 953057186
1474 920972702
1476 966990062
1478 948975998
1480 922236201
1482 929473945
1484 974721413
1486 971578722
1488 904356757
1490 933315861
1492 937203941
1494 933970444
1496 954453618
1498 915787115
1500 952292994
1502 929345756
1504 943383277
1506 934237297
1508 969767800
1510 926890782
1512 913503823
1514 991813312
1516 916627206
1518 912679156
1520 922483646
1522 910774739
1524 943105397
1526 934974622
1528 999550130
1530 906451852
1532 996811078
1534 937477291
1536 989625215
1538 955835547
1540 937774608
1542 958299647
1544 987809184
1546 910252948
1548 923826046
1550 910073265
1552 976100379
1554 949139105
1556 926034452
1558 938623581
1560 986615578
1562 983064129
1564 910175460
1566 904109651
1568 996335904
1570 940091356
1572 920625805
1574 935284882
1576 904801501
1578 950383375
1580 996183615
1582 936856449
1584 915533442
1586 922793053
1588 962126164
1590 941092227
1592 909886847
1594 959797291
1596 996495571
1598 989443332
1600 989258247
1602 968569345
1604 922883307
1606 986577837
1608 991654608
1610 915734953
1612 975470824
1614 963668212
1616 933251279
1618 932530023
1620 964216377
1622 951664365
1624 976883513
1626 932394608
1628 966295305
1630 970422072
1632 904701283
1634 952362231
1636 996276903
1638 937869607
1640 945799704
1642 973615032
1644 982452745
1646 983169611
1648 918451183
1650 988256430
1652 974975500
1654 954741179
1656 965627382
1658 989873084
1660 946265319
1662 941128628
1664 939254288
1666 984351070
1668 927103550
1670 977547405
1672 904679535
1674 903194837
1676 938131561
1678 930959627
1680 928959651
1682 973462679
1684 940515043
1686 972165238
1688 979372860
1690 995825908
1692 928451463
1694 972495315
1696 938224761
1698 983576997
1700 950661778
1702 941245111
1704 924667389
1706 990840911
1708 952257733
1710 913519922
1712 915066767
1714 936655195
1716 939506331
1718 935403592
1720 955744760
1722 990527415
1724 934456494
1726 900597314
1728 945130596
1730 986048829
1732 967586737
1734 964631404
1736 903963925
1738 995405611
1740 916138017
1742 990687383
1744 954101363
1746 951300541
1748 962812802
1750 985105387
1752 905242172
1754 910353854
1756 925491288
1758 980188195
1760 941348539
1762 953473046
1764 955507780
1766 999788540
1768 944629299
1770 993309545
1772 940993454
1774 976055315
1776 968559541
1778 950549648
1780 954361358
1782 927146049
1784 920132001
1786 916841540
1788 905397866
1790 920781090
1792 906865901
1794 955875454
1796 910508693
1798 937915426
1800 966456792
1802 925527597
1804 962874440
1806 970915562
1808 921151486
1810 914655860
1812 916877579
1814 938434128
1816 906612354
1818 992259777
1820 905071186
1822 979801887
1824 945669917
1826 954462622
1828 910650640
1830 906300694
1832 965237537
1834 924563442
1836 952354708
1838 959942150
1840 986432278
1842 970018007
1844 906859028
1846 903350183
1848 936727814
1850 959817345
1852 952658727
1854 960173306
1856 949800927
1858 931025266
1860 942987057
1862 949458707
1864 933627543
1866 920633623
1868 925030277
1870 953493108
1872 927528779
1874 946155162
1876 951963670
1878 961021345
1880 918947356
1882 926864505
1884 984497435
1886 951994098
1888 990773717
1890 958492995
1892 980781574
1894 901475838
1896 986000267
1898 981991163
1900 998227745
1902 992440281
1904 984319785
1906 999459342
1908 917709744
1910 901613304
1912 900543738
1914 996500497
1916 963773024
1918 950499214
1920 920587978
1922 933624994
1924 979668499
1926 960124095
1928 981933637
1930 901050542
1932 905089037
1934 923782568
1936 978835651
1938 988271779
1940 957361585
1942 927656589
1944 932246252
1946 972167355
1948 967101425
1950 911448172
1952 967984890
1954 919757919
1956 977057337
1958 926865434
1960 973152832
1962 954397454
1964 993828659
1966 977155427
1968 955068081
1970 943543802
1972 993466747
1974 993952985
1976 956453370
1978 964236265
1980 970687695
1982 909080849
1984 983870576
1986 954219451
1988 955377452
1990 939348473
1992 928536704
1994 926136227
1996 902884600
1998 911825250
2000 985971533
2002 922303794
2004 907965638
2006 985575941
2008 964868908
2010 961534421
2012 944085751
2014 928603517
2016 960489189
2018 912678777
2020 965091060
2022 949996178
2024 970193495
2027 972538908
2029 981472664
2031 970332997
2033 998564467
2035 920136555
2037 904327226
2039 970110313
2041 929085443
2043 998272570
2045 943914674
2047 982220864
2049 907073432
2051 976078400
2053 920717675
2055 923957100
2057 941814765
2059 981256623
2061 982366741
2063 921467125
2065 959837513
2067 936440725
2069 916479394
2071 980129207
2073 927238370
2075 967328318
2077 931912799
2079 914357530
2081 953080606
2083 984408871
2085 965718129
2087 978098277
2089 916627225
2091 980937419
2093 973185785
2095 936516104
2097 918130813
2099 924531769
2101 962302534
2103 914718246
2105 998662146
2107 947242092
2109 908502830
2111 994239875
2113 916561815
2115 955649384
2117 988558402
2119 976127802
2121 902089708
2123 974140234
2125 997080027
2127 945507682
2129 946864938
2131 932463533
2133 973498691
2135 959925893
2137 949121078
2139 987093482
2141 978234003
2143 953872439
2145 922025600
2147 925587389
2149 957662255
2151 961592710
2153 902096763
2155 976271362
2157 966550400
2159 917639536
2161 964083948
2163 911236059
2165 988184059
2167 918705091
2169 935228075
2171 970178610
2173 902671362
2175 960092037
2177 940239811
2179 934138654
2181 957578399
2183 917467537
2185 981380092
2187 997231181
2189 974769605
2191 978313453
2193 965859303
2195 994270405
2197 924930009
2199 990787582
2201 935339366
2203 942150552
2205 921890152
2207 970171907
2209 920831236
2211 956145506
2213 956877671
2215 951999980
2217 984732033
2219 954175144
2221 959785420
2223 906614616
2225 996514594
2227 917374498
2229 936669005
2231 956256420
2233 912647375
2235 961635244
2237 942395023
2239 983499649
2241 947720663
2243 948401214
2245 951950948
2247 983586431
2249 995029553
2251 951471400
2253 937123767
2255 981922891
2257 981784242
2259 998788865
2261 902750766
2263 909836340
2265 927383511
2267 997001486
2269 949620323
2271 929438230
2273 993632740
2275 950992085
2277 983582256
2279 931754482
2281 930250922
2283 902954030
2285 917428867
2287 924487717
2289 960627313
2291 966668084
2293 994953827
2295 905360533
2297 945391968
2299 978115460
2301 985745214
2303 917565280
2305 979719133
2307 949890484
2309 996032300
2311 922810987
2313 929503575
2315 967509436
2317 969196736
2319 965368061
2321 919085732
2323 910275606
2325 971956847
2327 989494313
2329 983501111
2331 944714088
2333 973446191
2335 950125163
2337 980925775
2339 986971355
2341 977244602
2343 958127359
2345 913722674
2347 987849040
2349 926965158
2351 989516251
2353 988381307
2355 974354847
2357 902189802
2359 940155344
2361 901524778
2363 978420250
2365 989657747
2367 982374543
2369 985829564
2371 985644838
2373 909974967
2375 947594038
2377 959983218
2379 993326159
2381 994990188
2383 910040210
2385 913457486
2387 937620547
2389 901542892
2391 937422934
2393 937475093
2395 926635683
2397 964026462
2399 940476406
2401 900438393
2403 915795409
2405 991266492
2407 906620883
2409 956178050
2411 927902327
2413 950937327
2415 956754959
2417 901850240
2419 935195186
2421 939930594
2423 930319426
2425 905242557
2427 901204969
2429 975499046
2431 967072420
2433 935606351
2435 900552801
2437 949600197
2439 989657818
2441 992736988
2443 954923104
2445 922151255
2447 966282365
2449 925637262
2451 958637088
2453 948257541
2455 905134943
2457 929836849
2459 934792044
2461 978822566
2463 908308947
2465 957345212
2467 913242784
2469 969367481
2471 934031455
2473 990185899
2475 984384545
2477 973332848
2479 947534193
2481 929157204
2483 952874070
2485 955557595
2487 949597351
2489 935491755
2491 913348135
2493 972225812
2495 919841395
2497 906140878
2499 995735125
2501 932859457
2503 946675186
2505 939135177
2507 913373889
2509 946394793
2511 928019584
2513 941040178
2515 928923945
2517 939379306
2519 972375078
2521 925820851
2523 970503747
2525 945593174
2527 904804779
2529 981515026
2531 913679232
2533 944007837
2535 901617692
2537 999951252
2539 989254095
2541 937660180
2543 936636340
2545 939333741
2547 949589468
2549 974073479
2551 973138863
2553 995479959
2555 938561662
2557 917553903
2559 926376611
2561 982154218
2563 912040434
2565 938512673
2567 919182498
2569 919898782
2571 934465055
2573 986067459
2575 935793698
2577 921049874
2579 978656513
2581 900042056
2583 989679129
2585 955858919
2587 927433335
2589 924924200
2591 974788811
2593 937565871
2595 954213249
2597 992512218
2599 985450274
2601 908110047
2603 932718736
2605 968371455
2607 926487372
2609 947867783
2611 989791696
2613 956844251
2615 923802945
2617 965833911
2619 924203396
2621 971055935
2623 944867023
2625 944933545
2627 992778719
2629 928503254
2631 983102564
2633 989544687
2635 944936875
2637 935307771
2639 966474807
2641 920201006
2643 996456955
2645 932844960
2647 946348621
2649 909054738
2651 960697217
2653 977475476
2655 965503550
2657 917412462
2659 988705915
2661 982578066
2663 966991973
2665 994683515
2667 969710658
2669 968309679
2671 944631076
2673 989756711
2675 969581111
2677 986874442
2679 964826187
2681 962792061
2683 983157569
2685 961131820
2687 918353657
2689 943732547
2691 930150577
2693 918342055
2695 975564213
2697 943780509
2699 924206269
2701 952718351
2703 994369561
2705 967748940
2707 932047677
2709 925914529
2711 976546473
2713 941010375
2715 965394484
2717 961646095
2719 905745187
2721 945320808
2723 985213305
2725 949918801
2727 978143732
2729 986431150
2731 999831505
2733 959977176
2735 999995392
2737 921661052
2739 941992594
2741 921806296
2743 965164700
2745 942525570
2747 966313368
2749 942083274
2751 906699926
2753 939408385
2755 956833055
2757 948114349
2759 909487959
2761 946910929
2763 923473435
2765 992265808
2767 906919512
2769 963864411
2771 943259227
2773 986529630
2775 999961529
2777 922696203
2779 927444233
2781 935741929
2783 990035852
2785 989454984
2787 909495658
2789 927341409
2791 974875137
2793 954040180
2795 964334199
2797 912868985
2799 927557298
2801 962894869
2803 951175584
2805 988932530
2807 921120274
2809 997258455
2811 989234183
2813 922416346
2815 978120125
2817 966912259
2819 945585819
2821 960993935
2823 931886892
2825 946684214
2827 971924167
2829 967155549
2831 926381876
2833 968032007
2835 992500833
2837 961446641
2839 999791618
2841 947024768
2843 972371612
2845 908194196
2847 902786234
2849 902133665
2851 977886761
2853 909533389
2855 981663226
2857 960497279
2859 930278381
2861 980968616
2863 931165902
2865 989304332
2867 925708646
2869 934406124
2871 900847770
2873 972601712
2875 993592483
2877 987882122
2879 922236425
2881 967451540
2883 981386360
2885 983781618
2887 947947811
2889 924813179
2891 933659695
2893 913560879
2895 938729602
2897 902049798
2899 965875541
2901 909021966
2903 939319249
2905 900590223
2907 991603434
2909 967338846
2911 970470781
2913 959953300
2915 933847598
2917 909281567
2919 978300522
2921 967827721
2923 973090079
2925 925126481
2927 927858805
2929 919901411
2931 915704515
2933 939931630
2935 961363617
2937 935089256
2939 941993834
2941 902585034
2943 957108166
2945 953311944
2947 958910462
2949 948932047
2951 975503004
2953 953343222
2955 971706813
2957 953210106
2959 925993594
2961 967664771
2963 920158010
2965 950050094
2967 932200500
2969 960516725
2971 906001410
2973 960766773
2975 988208034
2977 975903233
2979 951875239
2981 933254530
2983 997159501
2985 993334516
2987 976884433
2989 939562275
2991 936089760
2993 950174616
2995 904516909
2997 915858950
2999 987203164
3001 968219109
3003 905131967
3005 950140194
3007 918635993
3009 970400789
3011 989874661
3013 938446326
3015 985915021
3017 983447196
3019 983368027
3021 948387464
3023 984887842
3025 977900539
3027 900432751
3029 965717529
3031 946570544
3033 934321635
3035 971045081
3037 982702987
3039 954001438
3041 974895251
3043 978108746
3045 987394067
3047 990832995
3049 902236600
3051 969806112
3053 996161357
3055 946620856
3057 991296285
3059 933103154
3061 999213545
3063 955162945
3065 976934145
3067 978294282
3069 985675680
3071 996834003
3073 909055014
3075 965167830
3077 913211696
3079 950921395
3081 961914567
3083 913400961
3085 911446612
3087 967572896
3089 949002883
3091 990600056
3093 969916875
3095 906285030
3097 935557459
3099 929431354
3101 915060184
3103 928440581
3105 972356612
3107 950912256
3109 960278657
3111 959350356
3113 919976852
3115 961964112
3117 968111142
3119 904215773
3121 965118750
3123 991839126
3125 940540477
3127 986467965
3129 920968590
3131 992888991
3133 958954358
3135 956194532
3137 937937467
3139 925210533
3141 943112484
3143 983822025
3145 924441296
3147 998057259
3149 937933699
3151 906563326
3153 900177282
3155 968541586
3157 973249504
3159 971911300
3161 918663919
3163 922563591
3165 979583855
3167 914047696
3169 959475776
3171 979014394
3173 958523404
3175 965485855
3177 913894971
3179 943940498
3181 912101048
3183 999806564
3185 951362544
3187 967368455
3189 900581979
3191 937739489
3193 949515453
3195 975208747
3197 991497738
3199 921194839
3201 947889930
3203 924531575
3205 922860261
3207 970884417
3209 969789427
3211 954033575
3213 903067813
3215 960304176
3217 927801402
3219 973976387
3221 957128795
3223 931661043
3225 924532714
3227 933557737
3229 947276632
3231 928446615
3233 925770885
3235 908482753
3237 987723073
3239 902364872
3241 986886362
3243 970495459
3245 941377752
3247 903570962
3249 993500065
3251 968950316
3253 984858453
3255 925362915
3257 970607557
3259 973624981
3261 997215469
3263 991285379
3265 935972949
3267 900370764
3269 952656101
3271 921361804
3273 980759320
3275 939647568
3277 964839060
3279 921387765
3281 948722913
3283 956391519
3285 909597206
3287 970503901
3289 942058773
3291 995999510
3293 978061980
3295 927239983
3297 988471353
3299 923642681
3301 981574005
3303 977611080
3305 939624558
3307 999792002
3309 900971081
3311 905616743
3313 993569818
3315 931857781
3317 993714761
3319 972042693
3321 961405542
3323 907849157
3325 902216111
3327 907170635
3329 996029560
3331 923947974
3333 907910739
3335 927878605
3337 900941682
3339 989531811
3341 902837275
3343 941342184
3345 947784248
3347 932938577
3349 948497013
3351 987174509
3353 921284897
3355 927685426
3357 943836630
3359 915321120
3361 997114498
3363 966992163
3365 981145642
3367 927934772
3369 908920195
3371 917800369
3373 983198577
3375 956296704
3377 995499497
3379 984742079
3381 990917036
3383 969984855
3385 917677790
3387 954573580
3389 960306305
3391 990780978
3393 945095654
3395 949654121
3397 917968605
3399 964228619
3401 949960885
3403 941744370
3405 916854106
3407 933256500
3409 907308423
3411 918792215
3413 902567548
3415 922514022
3417 901976146
3419 996479305
3421 928902657
3423 902513618
3425 914602347
3427 976459249
3429 922350521
3431 905142844
3433 907342503
3435 990453174
3437 955220041
3439 902803946
3441 937137975
3443 915722435
3445 989006140
3447 968968526
3449 971725285
3451 927654985
3453 922154759
3455 963262327
3457 921564979
3459 963849665
3461 908245408
3463 935642825
3465 962624294
3467 958862220
3469 933971983
3471 917688398
3473 973987418
3475 920966728
3477 976085352
3479 939113845
3481 912245394
3483 950848372
3485 974171170
3487 941467922
3489 949474229
3491 981541876
3493 922663881
3495 907474799
3497 975957681
3499 969717887
3501 934464661
3503 936361024
3505 948560746
3507 993486135
3509 924576082
3511 945019424
3513 911121861
3515 952893565
3517 956454836
3519 971414158
3521 907790438
3523 996134960
3525 975718547
3527 977325415
3529 940196938
3531 902663220
3533 936745782
3535 993063571
3537 972936111
3539 953088601
3541 961041560
3543 931582903
3545 998350640
3547 902929530
3549 953062070
3551 983172287
3553 980865849
3555 958869416
3557 984185399
3559 955699433
3561 939272230
3563 968022003
3565 958566455
3567 958694000
3569 998343461
3571 948074017
3573 978158337
3575 998962233
3577 996829765
3579 986641941
3581 997793442
3583 934224500
3585 914888410
3587 935082914
3589 954659100
3591 938354628
3593 943123133
3595 920203161
3597 949904794
3599 965591608
3601 932799720
3603 936172568
3605 948534451
3607 977895572
3609 984893977
3611 915801743
3613 968284319
3615 900356810
3617 926898420
3619 966213792
3621 985837259
3623 906165694
3625 912265586
3627 904236074
3629 935914551
3631 966169648
3633 943657530
3635 938462661
3637 913249232
3639 964425606
3641 902837245
3643 912171080
3645 998816205
3647 963733219
3649 989587425
3651 958129809
3653 932014104
3655 950916083
3657 977380921
3659 964386998
3661 979449409
3663 982746929
3665 944183759
3667 906237766
3669 966680105
3671 921022002
3673 945760638
3675 946759887
3677 944128889
3679 921771893
3681 902926567
3683 987409099
3685 997118674
3687 914018917
3689 973580908
3691 940892448
3693 923191584
3695 916123137
3697 964485267
3699 971446904
3701 932218862
3703 907829007
3705 911826313
3707 990359717
3709 963965223
3711 957794827
3713 998417870
3715 920458549
3717 934514898
3719 962651472
3721 972812494
3723 916525760
3725 909928859
3727 924591175
3729 960901926
3731 906464714
3733 987702472
3735 979540151
3737 921621380
3739 943024014
3741 917695391
3743 931079808
3745 931478544
3747 996603494
3749 952041958
3751 946424699
3753 905534646
3755 941375965
3757 938336471
3759 956098854
3761 908684376
3763 923978317
3765 986750068
3767 966983855
3769 903218464
3771 959636657
3773 916890701
3775 926620063
3777 994605679
3779 986517674
3781 988941407
3783 910749884
3785 993029558
3787 979204288
3789 912470223
3791 900304856
3793 901954808
3795 920331706
3797 910603729
3799 979270489
3801 960262874
3803 932023383
3805 942460324
3807 910098405
3809 967841543
3811 910934817
3813 962352261
3815 974558492
3817 924297995
3819 999654544
3821 918274328
3823 950915904
3825 990542409
3827 928472677
3829 968158009
3831 955080716
3833 941074900
3835 965758646
3837 918543820
3839 941592500
3841 921446546
3843 909389291
3845 992481428
3847 914679262
3849 990748027
3851 988568515
3853 944620230
3855 979922782
3857 922595079
3859 960001690
3861 999842176
3863 947486267
3865 914503704
3867 900682031
3869 991370270
3871 927018450
3873 984966824
3875 903986285
3877 960296807
3879 979811469
3881 910065521
3883 989460525
3885 952762482
3887 947195211
3889 900199579
3891 952321100
3893 918566557
3895 995209332
3897 956572945
3899 945667786
3901 965778122
3903 996583213
3905 973237430
3907 967160172
3909 962449248
3911 975356156
3913 974171508
3915 973401325
3917 923936037
3919 944730800
3921 963032634
3923 970366811
3925 914634468
3927 986705678
3929 951546305
3931 909885174
3933 943403222
3935 959191139
3937 917652416
3939 905050427
3941 988840960
3943 906666488
3945 926036257
3947 933193633
3949 935297481
3951 983006033
3953 937032614
3955 956783145
3957 972928835
3959 973594196
3961 974955368
3963 931165811
3965 969032522
3967 947345029
3969 976348827
3971 969292275
3973 912522329
3975 946558668
3977 921543004
3979 990319301
3981 975297020
3983 910114521
3985 939530592
3987 951385315
3989 982701450
3991 981816665
3993 908821148
3995 972756570
3997 999479354
3999 948073538
4001 968867554
