100000000000 2000 2000 5 4002
1251226705
85924799802
35070892085
64471356699
86531902907
42853724684
73376288655
23316519750
73266295012
62904323973
90088340387
37303595853
97989805937
22562534114
54446028936
1991425865
24158404559
74450205058
33605399349
84823259271
65517537521
45631354774
20786153376
72162749015
11129816829
86153589062
18882655444
42325073649
15282969747
14020354181
87929999770
22352552367
66429397112
76619026266
45196081996
29113408051
8884575934
29059477269
61628631448
45778823068
95239081243
5015816677
54775208559
40917276551
94245044460
84906337106
61571057532
23567877356
29691593857
4429834012
23343425885
33311275242
85764636138
546178777
12753406547
95277451566
65133623272
84927626625
59490943770
90430169525
59293010617
63360139257
9745488223
89863422541
35006436400
81410420620
63016616868
577258749
46270875005
25727665947
21420522159
61653226460
61917982555
25406065203
13517831507
42136094767
43931935375
7696532327
10778794781
99203298654
25166805878
75767440966
60797325177
37807614241
4406698222
65823741881
60617351414
20998632549
84439875956
59432225046
7178622473
68666229274
13609776862
64759584596
93469484989
16799561027
28622798793
83173650296
12079431183
14642793775
49352049699
36971367672
30534696353
87538240677
22196545697
80156622804
22225889930
111194398
46669752691
77129361805
39218805166
22614430702
17479504362
17845574886
38367486337
96508656329
31283899206
60182127730
62994251379
557281910
71612653439
23885545762
58285616459
20123428426
1928881551
61698497763
54321212993
73217213642
34104260351
57684897750
84058686282
15999631762
3710583416
35269550482
24099313655
30395037127
46975512599
94659845471
60569919086
99448096837
54245110566
30202295086
45869806652
21949379094
85438745333
3802294421
80718526391
67822569347
53684936318
23006014239
97418771644
41149486179
61420000754
81976958943
62330263147
6955301102
88886697105
46600981678
55971016542
74119105061
81275163000
53275829460
85158171773
55852775714
96027971794
16669247847
51000066975
57066089000
29494631871
30067150941
28590986244
75204792558
73975824421
5545703666
65933523248
64802255953
81400906269
58403072878
44653669321
77426279597
59191733219
45309959998
1233408025
82373227183
98184654271
4223783386
31220443972
30489352788
22764761609
42985188483
31800984354
37051026699
56215576121
42681998168
71972694141
29021688912
90975237074
57384591105
30987235152
82706747108
96522854945
39831687414
37163133747
19463536305
10022427863
81388578006
60308610160
71540555171
71801602040
84359945776
56571772067
6138534811
18040346004
89638263821
37944333006
96022355842
43167186067
48791647136
55345679838
9307386306
53211723831
20972019644
99309368323
95397580255
86845043505
17126778660
36367800372
28339857902
84398946564
37108263363
95758055268
41177206621
56554209809
6024092837
47062512968
43754997691
21878022407
56889391795
74002479095
85857645507
15964824469
21814749995
76724206747
61201002092
45811992812
90529236721
9911831868
26804062214
31963015744
9010735654
59138473030
1698518244
74256640270
23813804425
2446705907
66986856654
9130392794
59861354071
30509067234
59972064775
25779979208
94789370445
209492525
10105222869
9554690408
84265648169
70745040566
5280801877
90210009625
80601476465
44974325332
45250451898
64244167724
80386710743
45585043797
21593832644
30663664878
19513282308
92569815719
501077351
56477244859
92582569604
38735444747
69975147163
18056305020
29554917909
597155082
25741184975
26550914059
28132662850
3610931347
16364709423
45029364615
28452811629
37308900786
44914763510
38643393089
1963102432
20744090692
42067661498
89041901221
63156163536
37361755694
56934982005
71914425996
17418545138
2897890922
54058582116
21543424350
35368917532
14020766228
24592869052
55578581518
54680696226
12923104580
28486582349
72989057710
96933254959
59342114853
86037414861
71143845082
95501570137
17300184907
37853252788
44823787726
26000360535
75301557705
60883075025
96768612892
66266955897
56301412606
25942764414
1197092343
41832625164
9786336616
87343920400
6952220531
52651612651
87009306626
52429640648
74105569774
52849138128
83720099545
51959199205
88078226923
89134613413
29162546588
91860248116
96818673079
61794983027
87565607177
43788992594
42203277729
37936525863
35586609796
38479976616
38664917720
61668224197
65776417290
72112396661
53101664406
14596529078
52534512273
64036816015
75014843177
85153189647
86100308256
31164847907
91345596125
35536576766
30318055125
91866345870
63991499534
18979299134
79004694642
49901571967
14665322290
24430551711
3760013815
93897783719
72614604385
72056130103
43980653006
45584610183
2937150600
7597273112
34628597509
78455733659
47006383784
57947680823
69884398898
2449415859
65085234917
57637499704
96038482714
62494991851
6429735630
1838701954
35873240547
96390040710
92956315178
9978866937
59034733037
6303304771
20941998088
49385964962
61197609575
93971107981
37295320902
33977874318
76840060995
16083578375
37923080752
76107843505
40668380331
4462302711
58471448034
48943995740
22304759462
23165557423
23471862263
26298852367
84817614187
11861418391
63584439037
23072502802
47138882661
74087117855
98160236365
39114491580
51239755727
31393789558
84842586056
36683336278
10505867629
89052955723
8036670607
10287303485
51757884158
75525553841
36492961133
17835638549
97290329940
32197488841
87542693208
83101550485
57653160658
70133426782
53538352349
36327703057
87501245999
68787430267
73139484673
45940039690
10321676336
39589423913
85539792145
49993028463
28889503786
39494573223
66006090824
19725611004
4757569999
39600661803
41354851695
31135494753
29490265137
69010374027
18638903378
44533850287
56008193091
37905923767
89600091838
21485330832
8792217344
50258514255
46864187236
86511948273
33412440437
49207844905
37271024347
12899882375
49954780746
23384566297
86306992820
18533756005
33924730224
57393211785
86840595832
79058377656
83694642872
41207426345
5557184033
69141535899
77615638240
66054572998
29523327627
42455479322
77129196722
44006679551
34286966582
18639476705
6705602997
79998363460
72519421153
79604723303
10626088043
81223832155
60624646861
97206377329
88463005757
3517871605
86970736130
83853670101
93811772222
47254095149
95366366652
11087462977
30113737884
26989681987
24793223784
83509389254
47795717794
80269161172
36479145305
2398721428
14551811004
97797630659
24209646361
91146696057
76373322641
89652997240
90451735
24801839982
14059376415
99858892145
3041905371
51122638873
83901125199
24954487944
32875500042
69960757452
92675029990
48984946406
32133286879
87193308924
17342282532
71793147718
96802320149
40541362748
24477353614
66120278313
41585194581
48225666533
20287908856
38933731206
95530540044
5781931035
92987143838
14963097933
14929951812
29642501093
54376247571
39109517619
8492303743
48918108399
78953724627
23569111522
66397947768
83894364938
12886268333
4030699569
27057625888
14277760303
49861651290
10171894034
47466532116
22982255510
93639952477
62590201382
92010648436
95709887381
16964323742
88922130204
57582443677
3509018408
33212324481
81515458760
95169098187
84976366006
66038863538
96349184250
46295638019
74502238156
93186207366
35279335356
23759659714
4636296129
22663080764
8882891699
90567740643
53304187559
13095696627
56042105857
28118894231
62054839235
62096682054
9710047934
94028426239
56302830567
54166983124
61221143977
9493100935
8314598190
82441205543
17499159948
63827554619
13118573552
77996498636
60079149380
92619190968
28184039076
14921265479
41593784781
19730426886
67168121157
24150802976
61251305219
45315369657
70637180916
21344910355
72172234272
89332785403
36196468385
89386978310
53496188803
7961185156
43800995468
26339594253
4105206993
77413206285
55624780986
70428717949
81126311197
21114069810
22099737636
73381769832
4384581794
32787956058
733606416
75821841036
13167621999
89399137351
78750743404
56420836912
20006060283
6971196676
70891908255
33743790798
65364738218
16692300756
79165204954
41676835959
42994607911
45665654889
6925992937
41694168175
20825467356
78853148923
53669349642
53879184518
3691834680
90261137311
70692752224
36531593648
22805123467
63394195489
81459932314
45082637592
92543030675
1612058379
43735199453
56380023218
51993429471
97363786173
53842338611
44104203502
54752461399
24694168401
76707619078
47639519054
30408085110
84253585275
32123967262
30981638618
32849616445
5519438163
68935312484
56825326751
58806092734
25698682404
83553693595
24393903801
69851690804
47886189546
60131141343
18553272310
1804958370
29175274985
61535719603
76849248144
48727996055
69399429422
28846370344
97554905023
60712579661
94887298292
27495101224
98710429512
9053623867
64388512987
81301250753
47527536640
67056547073
59097773726
6153528154
46599863840
31238725968
16804221631
67044104587
38182493613
80150348544
23921234103
6705429630
15812352437
17400178259
90979475225
51094604841
6831840461
35804211450
46501828482
59248281089
84386216679
4944971546
84029182670
69458617340
81454247212
25295893748
36877256269
24976238136
14549225356
73891787173
42672414162
61186099249
34722505580
89752579672
45752463886
53869108079
76735346328
75531867749
97808843870
48038743955
42349940437
76055252180
62337030402
50493507215
63194135397
45890749728
2138076546
67359280821
9671633960
6625233915
57348466165
21096423576
61400594997
97696519084
26298078811
59645172351
12034978182
12798817253
4603472162
56513947791
71224125170
6946116696
79814941194
57126685086
57243411754
83236743758
47108279601
88685636662
11928480737
1234134497
53316224364
54760816186
1993721626
10792207069
57098676601
49764578474
13456603777
28728080260
70549983023
73139761955
46661394899
15857912658
67086307581
75474058693
52836348265
10418616593
18685468479
93661683416
3155457698
55533738719
17106692857
5172805646
50629647928
96952630144
73434876236
52693653563
29080490842
54854448999
26833315567
59193942939
88901930421
42124693074
98068672312
53579158639
89219714012
79563692236
71258524936
28805057009
24211836434
96523027665
3796152016
27630463657
60086688830
96412480281
7254279281
98045595806
7396293704
50264665376
60503718298
9967624456
81648407884
80723785470
51079296020
63351247598
8947406634
27570683933
21141797780
8095435634
78608919286
50684393955
92650773003
89394361159
27908492259
33817709692
24508346083
15840329776
19733568509
93356512016
53687110804
56352821000
79281850127
13630463046
48839720281
81751294254
52422324626
19011901997
66614447903
68990350748
77293686303
60838380394
29608191804
46437287847
93991893896
85975703798
71922381097
81410500199
97697295876
50614927968
42276928961
17210846806
7375930210
14913168837
58379253444
79438110878
86934637245
54488061606
40753980413
21957799483
57379551391
69555549383
7992368612
37426932064
68146586775
66623057684
26485582175
33860280256
75595045995
37974936694
71712855721
79450658425
23972510253
5564610646
43631002046
92851051655
47465242761
99235324953
82059503804
30657288581
94154342870
40812733324
47266868695
47979934308
18083041175
1291324801
85177778502
51589626136
81409684095
51866251065
2884194631
83425143382
50627416665
45644362454
67467735016
44573782294
32030768636
56562462444
793753771
33612760081
1054580411
18129931379
37038807908
60075456927
13989686726
93710206166
64496858260
57313029559
70816534354
18735255186
59785817961
61790247293
6725526582
17453979645
54188433094
37395639011
63755820207
71463576419
68147900303
93884771495
41291392641
75488605261
70588528455
92680582203
3932653314
42317364206
33327506108
18989361876
185013031
28200315866
26892401776
16871964550
78770079991
6852755440
50512126049
39672280441
58074507679
42122598451
47894269964
98894802663
18161096914
65795365914
53719091826
97100722139
93253859113
95055137807
27158118468
3851699988
67474645077
20101858784
53270717644
70379420287
52921629434
91891972051
61069269336
68773021495
61026766319
87579348167
32784058951
18862405023
4442366961
6745332151
21442288432
75497538116
18933220863
75015591545
33800067066
11235286695
45944123889
65739481404
2502420037
7788551897
44123507541
96267800343
82832163154
25302706631
82544050605
78844118784
26832463164
96033038057
45682513521
80300731055
61204052925
3295390107
22179768637
86103292361
63970611903
15635821572
52394209311
86757701084
45875611880
66831791037
1450927264
52077271596
71893433334
27855713304
31965638644
90999242742
76306821204
57744869914
80559625057
32341609098
54287739114
38675464344
99484820077
32778880516
42474998810
11852289633
40036871530
18651979570
50722337246
26828621171
78853551957
67310719301
14906895314
64032428033
35197656310
73187412532
23839210921
4801329855
67218949992
97968588455
74542781068
66720874451
51179687854
20674188144
61892342950
70234346507
11268969727
15439320654
10019870493
3471792809
93972675724
38383523689
91828032776
61820940345
6818551556
65777812952
37110361800
14960610153
8644711177
34448012045
53272960790
28563211198
39034776105
30989527084
99617552112
55057385609
74612997621
92137712035
61149897877
97695227898
1628773633
80554669003
30465927138
2434293618
11285557401
49797606495
29371633039
70118025868
33514354679
19143772398
67526152569
72974030609
99459217607
12960217401
54338417090
13056254672
26702317985
52888555083
80331447037
22057999880
71100978312
813394693
72128330787
8108138763
84243567433
6810031548
94243408209
41904368553
43157131931
31510684896
71265543095
27797256161
42966407580
3491052597
50905567770
80198429735
52034412393
52147135013
54767491597
71272450071
79795060188
77288494043
22286891920
43979770752
28857938477
37574597930
62460987003
88516184221
28348053052
86057848520
8159552434
4752985604
51094402759
7382926634
6290204464
24394972130
74302500897
18844370836
15123337973
8222780287
76611157953
19694974600
50376863011
45872609211
83492170993
96304532298
11511275351
39576501605
86585917106
51073557231
49512883459
56456339688
44370971119
98546805040
15209141389
54887676225
64192262083
25088206199
34922660743
64516986041
31562092973
20017764276
34747161043
78573973291
67012998192
55701768477
49850430226
40726701434
62258279078
75355213165
33502576836
51519705262
5989408022
74020377843
88007645291
2450301298
61884333728
3889586739
54477766175
32905389604
13355177252
47747173207
44383431139
13492148495
39469864405
25897353370
15901868545
4628736580
51996131376
18543028222
42525317525
19795543869
86892046056
90213185025
71555349644
98851015671
59805930431
58198877372
84662853876
15230028264
98099142449
37909148627
24178758860
98040636585
58354000806
34066448420
20877777653
35861448005
34413056241
20809887482
61629464582
19247572902
81954603466
98395010092
89634785337
10746718245
98686717776
67260840974
88733803512
88440299151
8457783192
7417178058
69045501124
5193654461
20059851553
24473980430
43983030226
61793640471
28190546882
61916761979
45507434236
98650502789
7123608724
29364237091
47955458017
47145792106
13669789728
64451094445
22891674440
29248196863
70527376266
12734146663
71042139684
75622180807
15290497917
23550188661
52707949209
27099770247
3858860853
96644870436
54681996260
27070884849
37397433227
18525432217
76842555588
55642289680
14345346020
91410095283
61919519496
73343351176
7385495953
62342082569
45265279038
1033818111
95572337887
90201275054
83052612136
62400221300
3475806516
76396855916
11059156747
50911161005
85925611679
19749230417
47356371066
85630847875
21465598403
27609434377
72107590508
19981486166
37973230292
87080853800
39730007935
80586450204
93922576192
68693035320
33662101081
30529339854
89949612427
8299185515
78543953496
14949264525
47904584821
50113343590
9585526866
3295972048
15641854246
9755701432
50198124686
36250320598
34341833603
91173193489
12360321557
73592606668
28110955786
65004736192
46280267746
20883810269
27990709688
86707357265
81391291500
10489078883
67108231118
61650106849
35351268550
11409796951
21599033540
41551052286
33882350754
8463195070
67426723732
24983430833
31631284733
33992568513
87253581668
19322886296
92995497470
5448639909
22598267959
13695897468
14918732967
58262108246
78562522169
37665484302
85012760293
46210797579
80540701788
81621280953
25452226000
98237693827
84263038332
52822421932
8031794121
85896943739
11700790395
25521088507
82874488836
53173047320
76436300956
8111058144
16774702041
38866674493
45004649486
69146569851
69668812577
96087533902
11690155962
39555666766
22770354448
11623844377
36660424757
26650314455
91447337478
26642484376
5293627601
96446036101
94354215699
4411561362
7281205339
99467716934
94257941440
86072770554
9497891863
72501761704
27548063268
23064885940
65955806304
78147997723
35899789822
41742659437
14660464989
23419423820
63344627008
72593697226
74601403489
70236616305
75924656797
60291887246
52580360522
52379698313
68294741455
82167552329
22549421911
83727469812
94969330338
12775121781
83278766401
63619326200
5154809906
68272148479
22297831407
44449149040
29346655234
32624824830
21943887894
95632654899
60034509116
83363625581
91954579433
98634222396
31304026047
72254402393
78601406327
21278789777
7085384912
77635868200
68382833051
96659632376
1013687147
63074979560
28873965092
35108181277
69894165112
29897229949
38337467049
99882042420
5361916920
49101504660
30408775669
31639819795
73079589093
50836108390
87663416166
93352750348
28978366957
84991862567
30959888465
91667185122
41135154217
27456466689
962421002
49046374666
62262029239
74106582740
34878458718
24164470734
47629141052
51167587563
94917653771
16606526815
21116757708
91100184301
25672533203
29696837393
50461392080
60838789702
26625981302
23805077093
90988568981
33923926564
44764436202
1828186382
73336361332
90229719907
96196424328
9341333552
93625126022
55970932231
8242307281
12718817567
32197348234
90845264705
26313055064
59276599444
56051703993
5981633568
24814311910
70807946418
36003862781
82056614158
65207632443
16096599733
63980946521
70898671602
78427448648
16607549254
19623374970
46319843544
68016059438
46167735687
7310732510
97450018185
63611527092
90172289756
5810928973
34795083457
81803145370
61636259084
89222278405
38792248219
84579067744
68774033422
96471941883
68247775817
59062986293
44775034221
94592056805
59039817107
23656564147
44309513813
74391760521
99280314580
99145908347
98262059001
9095630224
50887539345
84709561224
87789450089
43679692549
33776574546
18130649988
69185112791
49697582060
42289368671
79302358964
2473120203
92026620422
25081491944
39001829962
34755954975
60980196399
86398303798
47456923632
32956949986
87916643791
5650202878
80555326776
62183361094
2597270491
47122814692
24673489200
68503210662
60820209302
64999651449
25149274696
54692686652
1711118782
43876017406
68238843147
10348581567
67596760206
58196608919
8924211970
89010430968
6151681157
75044233737
97290760267
57123334475
97731274532
21230006172
84783472393
64242062586
16531042455
51615733424
83439334752
10976922963
91932267192
947386134
69675544751
56449144924
60877603014
4545639548
62896300545
92339321308
72340788735
89217748917
47306079791
78702305066
81827054489
69783071974
98095123038
90589554094
86473616526
55399352986
26906292505
87842183068
13230674640
59886115833
62501779114
98688593169
92176226990
89649634399
3192935431
1333874909
71615657097
500568932
7155214585
42295349152
6681101911
3933142202
57241959687
35914565201
10105286963
53069455883
58027218917
50120830440
97863017323
95253249555
98345244033
84555963633
77012370671
34053348056
65503871337
29408369844
20812061218
77230884839
30435368215
74708710718
56655864278
21568721577
79751021648
16179880980
93258526332
51776212562
43552762441
96120935735
20156232449
2669150613
26089868361
3699990486
31126404521
28124696235
70804968037
45950625741
46421682012
78371887419
81821651756
5914455362
58456029106
24480123142
35952257150
1551189233
22183929945
39520406181
14614078613
69782867687
29917040273
3084479120
56303956214
73631870901
60105407376
91370661602
89208321872
30450119842
49236832191
10497849061
98120957726
85936401295
147205764
66423853285
6630919377
64781591237
76983587948
28278583808
8556044909
10481354899
50286141500
62100251162
42634866066
30933414442
18377120542
99196252386
31409335331
3526827525
78999608518
4610452664
65874861297
56470030101
42834986261
77056408536
82675193082
97274517667
81157955254
63589860052
62876736949
35260964760
21031057849
48137987552
95387518900
41842725231
216409064
90856663722
42458969921
17799040834
87945412806
58784127594
87023133891
3812315112
50456471164
46463136322
40513532396
83438434653
89523316197
77481167321
7588089285
183752543
29704719965
39549867210
72803867936
48030745435
3093856799
54580246816
91128001439
7683494048
81165493243
71604322798
5979625382
85910676510
68708137706
78547566752
82705012435
70086796416
58734589027
37928572516
72323037667
44854262681
36727314525
92667273011
34588074289
80574926133
31779091109
78839901255
32523977965
97396318145
27003613820
52996748794
87687751239
51057488733
8957792186
35579180661
22933856732
78617362399
88996147897
690606520
82034174760
26284098430
95101178551
18490745748
92848691184
78608155120
7012299996
23710263473
15554509660
11252280687
85636792788
64323767890
1403228457
24056219924
67511616651
98039227954
78873916152
3529561854
65246886393
94357376065
84461916043
11354111882
45080894656
52523733015
59528385611
60577522460
98913366785
59748832361
85882625797
33548588599
43108660781
96471641244
85577585786
47675197848
53316268662
27887408632
42816586486
48697887708
731344901
89202024560
55150161122
14334674306
57476619492
53741860174
34012976568
35562031500
3428882378
58119384483
20242354117
69105771737
55366344735
21260181513
44392304682
12029269118
53135254142
63930927228
56866096539
17148770201
24992496237
4692788483
94446269563
44870227159
50808164877
24795197
29618532525
51486544186
86527004004
23886850042
70147618376
63530287075
31504209232
82490766693
2287108884
52977547575
38709969239
99338084706
57984318593
29700474283
57280375109
61360529367
38819863476
69625307088
12130049257
63877851492
34198149838
36773917607
17059936856
56252909641
90995684315
63898472444
25603045149
90784667523
61753348402
77414048506
20317250658
52249111278
77118938101
93072958806
44666496114
62075283943
92610641906
23689392562
47812698416
61040515263
46003174824
52358559322
36482598508
2639231116
61784893905
11095432612
89138476055
92904543082
65214180567
82287475722
73787197359
26630819290
62294123748
99297305278
88778678068
37205200060
68392314882
73320047013
24566353167
97145055500
66736995869
9143202228
52088884581
18972349345
19900964525
55631241497
64418625433
79317141011
11873737367
46777357700
21475295852
37301798677
63870745631
90104456442
92149764879
99727219915
91836790993
28835336890
25301291829
91093555013
20748662767
34049693971
31048842006
36795627596
87448551656
9172502764
37253293255
4880888636
19758073857
56190584113
23375471230
91769123762
91335527438
93813367967
88602224494
19069208745
28528273277
64059019178
62943263166
66016417183
5316903184
8559891257
31258140204
41480756188
91266591008
28353266270
9560547088
1882448212
42186266387
17521110791
57892102817
22323691644
65096752940
8044088455
11654723391
56086689105
57579127300
38607820101
18139628172
18010601400
42154296369
49277296303
13626592094
12359417392
66016199632
92280474858
96354999446
70904397336
75558484469
85910435581
63391520910
70152106242
84806027418
60585110413
63598782177
93238431017
97258236071
92361678603
80936214161
75287961419
25687700775
92614355936
61207975457
15935914371
22556972779
58158632864
60904553585
10498617969
56826120951
31618605765
38147231692
25741247126
9435811376
54806198551
84722685391
19630987482
46803272052
19933824843
23785188292
29826077936
30959194066
294669834
68670340397
84638390825
87077921072
97275648458
82084580488
79564532080
51221911855
25515455784
99987986454
11826586899
12688912417
66019929540
60972684382
61397020187
40711281190
14082661670
15847844172
12872005626
39345346066
78402146991
20925997206
26538994369
13188895552
7171682958
60687311417
87897452631
70387270431
91993623535
3567 31468932
2917 6391356
3112 68777418
1562 65951017
3290 37944728
880 67694425
2031 78275333
673 54822832
2382 30083129
429 37933414
3488 91412094
2050 99013846
1021 35306948
3848 70394532
2909 40410765
2366 59824868
860 61149461
3281 1492587
3258 81118836
3051 37268514
3213 82274206
354 31281368
2181 89756800
2463 88065876
3046 22244405
294 81098329
236 18162931
2791 6181287
1618 65177145
2593 78253432
507 94993242
2658 85030673
2185 59365587
1742 27223656
963 59456367
979 68178828
38 11134465
156 982654889
679 9303633
2566 88840030
3373 48934717
1133 35006715
2072 74604803
2208 12068619
1979 30769603
3007 912613927
2848 28261506
3620 98888154
718 15932936
2130 67528619
3813 948469062
3150 68813286
1161 84042111
3404 30631346
925 63350660
3615 82784506
3522 50549397
3879 74906545
2594 50724990
3431 85849767
1617 87183042
3646 58325951
1715 49039578
3305 29496021
3344 12453776
458 20865272
1898 93802699
3085 75821238
1960 24533571
1439 94607343
3386 23864197
2763 21878941
2833 79664161
3049 21080292
1658 56777168
3393 18203129
3082 51242757
1346 28327637
1571 84158210
3123 40072383
3648 99231863
2627 44798490
2170 91222121
1113 24431893
2437 20804426
1770 40961311
2545 42254060
800 43837802
48 32990146
2514 12142220
2360 12133878
643 39152260
358 96611665
407 22183287
2852 13457206
2416 59120625
906 88115135
53 82487356
2442 98733049
1814 66420404
2447 75241222
453 81896987
960 12054280
1613 37879539
3941 54876587
1066 21280716
1158 44090710
1931 85762515
3656 57069378
2088 86505405
510 18253530
391 77723986
1335 934782170
3591 21059512
3174 85854234
315 1601215
1504 98797498
2386 33304147
2727 17632740
2523 15711097
3333 98486216
3915 23650826
1984 26594888
628 96918853
2586 70583740
1129 31196049
3555 53602725
2681 33019010
3604 22651396
3827 77812579
2125 2133204
2316 9241331
2435 46500538
1193 24507557
3575 59148644
328 64829757
2895 40118872
3503 36240248
99 18534380
3185 86385139
1600 55984266
3638 10208288
425 75353242
3877 44975931
3539 9683904
1919 18961202
699 4664650
1378 28805487
361 67339245
933 4268052
1753 944333
1717 71691919
1725 19381145
3697 78965831
3485 77431417
3006 72015638
470 57595220
344 64569756
3768 20354457
2632 23649464
116 67997582
1579 35014316
3699 83466894
2377 25100917
2210 63248813
1266 73782143
3918 85792877
3541 19246004
3119 35930302
3617 52659847
3349 31652714
787 62694796
450 67699484
125 38055479
2810 93026948
2534 92455692
844 15466366
2349 80183500
3923 80337721
3149 62442768
3696 53430944
3145 62705540
985 53965958
243 13284847
3086 61730369
1444 68081368
381 98729167
2424 63966123
44 7886500
623 45445674
2744 13751613
1665 12146397
1103 53217227
2975 25261401
1274 63125413
2460 56402263
3239 69743903
1573 23301192
2982 78477581
3808 43238621
2338 67446696
2010 71905843
3841 30389798
242 61449219
3532 57856715
127 21203465
3587 8465150
3800 37735690
1834 38972121
3862 78799624
3126 38543270
1176 40815859
3669 32618475
309 53178438
3171 31158335
357 7450169
2899 32480099
1470 80641763
2973 27966554
2891 29917486
2612 51100803
3757 35314817
3153 88548855
3356 49117159
3015 9258035
1050 29233349
2989 53747304
3758 640092
110 28316794
78 94314060
665 18750348
1733 2098516
2961 99930292
105 20068440
289 5503060
3339 57165024
2624 88777129
2399 64314321
707 24027044
1895 60909343
1837 92522859
1106 81515331
819 58353437
966 42737601
348 28234458
2967 347487
883 42438556
492 5339538
2173 93548385
2432 87750365
3842 54980329
2200 48179984
2201 1181979
2923 31850978
2879 58216384
738 919051651
1988 23438275
1356 93077043
2937 55257987
2048 69064689
2359 57910197
2559 30706396
1304 56406415
2069 55847838
3053 29858437
1069 24671012
1487 58381235
1624 58647718
1918 88197030
2829 28346613
3934 60407775
297 66050302
1458 56231654
1517 26218334
801 22221989
3366 41487311
1801 24336900
456 58080101
326 80502636
56 98828591
517 99913157
449 20536492
3997 76103493
2755 961155134
1347 70872038
846 70609437
1737 83830117
1840 48608866
513 17775472
329 89470916
1392 94040577
1034 47337026
1888 74573464
3286 86231168
2287 97825705
1127 18658182
3907 92392524
355 30764992
3493 81923590
1393 33816462
3389 96120949
1572 63167101
1442 36687941
3054 21943474
1312 69148424
2474 80892960
229 7263277
2803 88816857
3882 90189748
2981 62033579
2120 58764481
128 5304353
1292 7271839
1048 17061897
2033 77488752
1871 53259398
724 70226687
3377 82846793
1568 93476062
1184 96308398
2016 14309076
177 96632130
2457 89200560
1319 28491575
974 34329304
739 25223809
3249 67582930
720 49590359
899 93171383
1782 68907596
1868 91943294
1540 63371564
3988 4339574
2420 75398373
3760 45693830
1802 99493011
3301 5630984
2383 28632154
2009 99613588
1212 81818505
3556 76949761
2931 14509018
3023 51322843
583 35813783
3320 51407582
134 10618403
1640 43551566
1641 1066152
2466 99636697
298 25904719
373 88206262
1222 76587916
1511 69164576
2478 34387279
2868 43139884
3889 93357777
770 60198287
280 92903555
1525 51930370
786 19057513
1846 65826023
3396 27948430
1973 85932916
2509 10530729
2871 53144194
3665 36095364
2011 621857
1354 52485834
1371 24463941
3274 38680050
279 99537785
1764 26351483
2161 98205552
1935 86935976
334 55323786
1497 42242215
3132 50871393
1855 95882618
855 5863081
380 60581477
1286 64053008
911 65735769
3474 80973402
224 32466013
2400 35042080
115 90903502
969 963507491
1083 69964427
789 74555952
804 97356929
3989 99711745
2305 86709736
2613 98500224
1214 51945861
2517 33927525
3924 51363436
1785 6832428
3948 68216778
2813 95099315
1507 31504739
521 92090648
2789 52463047
70 68389871
3292 93850916
1901 15706513
2002 79370153
3938 24934615
3718 12054813
655 27881343
2731 70782905
155 25705311
1744 36238202
3313 73221053
3010 33646185
2138 69582999
3403 90800634
3903 73587043
451 3689014
866 61406924
3242 65790623
2835 16685249
3629 53943245
140 33873943
2565 45738290
1567 17193108
452 15792599
2342 13887086
3140 5370666
877 75677390
2717 40265011
66 12410478
2425 89129076
3733 59567761
1921 2910913
2696 93801740
3746 29132153
360 45574192
1257 9969403
3224 16895732
1851 65714956
1619 17836757
2617 9813557
1693 26786905
509 9593450
52 10827553
3566 86501612
2106 53454200
3221 83277170
1982 39527097
3005 40030732
512 41388144
1469 88925168
3462 18820140
3689 14561289
3103 53742326
3091 11196540
495 55672517
3341 32158899
1577 72681030
1667 380898
8 55446046
3411 52742678
3846 79910166
1975 85768572
1616 55702838
2861 21592083
2656 21783050
1614 24198337
1041 64139605
2811 25650911
3998 71635534
834 71106867
2475 53370170
670 11669317
2677 34298577
3454 74760140
2355 81422593
3661 71171074
1457 7610704
3520 1352929
2127 73338662
881 44198326
3364 96446413
3234 37745988
1160 76078690
1192 11307496
24 75327705
3283 35156032
2671 62961895
2490 52067993
55 3005356
1934 50552481
2860 71282337
2827 2588161
1447 48329662
3321 58088060
799 76266918
2880 29262769
1833 51144619
3057 87866360
524 60292853
2128 45332550
762 25077504
394 52682368
3995 3109939
604 84825846
1042 45053451
2587 25815253
910 11564410
627 49205538
1364 43209711
2308 78092667
903 27194797
1620 65919651
1774 12948574
626 37414676
920 947095041
2516 34842552
1293 14349138
183 12064802
275 84280091
950 87038058
1951 94698441
3904 40228814
2288 31465039
2419 86921744
230 89454143
617 53487334
3244 6203838
2838 76837006
3038 27250343
2740 46209369
1720 53781957
191 68789437
1063 59968526
2669 57411648
282 30727615
2699 96300987
652 16342808
461 60216269
2320 63888303
3143 90874667
3374 71545335
2548 70806763
3819 95294999
3896 28271849
3563 64373821
3421 8198059
676 67276276
1175 9854221
3548 49059913
3781 6200845
3012 36082795
3647 91746714
92 52018746
1383 31211756
2141 71330334
1597 42827537
2682 53368957
3753 60740943
3061 97264546
3925 76308927
2959 8970111
1476 51189682
1534 84025099
3468 47795846
3518 85710479
2825 3172061
3737 71432968
3613 75469883
639 82787923
3092 26982729
3261 55288728
2081 937964698
206 27223841
1678 54681867
3916 40934192
3801 45162992
1970 66491524
1090 54321812
2988 65489560
2098 49946597
3805 34735727
537 73598384
1748 79962666
1543 69500839
2446 72346067
1681 38742545
3343 90734438
3751 88514859
3340 53020055
2433 12401448
67 43886204
1139 9655414
690 75520930
1574 36909743
1357 90146859
3218 45372701
663 51519227
2706 27569455
130 37703491
1026 42894533
795 22266936
2464 42747029
457 15565719
3111 40817764
3714 32313095
176 44604741
865 84852258
1298 60704568
2163 78723052
466 63147643
3491 98477282
1089 87151608
2734 65357158
142 32569256
3066 91854188
1952 33180645
2262 8319879
3443 67445299
3698 93414045
337 43847756
2912 9678735
1162 34159521
3616 94194374
2363 43474835
1612 55095269
166 59385096
2601 33221861
671 23990975
2175 31687171
3593 73529576
3138 91277211
2512 73647122
1010 70715643
1703 76731584
3146 58558264
3354 55678115
3202 90983105
480 10039111
3504 29256094
3947 83247269
3451 11796000
3713 74400606
2551 73822129
249 44672501
2867 93445100
1656 825769
1122 92452997
1554 5944510
3596 25079887
2887 65790544
2745 87927524
1731 25429982
3943 96022248
1529 39210800
1231 96445906
1709 94632849
2092 26777990
1029 12858496
1856 81428210
1259 984887775
2379 11868777
702 9516564
1239 98785315
2571 6599312
318 72516682
255 9394843
2037 23670582
175 85384695
2294 42319427
104 46230181
3418 42891709
3636 28731674
2238 13273392
749 98705351
3181 38554433
3705 56891029
1111 91845075
1547 72247691
205 28631802
1992 45404445
1990 75761586
3515 37518332
2038 58551868
57 19335273
1058 98484208
487 50422253
2693 1711199
3419 88305129
3147 51963223
2585 36934737
1353 58788718
716 85563139
2239 67388263
1942 72140028
938 99125562
3762 23750030
3639 77846804
12 54954266
2245 74547389
847 59293534
930 63912828
1800 60309835
1418 83901860
1082 6594992
462 91620699
1589 59163853
2049 14877391
2205 58472463
2179 28486891
445 78064712
2109 72438950
1858 73519241
1904 63133135
266 56352989
1182 27968906
2188 92756180
3853 86226152
335 40909685
1632 82283284
1108 75456649
817 6582902
3099 32987405
2902 67509273
241 14698716
2665 99438763
1107 81097320
1526 57006884
245 68163992
1205 43996612
3676 3586505
386 6376924
497 92521153
2673 52409677
634 94063503
3298 35890021
1842 76930359
1350 72470417
2636 8267566
1514 72652288
126 79596346
2986 40721724
3113 24774173
148 16394588
3416 64221167
2840 22933302
1900 87979654
1345 89728002
2484 24352652
1883 89041520
2692 23221089
2369 73187378
529 24587420
2014 10211730
3291 91183016
2107 92960883
1736 6585987
3582 74701104
3003 81603429
1044 8445388
2227 24732282
2333 59836786
821 83585247
3864 69326517
3116 23518716
3623 32104148
3500 18153016
1775 82963049
2746 40047884
861 79501846
3001 39874633
727 62431110
2256 4906439
1827 73214471
1953 89989402
947 50272848
3075 74113909
711 31163607
2089 32717126
2670 45515759
371 96984391
935 74093160
31 50975866
579 97605337
3590 98163509
1427 69080469
62 34218280
534 51812704
3172 65789685
1506 44204862
2842 84160814
3382 91288982
16 80934448
1186 93129013
913 14402596
729 46159415
750 54711360
548 20208505
1373 74059552
1646 86110107
1672 26729902
3055 67156633
1685 7854336
1120 41740117
2877 7536105
1528 43152993
1014 19012313
85 47624931
1674 79892902
1414 66318928
2846 576597
346 71059008
3225 44387990
3142 34556866
2719 17320115
463 1323897
1309 19448948
2900 65751721
1067 97789469
1873 11581068
3956 60233951
1914 78295355
2086 59599001
2770 61322834
288 28651490
3471 67337693
1115 33980897
383 10404484
1712 41607599
683 65234450
1958 88492523
1835 46713622
2520 15565477
3087 28605287
2166 19659476
1852 45546373
439 54005691
585 84567631
2688 76901737
3694 42221202
514 63517380
3477 63588665
3033 678548
2122 59111491
2452 2295464
1177 6397519
2549 24019390
2398 9806369
1648 39898606
1498 3733854
2614 64865689
2064 20769716
1289 30330210
1698 88613624
3704 13548541
3117 33861354
2289 82503978
1870 81205306
3317 8445702
3448 72282918
2339 38816915
3791 18330362
768 95911637
151 60540610
2948 61473629
876 47124391
146 26599010
2690 69871126
1721 69851744
3437 56509782
2952 13168487
3725 6228260
872 57777733
3683 43180177
1305 7824127
2393 87341374
1209 60995827
102 54863788
1030 57075304
871 96008714
11 55287862
2252 67354792
1024 98053349
2302 93261668
2167 446257
2230 29704215
1322 61853904
2286 38943353
2993 52607732
2638 85113408
1928 69303953
3935 58015831
2859 17694069
3184 50445529
2051 93324688
793 3723555
1747 904242020
3069 61426826
23 68435601
2303 54858219
446 71363789
3043 62272968
2971 53240208
10 73627353
286 1705973
3120 63036286
2348 90510005
3359 38227850
2894 83517364
842 84849396
1516 20814073
1695 60138715
1081 1750443
159 4013444
501 7264572
157 57282146
839 19769163
769 52797456
3408 25872666
1611 84880657
1199 56199541
1757 946148322
1576 50404077
1758 86955666
196 92853947
1402 81224959
2119 2382322
3018 67521530
994 55866958
1272 90886333
953 95788645
86 28470750
922 67996934
3060 43168507
2659 34948554
857 31827967
823 59565510
2974 6534754
1578 64090441
1130 18793905
1092 52417986
2828 79321339
1178 34326864
2932 90601740
733 86115152
158 87475121
2553 63922417
2858 76962935
3444 41423434
2461 46249228
26 74728279
136 82641358
76 29975852
370 35367239
3094 82635494
2357 69623195
957 67250698
2958 26466791
3068 59833304
2448 58564430
3630 21978219
1173 16750902
3965 615434
3387 14845594
3921 80539498
1432 2237190
2403 36990876
2790 18279887
2843 76951316
687 38742431
593 56907076
3314 99310055
203 3217362
1123 8109042
1628 89211851
3325 90951269
1338 54502475
17 93259916
440 88695545
3510 13755569
3756 85501824
2676 16633310
1216 83591252
1151 11209929
1927 40306110
302 63542667
412 75119284
154 67799684
698 14569331
319 30042413
3579 48644408
40 87888206
1348 7288535
2947 75613728
2000 68344276
1722 50314022
1238 14687016
763 79590188
2642 46999259
2060 43480924
1057 1397754
1098 11660430
811 10233821
2036 5616678
2365 3956950
612 1906029
3691 60979199
3271 98846110
907 26055374
3110 59890722
455 90853973
2171 38853209
2507 69158494
792 9899966
1718 68087745
3856 35116721
3982 79639806
1963 79591694
3191 5505294
2998 99184434
2628 55561037
888 46929350
1659 94244697
1268 72880100
3044 97683679
2616 93425645
2748 14796070
2621 76650654
1861 68703329
1998 51104245
3939 37020923
3 4735300
2115 68972720
1267 11789824
3423 2534370
3494 18921376
1362 92400513
3204 70308284
3517 31726659
728 86708032
1809 74921843
1867 56038215
2525 86877450
1662 13343331
2903 86999036
488 13414724
1036 96244222
267 73155931
1582 90569870
3148 35606791
2634 5314702
3789 97169339
802 963280323
867 45002163
2918 75600021
3812 31649496
2260 69554973
588 69094480
2197 65669196
3304 49135596
3845 69672439
3025 57202288
2577 70521854
1799 77111968
2073 71767781
1167 24329190
2057 13968358
3649 18752339
2135 189761
2815 64631651
211 18169001
3183 28675527
900 5626100
1854 99944803
1981 45506496
686 27758267
68 58844530
1141 61587394
430 69328069
2652 8189283
3273 30273130
1001 51909688
2893 25838855
3722 76180908
301 10417054
709 76004588
2323 8777774
3717 97525266
3187 54432576
3785 83727378
3076 66717160
2438 22550447
1181 61174124
3881 61421381
444 70450630
1028 43096114
2916 82554677
3347 44859451
2273 15088
2582 68721552
2649 97362595
2444 85543455
1865 91460186
591 25561496
59 85085377
2095 76140824
2074 36745297
3122 41923797
1815 6017119
3826 57755925
3960 76380663
2963 98992541
2328 80883768
1327 75795956
3977 96130512
2493 67574800
1095 43875637
3230 11484162
1636 78221823
2608 62737333
1340 24539456
274 10015695
2662 56891708
1697 32561675
3543 2075914
998 48348561
849 15551144
992 36625265
1586 55888369
2034 47439123
2468 8978287
726 40833080
311 77923640
483 88165550
1730 63135439
541 85755040
331 93618557
2268 48001417
3568 45976609
2870 84558377
1248 67768014
1836 60518725
3352 16434701
3164 44149550
2750 71531330
220 6027170
410 14888975
2796 47509338
263 48593879
3920 46879067
2968 34384362
2319 18613413
2413 23934150
3020 27877044
3551 52977004
3407 25801796
778 89146299
3129 37640846
829 72643225
478 64579728
1283 68126732
674 67444841
2976 29089818
1399 78635489
1195 65585003
927 30397944
630 7016675
3420 39312728
362 1082798
1971 45051567
1941 79688962
3328 43797829
2694 78001602
1022 7603288
3663 46446198
1965 15663509
2453 93142305
3891 16451468
3562 49157533
3788 51865437
93 85642579
1180 56549906
2977 49532455
3128 81096612
1039 43134478
3430 96531668
153 60518436
2866 3651175
2503 28054446
2808 79656970
562 18383650
2276 39322195
3070 66432946
1520 8016698
2660 7921432
3559 15318375
2708 68774670
3105 44389116
3637 93390698
1038 2163902
112 10837690
3433 41620429
941 5017102
1366 82458880
2743 36636265
3917 72703033
3804 900892734
774 43916144
1483 85507787
2312 79790823
1700 89900284
2653 81553553
814 50943576
1055 64378527
2156 22313907
1456 34317318
3180 94853672
1140 87414249
1367 50104053
2082 96336917
351 72617453
1824 98304811
2318 56201071
873 47756039
3208 86167855
2434 40233428
3693 98660194
2158 63501745
2301 41318297
259 17354389
3535 67992940
3302 29253106
2315 86736200
3690 94800546
3667 5664989
607 41892064
2908 20184890
2045 53936136
1657 45445488
190 49381011
704 33083776
3307 5747936
3586 53197548
3397 73335483
681 76697941
3384 97776306
1159 15363471
2878 23188283
831 45784677
2087 36564617
788 2325774
3851 52459378
1791 93848072
1907 973213574
1885 1164216
734 11636281
1647 56213611
3775 98617110
2683 12180946
616 3477880
2295 67263311
3096 10284867
3256 56810983
3607 29190262
3201 87591916
970 13090596
2113 82735583
1635 48861136
3871 43487015
3368 64521800
2648 37617473
3802 69660695
3303 21459879
1705 89692502
1169 13470609
1866 53960905
2570 658438
493 62671663
3686 93686905
3685 52703944
659 4161971
3270 90214636
3709 72175812
2183 45887911
2018 25023777
1087 68701972
2030 19515893
2935 68748215
1795 38571992
1068 67402661
3394 80037793
2788 95734251
1841 53320600
118 54007525
1105 25772632
1203 25608283
1905 52565727
1459 11200114
2941 6986427
1396 28114554
1644 5902227
1650 91419211
448 63806957
75 81769775
2751 88407581
3193 40367338
3436 93344740
2680 11602435
564 84555704
2336 305031
3885 5494657
3459 17117271
526 70833119
1421 13122917
1787 47741810
2140 89541631
515 56794815
2529 24887824
1258 4381871
2780 57426048
3013 1956840
2954 31040056
1334 50707241
114 4042877
2735 47504965
427 16443416
1246 31722737
918 14318659
3782 37401398
1660 15719112
552 16470240
3534 50083827
3072 25725179
803 4248922
580 13353913
2114 51581994
2067 60220204
2165 59313186
332 5314752
3441 40998177
1882 72768097
3052 68043725
367 83642284
781 64030511
2395 86202073
3211 68487835
84 21390865
3424 77891441
2492 96539829
2589 16333675
1452 14242340
1018 98818090
3645 25773465
3635 23096509
1200 82363101
3175 28222270
2240 3470017
3162 56896887
3161 61781459
3275 9397144
195 44787543
3170 36303198
2214 61484623
1343 39496792
908 37297979
4001 7262694
502 75533516
3501 79952211
170 67075134
1765 55181308
1848 20219244
3316 82933679
3276 84231966
3080 37101495
2371 82397004
2812 1262588
1595 45117775
2997 60856300
1823 64571386
2599 57043661
1244 93274714
141 10317745
825 95096217
2155 96329514
2994 6335304
3835 35660457
3388 73597943
3533 89950699
576 55003515
2728 11120655
3194 30029102
3098 95917234
1395 26982963
3497 84776272
3594 42008309
2394 59461938
1119 29417543
697 74905946
1987 38727582
1435 93823835
1821 48253611
2965 32896965
3446 993956236
2603 21357720
3106 77016844
1959 79292075
1417 13625957
3761 2119605
3074 23916938
3876 66113349
1145 19922873
1878 79641616
622 42413689
1455 93557391
2620 39766519
339 51714739
1308 973001954
1859 11481140
1330 79686074
2012 50057572
3632 86500829
3803 4128630
798 81809582
3641 69565923
3351 3882024
3277 74826826
887 89320794
3739 45527403
27 72164978
3492 71062060
3109 52580186
3633 26507391
3764 9576045
3278 20977709
468 70281259
967 32530282
3409 23953107
1532 40774885
902 18060138
706 53089898
3365 15062126
756 7321071
3156 33005143
2075 35586502
3415 32480345
1978 75464656
2346 25906235
3173 28917293
850 21908563
2277 24010563
2454 62602494
2596 86500105
694 64508940
3944 74378266
2801 45029288
420 63941742
644 21344058
3887 26212624
312 26794070
239 29333434
1437 72672912
3279 77302716
1938 19815932
862 30946325
3464 29237469
1913 95915361
2739 50165979
827 44404232
2441 20569214
2951 97606504
225 91063390
1165 901253412
2004 26151111
3895 929339030
1478 63355446
2327 36951211
3884 15456382
1598 44149504
2921 25550609
3312 71532518
2410 16007194
2944 49614841
869 15835016
2792 70110699
58 18732984
3502 69301206
2195 51729035
780 73556116
1450 29512677
2911 42971440
9 67987008
3008 76130980
3077 72157325
1407 9967697
3626 23621874
3429 82355503
1252 4358389
3282 68979058
1206 2330613
3967 61960791
1032 43385491
2597 61536390
3322 55040914
13 90060903
1172 77824676
3342 11916228
3893 4000823
1492 16849998
662 74597132
3009 60721956
2737 1569344
1349 58970631
1887 62613795
1986 34810987
2298 44062395
2822 20145951
1723 47942679
3498 31713863
1382 17843045
491 43320997
1117 25668789
896 98863534
2039 923308898
506 72646063
668 21572185
3215 49495070
594 63746311
1425 23859493
3643 52256780
1426 21504795
3770 47430854
3544 70186802
2782 68163605
931 1446430
3406 49461937
179 59678637
542 93163987
597 92849896
1929 7932029
2042 30826871
25 81503647
100 47430560
1270 58136803
1142 76297415
1070 27203192
3677 67591722
1763 61001852
1280 953915214
1550 78918647
1033 20314293
1949 911077321
3476 977850412
284 32697967
2299 29080468
2795 38385425
1163 89362481
533 931139582
611 69496363
2310 26960918
2217 83877985
3850 11794435
2595 10757817
1817 99032367
631 34633744
2711 11950765
572 81688170
2752 68062658
2226 10848541
3240 21665625
227 58146635
1355 48581967
2207 32862727
250 48618976
573 65401032
1797 99774514
2629 40563673
2375 35242336
235 32709515
2528 22712078
3735 28227131
2093 37927961
65 86311311
1897 80585502
3004 25165506
1726 63368983
3979 2641418
1690 39298271
469 20676711
3458 10177398
3067 31444576
968 68099285
384 96517904
889 1606389
2280 30062349
1605 67774488
944 52211674
567 79840907
3695 55237782
3035 10179017
745 37590704
3042 74189897
853 65311664
3294 69742713
3512 492156
1104 4048684
3580 98534463
490 56813242
3118 80358968
3994 53471981
3402 79345925
3137 16847086
1053 28354833
2290 34902507
984 4949836
161 98439596
3214 67460847
3627 80708915
577 8446533
901 86747596
1370 78475495
1983 88588146
2824 4638091
3223 91486196
1449 76168013
1599 1521240
3585 12749943
232 58844117
1551 48200051
2886 14876066
1310 20574553
2691 39824467
2834 44858607
2257 32021674
2984 19675290
411 64650661
1738 14245810
2757 86826055
2321 11920539
621 96042235
60 28094158
321 28468630
2472 24632230
2802 37788885
3719 94541277
2223 75803385
3854 52730210
1924 91814322
3216 30117851
948 89166675
2915 9451785
692 25431272
650 58540351
982 83959117
824 42428013
477 54696304
3062 14077639
2576 43106614
822 41283664
511 52884136
549 82185349
638 66876913
1135 935730148
207 6231716
132 88781506
3186 12029079
3241 9551815
3682 54520464
3059 59009234
428 89494978
1634 12618197
1966 5035667
3743 68555420
3640 73943628
2465 992498311
3692 20289224
1415 13255920
1210 49380197
712 20550716
3188 37038055
3912 71554238
1555 24263448
3450 8296473
2015 96988785
2741 84503560
1745 84668108
2618 58792248
3260 52445640
341 37847028
2429 59910580
1623 15161404
545 36516361
2726 8360755
677 42257135
447 34557792
2234 21144407
864 59315927
2526 37122301
767 47287497
3950 47091508
2467 53001044
2494 77088755
3206 980048977
95 89300898
1196 970293830
3783 34580460
237 20851124
2118 88210230
3412 42693326
632 73474812
2237 51565494
3280 98982895
1484 3172144
2590 70578454
2152 78167585
2715 60869951
1735 64761077
1862 93812758
2713 25588218
2820 98997505
2184 3202919
2928 50446241
2314 50304153
3811 97072016
2502 29344210
3414 36751235
2372 42750659
3766 58565198
3906 91421278
3124 16630048
1307 33395034
1411 19523399
278 2995391
399 76070777
3022 46382856
3526 73374484
79 53727317
1752 56643245
431 42240314
4000 21031586
1324 14118481
717 54332092
565 7774958
2187 69355801
3330 29907987
481 61160287
3767 60239901
1669 73043265
3440 66865293
2105 55128772
2247 61701569
3621 94989031
193 42394988
3749 57749680
2148 57569490
2546 64005646
2142 45187591
201 76982481
3672 86291193
1424 61995683
465 73321681
1287 97875345
2407 52572063
2361 73483895
598 52014178
208 69958495
744 7283050
3899 14885463
3818 62347336
3571 95817047
290 31180372
1143 86289547
3583 31687368
870 46565607
1208 69930351
1217 21344092
3425 3287748
2439 3138346
3385 52316935
691 38225397
3790 23736794
314 59681484
264 77566911
3650 35061889
2920 29504641
959 36390069
3795 67902335
667 19524071
390 19510101
19 6898607
2251 26026185
661 18090717
1649 15666675
1006 12733344
3427 87157566
1313 33229851
3796 39381715
3327 52402343
1295 53247039
3016 42900480
3730 63652700
1277 50639919
1332 43194063
1545 14246697
3688 89442144
1125 21287466
3243 35650283
2282 30547431
2626 80183203
3774 7175225
1009 87495984
2664 34679450
3747 38643986
1602 21117580
113 78454681
1046 81878440
624 34455601
106 54740863
2832 41772446
3470 58990228
3432 4455494
2488 2551891
2471 982317439
2401 85676621
637 19381970
3545 61081423
1379 36431145
1946 97254404
2581 84886373
2510 23387525
253 39416524
402 46350032
2826 29241391
460 42814194
1369 11125994
1422 8054230
2875 34463745
1563 13531169
964 20786201
816 84391458
3379 64321444
3991 33666227
2309 98652337
2678 16329917
1714 23387837
2246 66653898
223 37631537
3908 71457077
424 49672180
916 8131441
472 61853955
2427 30483883
2747 48777296
50 36299550
1812 17028063
3723 93324494
74 48837347
1094 90644470
3196 42333163
3490 58769774
3644 97678914
1977 44011127
3744 51194482
89 61101032
2270 21474070
1503 79637803
393 18269013
3886 60259605
1950 45588248
1002 51214212
1643 73903293
2738 95227340
2347 9335088
808 80234937
2896 4506103
3888 23707804
1073 92394883
2485 76488616
2777 53371299
1803 24659867
3435 56367043
610 41295594
568 54010796
2850 24616558
3849 38925115
422 58098204
1546 39907707
1798 54456983
3041 78067651
1631 70224727
398 9951858
2041 4469677
1996 69177356
848 53165240
2497 92309673
1768 98063047
2655 84143729
2666 16488426
2872 97190633
1818 93979840
91 83685141
1281 76344988
1102 69866587
2123 38292370
3449 19539092
2194 98682024
1072 62544039
693 13487014
3381 51264748
2232 43326544
3769 25759476
1381 65665745
3456 53701903
1218 49585444
1581 81697351
640 91996766
3028 40090345
685 58363015
651 65734466
226 49979154
1202 69580811
2476 74256606
109 66910952
1423 11722810
299 14231366
2005 93328177
3189 78149654
1884 37255119
3711 71961081
3484 78554108
3130 17946173
3951 82463026
3558 64585689
7 81611041
2753 58907213
3097 64475168
256 41400103
790 75983398
3605 4092954
2786 13910139
2032 77071827
3820 71471722
2350 2161692
1282 50830603
2817 64841737
3940 38897916
3177 7345420
2633 74335018
467 91874878
1134 84302110
3329 90687930
308 22596085
3684 73229384
2330 32671132
1899 89554882
459 6507451
771 63597430
2768 5133518
2404 95163518
3272 36170595
2980 20756302
3355 11399660
437 55978889
345 10990059
3874 68859507
184 44421842
1761 58255902
1853 72889118
796 52342571
3335 43274739
1874 93741097
547 96872862
133 60477559
3024 45870406
2606 57727236
2352 97490072
649 97523214
3401 51358672
3445 998239810
2335 5787754
2090 26532646
1440 54733829
3734 2225342
2212 71305498
2275 78371096
1339 77521914
3219 934665569
3236 56930425
6 92352683
1045 93090299
3954 71403077
3455 43667087
1925 52599865
2061 50472747
874 7001844
2990 59108929
270 87233750
3964 3790811
2136 2251868
2823 66247805
