444444444 2000 2000 444444 4002
180425991
180424741
180423839
180425173
180424088
180426059
180422588
180422561
180424451
180422996
180425852
180423910
180422177
180424430
180423854
180423217
180423845
180425957
180424274
180424050
180422630
180423034
180425958
180424023
180425306
180423614
180425535
180424614
180423161
180422427
180424346
180422807
180422307
180423071
180425522
180423155
180423598
180425370
180422634
180423086
180424157
180425542
180425793
180423949
180424529
180425673
180424565
180423156
180424860
180422334
180423284
180424549
180424174
180424678
180422438
180425586
180424367
180424787
180423416
180423923
180423231
180424262
180423344
180425155
180422539
180425088
180422258
180423856
180423700
180423872
180422344
180424631
180423757
180422496
180423105
180426037
180422322
180425922
180424468
180424807
180425139
180423412
180422302
180423210
180423964
180425519
180426029
180425937
180422394
180424850
180424512
180424680
180424847
180425455
180423252
180423906
180424013
180425377
180425318
180424687
180425070
180423350
180423419
180425129
180423512
180422266
180423372
180422748
180423938
180423475
180425403
180424112
180423336
180423220
180426007
180423496
180422379
180425605
180425396
180424166
180422501
180422241
180422990
180422998
180423169
180423230
180424697
180422929
180425637
180425263
180425270
180423182
180423125
180423970
180426042
180422332
180424253
180423268
180425723
180424128
180425568
180423352
180422531
180424406
180424228
180422930
180426023
180422797
180422514
180423529
180423646
180423212
180423597
180424132
180422910
180425626
180422367
180423847
180425426
180424017
180425971
180423961
180424780
180425182
180424334
180425962
180425127
180424247
180424811
180424925
180424176
180423732
180422664
180424399
180425566
180423978
180424990
180423819
180422988
180424795
180422726
180424891
180426125
180425851
180422521
180422350
180423629
180425337
180422919
180423695
180423777
180422353
180424751
180423424
180425880
180423001
180424322
180425046
180422470
180422706
180423830
180423613
180423715
180422960
180424627
180422529
180423681
180424993
180425873
180424004
180422801
180422708
180425454
180423905
180425121
180423712
180424585
180424773
180425001
180425028
180422186
180423706
180423226
180422772
180422850
180422392
180425594
180423469
180423167
180422965
180422759
180422205
180425479
180424420
180422451
180422720
180425280
180422631
180423278
180422621
180422625
180423965
180424834
180423652
180424477
180423895
180423339
180425655
180423261
180423000
180425112
180422994
180426017
180423846
180424482
180423810
180422936
180422369
180424886
180423159
180423132
180422877
180423233
180422901
180424844
180425672
180425035
180422980
180425972
180422422
180423002
180423394
180422534
180423133
180424119
180423926
180422755
180424881
180425606
180424184
180422690
180424035
180425310
180425629
180425293
180422866
180425762
180423553
180425534
180424418
180425931
180424279
180423790
180423891
180423571
180424308
180423039
180422252
180423451
180423607
180424909
180423584
180423994
180425273
180423778
180423176
180424599
180425581
180425617
180425032
180422934
180422626
180424747
180425809
180422766
180424177
180424350
180425053
180423093
180424875
180422952
180425620
180424415
180425184
180424344
180423750
180424562
180422823
180424593
180425848
180423474
180422364
180423840
180424996
180426020
180425815
180422228
180422632
180422697
180425643
180423200
180424439
180425560
180423793
180423689
180425161
180424487
180424349
180425752
180425741
180424876
180423638
180422861
180423730
180424828
180425779
180425578
180423214
180423769
180425552
180422728
180424792
180424931
180422199
180424578
180426065
180422547
180425947
180422876
180425744
180424643
180423122
180423325
180425863
180422453
180426105
180425515
180422221
180424359
180424804
180423389
180422694
180424800
180424260
180422408
180425108
180423726
180423756
180425126
180424097
180423959
180424750
180424421
180424255
180424979
180424906
180422421
180422789
180426016
180424386
180422776
180425299
180423950
180423737
180424338
180424736
180423065
180423017
180422440
180423269
180425283
180423729
180424127
180422731
180425975
180423285
180424950
180425990
180424413
180425151
180422820
180425754
180423728
180422710
180423637
180425486
180425168
180424963
180424833
180423933
180422610
180422957
180424537
180422285
180422230
180422406
180425833
180423727
180422481
180424937
180423967
180424058
180422743
180422405
180424109
180422536
180424217
180425303
180424309
180423760
180424039
180423708
180422615
180423580
180425808
180422753
180423420
180425572
180425909
180423338
180423186
180424446
180423012
180425823
180425433
180422741
180422409
180425506
180423055
180423634
180425221
180423296
180423745
180422552
180422170
180424191
180425276
180422791
180424264
180423980
180425895
180423883
180426058
180422457
180424706
180424492
180423091
180424670
180426101
180425613
180425912
180424215
180424586
180422219
180424398
180422507
180423173
180423665
180425050
180422696
180425325
180423361
180425654
180422701
180422402
180422711
180423404
180425343
180424551
180424830
180423911
180423434
180423639
180424060
180423829
180424068
180424788
180422677
180423560
180424256
180423552
180423470
180424402
180424008
180426093
180423275
180423464
180423300
180423788
180425713
180422730
180425429
180424951
180423266
180422640
180422436
180425400
180424597
180426153
180425786
180425759
180425410
180424033
180425551
180425257
180425076
180425641
180425017
180425787
180425900
180426142
180423747
180422680
180423358
180423686
180424478
180422713
180424984
180425117
180423391
180424574
180423999
180423488
180425236
180423886
180423982
180423626
180423279
180423485
180422602
180423922
180426006
180424969
180424502
180422833
180423683
180424756
180422691
180424985
180423924
180423458
180425847
180424362
180425237
180423287
180425443
180425773
180423661
180422403
180423585
180422882
180425189
180424473
180425476
180423319
180424742
180425763
180424883
180424485
180424560
180425831
180423698
180425038
180424126
180425988
180426150
180425320
180422495
180425490
180423997
180424952
180424519
180425965
180425715
180424553
180422623
180422305
180422870
180425565
180425830
180423718
180425041
180424691
180423644
180423714
180422175
180425719
180425670
180423666
180425511
180423063
180425590
180424603
180422943
180423808
180424735
180426068
180425425
180423843
180423118
180423446
180425223
180424840
180424518
180422411
180423453
180423426
180425941
180423075
180423815
180426049
180426009
180422528
180424729
180422393
180422323
180423822
180423774
180422382
180424496
180424783
180424538
180426077
180423670
180424935
180422319
180423207
180424654
180425904
180425541
180422604
180423197
180425449
180424249
180422709
180425609
180423969
180423642
180425234
180423691
180425375
180426067
180422497
180424143
180422652
180425034
180423078
180423841
180425157
180422955
180424151
180425545
180425579
180423514
180423417
180424160
180424136
180424532
180422321
180425587
180424916
180422194
180422540
180423798
180424289
180423668
180425893
180423131
180425437
180424328
180424720
180424879
180422953
180424917
180425751
180423160
180423076
180422828
180423596
180423871
180425100
180425404
180425212
180423968
180425458
180424403
180423146
180424272
180425193
180424920
180425714
180425180
180425740
180425371
180426011
180424248
180422337
180424276
180424460
180424300
180424626
180422423
180425030
180424434
180422894
180422425
180423392
180422590
180424896
180426078
180423262
180423246
180423295
180423444
180423831
180425898
180422871
180425602
180422591
180423761
180424725
180424728
180424155
180425564
180424642
180424437
180422351
180422498
180424458
180425938
180425144
180422569
180425092
180422372
180422800
180423861
180425657
180422442
180422875
180424621
180423432
180424731
180425604
180425348
180423400
180422570
180422793
180424897
180424375
180426082
180423450
180424343
180424929
180426164
180422918
180425683
180422338
180423770
180425728
180424484
180424962
180425767
180425548
180422489
180425225
180422513
180422831
180425096
180424080
180426154
180422557
180423791
180425694
180422174
180424684
180426096
180424302
180423749
180425868
180422563
180422301
180422516
180422779
180424679
180423602
180422455
180425743
180425328
180423775
180425006
180426039
180424045
180424918
180423139
180424865
180423827
180425201
180424618
180423399
180423524
180423462
180424772
180426129
180424036
180424070
180424656
180424987
180423387
180424856
180422571
180425036
180425576
180422269
180425294
180423771
180422682
180426087
180422916
180422618
180424837
180425469
180425906
180426013
180424145
180424582
180423540
180423799
180425360
180423610
180422685
180425341
180423641
180425407
180425858
180425918
180425732
180425279
180424914
180423057
180425932
180424029
180425658
180425757
180424887
180425074
180422768
180425037
180424443
180422549
180424915
180425412
180422399
180424022
180423578
180425514
180425075
180422376
180423238
180423022
180425365
180422592
180423386
180423660
180424724
180422722
180425924
180422386
180425239
180424182
180423664
180424793
180424327
180425861
180424250
180423676
180425250
180425098
180423029
180425351
180424313
180425540
180422938
180424012
180425745
180426092
180422227
180423795
180425814
180424531
180425317
180422226
180423742
180425669
180422292
180422653
180424715
180423241
180424852
180423990
180424696
180425879
180424681
180425811
180425528
180425691
180422845
180423556
180424571
180426122
180422880
180424494
180422324
180422312
180424319
180425961
180426147
180425304
180424463
180425561
180424703
180423283
180424598
180424956
180425677
180423991
180423467
180425891
180423678
180424554
180422835
180422931
180425115
180425350
180422659
180422235
180422666
180422686
180423636
180425480
180426027
180425366
180422672
180425525
180423373
180424675
180422555
180422181
180424323
180425171
180425693
180423557
180424796
180424084
180422794
180423396
180423875
180422822
180422213
180423332
180424846
180423987
180425950
180423288
180422299
180422736
180423577
180423037
180423144
180424147
180425755
180423184
180423781
180424397
180425278
180423192
180424006
180422197
180423482
180426040
180425051
180423112
180425105
180425231
180424755
180424659
180423864
180425464
180422902
180425742
180424758
180424607
180424336
180422769
180425393
180423388
180423545
180422562
180425778
180424265
180424339
180424290
180423250
180425295
180425142
180422795
180423183
180424545
180423505
180425910
180424251
180423267
180422864
180423099
180424698
180424646
180422330
180423782
180422958
180425571
180423487
180423277
180426100
180422255
180423298
180425890
180425916
180423811
180423986
180423449
180422707
180423364
180424131
180425085
180422559
180422224
180425020
180422524
180425248
180424961
180424002
180425902
180423805
180422560
180424481
180425338
180425724
180426146
180422187
180422892
180422290
180424577
180424230
180422214
180425209
180423927
180423435
180423802
180426094
180424790
180424885
180424139
180424461
180422705
180424522
180423164
180424493
180424617
180423562
180423189
180423324
180423836
180422885
180423326
180423659
180424779
180423303
180425524
180424888
180425998
180423100
180422598
180422459
180423804
180426064
180424714
180422698
180423407
180425747
180422945
180422852
180423796
180422542
180424649
180425249
180425172
180424739
180422972
180423640
180424435
180424076
180422585
180424000
180425367
180424163
180424024
180425158
180425930
180423049
180423565
180422271
180422956
180423499
180422647
180424239
180424315
180425783
180423335
180423058
180425701
180424425
180424270
180423345
180424038
180424967
180423150
180422272
180425175
180424716
180422816
180425946
180424746
180422254
180424743
180422638
180424337
180422867
180424161
180424373
180422937
180422814
180423518
180422758
180422418
180423026
180425925
180424044
180424286
180423244
180422607
180424429
180422179
180422222
180423116
180423591
180424312
180425411
180424817
180424462
180423966
180423957
180423892
180425475
180423725
180422378
180423495
180424436
180424269
180423489
180425083
180424096
180423853
180425856
180425282
180422220
180422997
180424959
180424376
180422700
180422940
180424094
180425093
180424513
180424211
180423590
180423028
180424619
180422827
180425563
180426161
180423995
180422200
180425899
180425933
180423754
180425394
180425181
180422770
180424138
180424900
180422203
180423943
180425288
180425441
180425819
180424009
180424801
180425583
180426109
180424609
180423166
180423140
180424521
180424688
180424809
180422967
180424467
180423008
180424825
180423454
180423876
180422775
180425264
180422309
180426069
180422951
180424108
180425380
180424517
180425843
180422948
180422989
180423816
180425391
180423094
180424727
180423870
180425822
180423762
180426120
180422233
180425978
180422404
180422363
180424020
180426165
180423764
180423074
180425253
180424862
180424115
180423893
180424662
180425011
180423427
180424280
180426033
180423962
180422209
180424242
180425903
180424414
180425495
180424438
180423476
180426145
180423110
180423301
180426149
180423500
180423044
180423828
180425914
180422517
180422546
180425101
180423232
180425007
180425919
180423858
180424934
180425301
180425224
180426085
180423098
180422747
180422567
180424798
180422821
180424258
180425948
180422806
180423908
180425000
180423007
180423685
180423341
180424704
180425188
180423047
180422354
180423190
180423306
180422544
180422985
180425730
180423594
180424774
180423522
180425720
180422693
180426118
180425153
180424325
180425844
180422888
180423347
180425451
180422247
180423201
180422641
180424867
180422347
180424368
180423948
180423202
180422799
180425705
180425065
180423126
180422398
180425352
180423031
180423809
180426133
180424380
180423662
180422862
180422780
180423148
180424103
180422558
180426038
180424710
180425907
180422695
180422853
180425874
180423115
180423952
180423227
180425205
180424669
180422675
180423425
180422717
180425069
180423027
180422942
180424316
180424530
180424667
180426124
180426045
180422811
180424381
180425493
180425915
180423600
180423899
180422699
180423128
180424213
180422846
180424932
180424822
180425827
180422614
180422407
180425247
180423525
180422978
180422788
180424776
180422429
180425023
180422900
180425271
180423084
180422575
180423630
180422412
180425664
180425736
180422849
180425054
180426024
180424475
180424590
180424940
180423928
180422375
180425099
180423087
180423088
180424814
180423511
180424073
180424922
180424067
180422243
180423085
180422456
180423643
180422818
180424965
180425167
180422311
180423328
180424632
180423305
180422798
180425533
180423097
180423179
180422328
180425090
180424431
180423783
180424366
180425570
180423418
180425216
180424516
180425768
180423154
180423043
180424877
180423206
180424625
180425399
180423917
180424353
180426099
180424748
180425009
180425717
180422484
180424555
180422318
180423722
180423960
180423431
180425707
180423942
180424899
180426062
180424541
180423595
180425421
180426035
180424989
180424624
180424457
180423104
180423705
180422648
180422810
180422551
180423648
180423746
180422352
180422947
180422373
180423428
180424596
180422667
180424907
180422215
180423377
180424889
180423003
180422288
180425258
180424664
180424523
180424686
180424301
180425516
180423010
180424497
180423006
180423531
180425501
180425926
180422225
180423672
180422782
180425894
180422183
180422329
180423868
180425849
180424444
180425071
180423616
180423509
180422973
180425133
180422734
180425462
180424294
180422480
180423984
180422190
180423237
180424061
180423972
180424912
180423498
180422668
180422646
180424958
180425327
180423593
180422576
180423363
180422619
180422904
180426012
180425612
180425839
180423314
180426159
180425573
180422306
180425243
180422494
180423912
180423935
180423281
180422389
180424839
180422452
180424851
180425118
180425632
180425220
180425631
180423297
180422970
180425855
180423734
180423147
180423694
180423322
180425615
180424816
180424946
180425040
180422761
180422331
180424263
180425800
180424156
180423070
180422808
180425557
180422538
180425521
180423379
180425094
180425125
180426056
180423693
180426000
180426084
180425415
180424179
180423158
180423848
180424317
180423219
180424504
180424672
180424964
180422396
180423302
180425488
180422461
180425543
180425945
180424954
180423768
180422518
180425753
180423558
180424245
180424175
180422802
180422674
180425700
180422416
180425671
180423422
180424400
180426110
180423800
180422872
180424207
180424908
180423136
180426113
180424118
180424083
180425497
180424761
180422415
180425987
180423599
180425836
180425982
180423582
180424405
180424281
180422182
180424361
180424673
180425473
180423251
180425562
180423102
180424939
180425313
180424306
180423194
180425308
180422278
180422515
180422176
180424465
180422250
180423130
180426025
180424282
180423342
180424543
180425174
180424125
180422545
180424765
180423532
180424283
180424960
180425453
180425949
180425870
180423657
180423834
180424824
180423442
180423443
180426167
180423903
180424106
180425509
180422313
180425520
180424101
180423753
180422732
180423645
180426112
180422594
180425558
180425698
180424360
180422790
180425136
180422725
180426116
180425532
180423740
180422633
180425662
180423429
180422316
180426156
180424123
180425045
180424046
180422410
180425970
180423062
180423095
180423124
180425275
180424878
180424953
180425170
180423294
180423199
180424423
180425314
180423273
180425373
180424784
180425192
180422765
180422924
180425884
180425274
180423544
180424254
180425913
180423229
180422837
180424561
180424454
180422628
180425361
180425226
180425746
180422526
180423436
180425003
180425860
180424568
180425430
180424567
180425482
180423743
180422310
180425251
180423526
180424970
180423180
180425109
180423975
180423321
180424470
180422523
180422236
180422879
180424495
180423080
180423887
180424218
180424668
180423921
180424244
180422744
180425160
180425402
180425474
180425102
180422716
180426143
180425816
180422473
180425298
180422445
180425695
180423567
180423632
180424222
180424152
180422381
180424365
180425233
180425869
180424580
180423193
180423393
180425777
180423316
180423113
180423931
180425897
180422304
180425463
180424762
180423704
180425141
180425005
180424699
180426061
180424396
180425359
180424955
180425487
180422234
180425478
180424933
180425300
180423041
180422909
180423944
180424647
180422964
180424016
180426073
180425385
180425733
180423741
180422840
180422342
180425966
180422223
180425614
180423918
180423907
180424810
180422740
180424752
180422887
180424348
180425086
180424081
180424674
180423052
180422537
180424296
180424025
180423423
180423682
180425110
180426136
180422249
180422300
180423658
180426103
180423280
180422928
180423621
180422502
180422757
180424214
180423240
180423359
180425841
180424872
180423530
180423213
180423992
180422926
180422387
180425681
180425734
180422506
180425997
180422320
180422688
180424291
180426044
180425260
180422443
180422471
180424441
180426010
180423447
180424988
180422650
180424552
180424374
180422435
180422895
180425813
180424708
180422792
180425696
180422824
180425592
180425078
180423736
180425758
180422719
180426074
180424471
180424525
180423009
180423215
180422242
180424318
180425976
180422211
180424085
180425456
180424546
180423456
180422475
180422897
180424456
180424197
180425232
180424707
180425106
180425148
180426032
180424077
180423979
180425526
180422388
180422240
180422216
180425217
180425994
180422441
180423674
180422735
180425784
180424611
180425955
180425956
180423832
180422891
180423738
180424893
180424048
180425445
180425554
180423348
180425269
180424169
180425489
180424640
180423812
180425414
180423998
180424515
180423633
180425589
180423814
180423539
180426081
180422478
180425872
180424299
180422976
180423588
180425413
180424354
180423507
180424209
180422656
180425995
180425284
180423976
180424863
180423784
180423794
180425191
180423331
180425619
180424030
180423958
180424490
180424853
180424873
180426158
180422786
1203 48034433
2164 88685166
3346 17053196
485 17765310
1916 18148103
3000 83788159
2112 19322528
1501 38152136
3751 10488182
1009 8494059
2649 89798186
406 95536788
1819 24462302
2235 70591539
2310 71193909
3038 57229014
2691 17214724
3646 95355068
454 10673431
461 80474903
1056 69418736
445 57269640
128 76049558
1923 98116040
3242 57303367
3537 25548366
942 52525945
724 60612179
303 121219
2572 60682336
3357 81594918
2778 55703228
3786 99646466
3478 64024020
955 61666111
483 49136180
101 31568754
3069 36258899
400 78173066
182 18904278
3940 16805629
1620 54305455
945 76592965
3652 54597606
2545 19421312
2475 74641199
1338 69191934
2074 24584894
2185 68294841
1984 89325674
435 51127433
1082 52688344
2779 28924663
1669 24198604
2598 54268512
1216 26759677
2063 83770380
46 76699690
390 12207087
3 93057032
3680 97629898
218 87081763
2764 40852374
2129 43797865
294 90521894
423 41000722
2472 40889607
1232 18344983
151 72666430
2782 36674917
456 12283269
169 50744818
2361 28145786
1214 5819198
3960 59817124
3019 20604196
1168 2256619
118 45164737
3334 72153854
2708 79532578
3811 63322864
2855 15866229
816 43732369
1860 49703480
2983 82675084
788 86340888
3853 35962495
1083 96690893
1890 85788874
1138 52526075
2911 91115216
2637 11767602
1380 17582189
2762 68728254
3363 25459463
3062 35660908
3894 21620859
3032 45541589
2001 43807343
1908 32925841
2539 22663238
1839 5289736
2882 32210622
1295 96997194
3500 92681374
1921 35484937
3497 9324260
1822 11055609
2212 51568962
1641 63488499
3818 99487753
2218 78120437
3700 40838736
1456 35350379
3198 2714704
301 63813479
1886 48146063
1021 57255115
3985 52920191
1438 56304761
3688 54636047
1081 32544579
399 32076255
3572 91196363
3464 43085245
3802 2723434
497 44103737
2407 33760577
2921 7756966
2101 84071348
2881 59396872
229 87582029
3905 72134639
2333 66258743
160 25009280
258 94397755
1998 4563633
174 17990055
3197 14102467
3632 72201909
2216 91352772
190 78106915
224 36687806
3223 53496395
85 22733797
1077 83574462
1708 6944584
2527 23823046
3191 87138535
2217 6147131
3166 66253898
3232 23879910
1964 75406245
1897 15198153
818 65267125
3341 16721624
3021 52682249
968 86953666
2993 25881172
1600 85006762
1243 29597751
2859 93461852
3808 40243809
3494 40423683
137 29635845
2491 38186721
2688 63065372
3479 25287155
1372 2468087
3969 78629647
2999 22783470
997 69865864
2228 41406527
3126 84844797
1987 64687712
2996 55355930
1743 86253160
923 19023927
1022 30915428
749 19260475
3240 15394918
2030 96590995
2002 93497697
2287 50788575
3807 85985828
2179 26968135
282 44661867
1351 94057614
971 89013020
2692 1739764
1626 44061680
3352 95750513
1307 12675814
2360 99672537
2499 92128090
3422 92811691
1406 78421893
3719 37721184
1045 25355607
3180 53475193
1079 79050254
23 55389058
120 75701224
1724 94095250
597 32505267
1511 32867739
1497 64096029
717 27289704
447 27003440
1906 96166244
2964 58398254
2811 83327032
2852 22142370
2141 65112381
1637 75390696
1891 41925606
3457 88657961
1421 35616677
1927 33502341
1815 88008024
2376 97805773
2523 63937047
2032 18747786
2065 11166402
2061 43032581
2497 40496494
2977 71462908
3155 64328132
3213 52095367
288 18181467
2241 61477071
2021 77506707
3823 49327438
3512 84014381
3502 67624385
3569 49810242
3827 78960402
737 27082418
3582 35540552
888 91319074
1289 93201966
3037 34132310
193 58863146
3773 73901038
2058 6766965
1926 90712599
2693 3197494
1188 28009163
2132 90610215
3671 66755163
2729 46286114
2281 35952461
2205 51676525
3472 34135426
3730 92764004
1678 93880303
3623 90227480
1353 77521068
612 66741970
639 20781873
1958 41109216
2679 87946486
2053 15774468
2404 69047481
3470 79509680
3778 55761268
3986 1690665
78 7924292
663 16810806
41 36530297
3533 36157752
805 92646343
3813 91884374
3699 24470641
802 88867621
1306 61971899
3538 53901846
503 16398191
1718 66038960
690 625792
2695 76561701
2896 96342431
755 29671084
1963 3379275
1076 27756187
2095 5076949
1655 37251886
3754 66113513
3476 86838608
3910 49039660
2274 16320924
2046 6636161
2557 60557600
879 32645683
2223 78216628
2567 48085887
3513 10935639
1247 68927257
3280 55126604
3326 29920953
1983 48010992
3401 56200760
1093 49043682
1874 62040635
268 37427464
767 24601984
1686 94906409
847 89348405
653 24313447
1785 94035433
3862 75724383
1753 63910367
2348 58911325
2038 41154823
3029 10790594
1371 82716154
940 96310967
248 33809471
2439 24580062
3093 73061372
3948 44962312
3435 11755232
3409 51768983
1185 75836468
621 5530947
2937 33651304
3668 83290723
1094 10578851
2657 48151156
317 32885139
2109 94299387
596 4177078
1770 54150049
3210 62786391
2446 21055803
3951 62193179
3196 31176343
963 72986449
2261 11430344
3445 75636577
740 83765859
907 90207932
2552 54284063
1514 63171668
536 45296031
2516 30074328
1116 35907707
115 54828807
407 52447518
637 37704551
845 84240598
114 10894357
2308 34724000
2422 9185760
1722 63226823
3509 72630666
1324 3500748
2625 68109117
1440 12487254
1457 63618267
2901 8979169
2403 62729753
504 24268118
1875 57660333
2631 41877329
3679 75953077
2689 64964302
552 85517974
2393 20971595
3658 7682336
682 51835338
2463 3656016
2832 39055091
2035 74817053
479 57330681
3787 6774846
2836 19043305
3674 63161567
813 8461923
833 22719775
1267 24949942
1621 50413997
2652 96043705
398 90689651
477 55593166
1601 24173316
1827 14930784
123 29086990
3785 5566216
1485 81276816
3997 1614901
3793 86163737
3468 47503764
202 58321804
3636 68812836
2245 14030500
3315 8100752
2413 28204069
3408 17018637
2829 6940392
1807 64374469
850 72343875
205 71762474
2127 55378687
2809 64666176
3723 12851901
2526 93740700
1507 16779901
839 79198184
3419 14916008
2471 18090456
795 4676234
1855 47166978
3945 80201196
751 88277154
2716 57785662
1871 88259980
2817 65093213
2702 76422104
1631 69030783
384 11704031
1314 30498312
1090 24970292
108 12393070
411 20529816
2398 35265020
2029 16364508
2368 25113064
3842 49209810
359 47395578
3663 91156737
417 51377086
192 6806937
1768 78983046
1660 52165013
1189 5950608
3120 53334777
2593 38718389
3030 63324246
3216 41663943
52 33293984
1151 30679977
1787 22952003
3485 49557861
979 81542458
2384 44675839
3088 2336798
1797 42979940
3955 70802111
265 51847389
3906 98794997
2672 5077191
408 60460191
2833 38312123
3187 54145001
2858 36266353
1389 48284544
273 32191249
2381 41012146
194 50762415
3487 13245862
1089 35311793
3742 25945194
1941 55816869
3518 63123083
2204 97920179
3542 76158317
1369 34189249
1898 37451011
1219 24885554
2816 99049651
754 38610575
3524 46742899
3595 49521769
1299 82775995
2370 38491676
1684 23382077
3431 14010976
2131 31458188
548 10396727
1652 4742204
3167 54973509
3794 17776338
299 78374311
1788 52205606
3962 68743341
1052 55494918
2298 39246347
3615 6038551
2815 45172142
732 88584284
3978 49207816
2391 87189573
431 12030483
3545 28336481
3089 35015710
1976 71884478
32 20272349
1790 98251797
3882 32319164
1876 48894895
3942 70997021
3757 35332259
2400 18209487
2642 90673885
2306 46487901
1384 53343202
1734 57109435
382 32665319
1057 29539455
2102 89038873
3370 41357283
647 69539305
2189 76277101
2467 93526730
2119 19058647
2339 12970960
2300 66758990
3274 87455799
1754 69093594
1531 53534200
1490 53670271
2169 66244789
3336 91638400
3486 62698761
1125 10162841
697 65069605
427 12945479
3631 56267566
784 63401225
1483 1251363
1658 34293067
3190 61284976
111 77039483
3270 88014342
3584 65533359
2609 30506933
306 3599392
18 88979845
1458 36701069
420 19097157
1905 73260707
2962 89692980
3684 7338395
1106 2261788
3256 343155
659 86978730
3628 89443108
208 67310877
66 61280593
1558 38149302
2950 26215280
1370 44830680
1242 28015957
313 62871434
1640 49277757
3768 30232115
1651 67720177
2894 27651804
3262 82982114
1403 63612511
42 61089430
2323 55649404
2555 13984090
1415 52905134
2683 93904949
1271 59685732
563 29536607
2 97271621
1712 7127201
1015 47743759
584 60151168
3989 74536183
585 56627655
1042 99826168
1317 18137888
2059 97048451
1947 15667408
2907 337168
3165 75074137
2895 47362456
3258 11642040
3835 41768110
1619 66703589
2442 38149484
80 57621067
1174 25495967
7 49647728
703 65541919
1635 86409172
1969 60999475
302 2525258
867 7215104
116 42256156
2251 19993589
107 50456617
2409 36389055
2154 72184650
3295 50973661
2246 38140085
3774 44260648
440 3725202
451 9243131
1190 11878011
1593 75540134
2981 62160634
3047 46531628
3651 85950999
815 90758237
3293 50003548
954 73527372
793 44416948
2511 95688742
1400 48424754
3594 23787093
254 31967586
2190 5789965
1149 24847002
3797 24040886
3206 93083788
3139 16756344
3173 63329427
3119 60900136
930 3058243
2704 9636166
2655 38888776
3028 88802218
353 19398275
3168 95659297
1161 68758118
1701 15276023
22 12083733
598 19323248
2435 16067356
1126 39178106
3378 48749531
2374 33106790
3540 19079415
1694 32037583
2111 20711510
1808 40645227
204 76832141
2665 64657833
2284 11280232
1887 17287699
3917 49944192
507 1561127
2560 67486031
773 71140329
2500 45082922
1543 46635763
159 97964003
2067 96026393
1297 43586015
1689 6009817
2165 21182013
827 36378268
3803 85578191
1948 33008119
1098 64255464
3328 3337183
2534 6948794
102 11845874
2192 76241168
1993 34491847
2954 15103410
3880 22680025
1764 29780512
2289 20147068
2260 47612978
2027 44354331
99 77520244
893 78630727
2597 47244654
130 17319331
189 20108461
678 49584738
1691 21397571
853 37479708
3900 38268467
3078 42646707
2075 36909668
2984 83806142
2747 76472312
3281 17214407
3705 64605746
3036 40582759
811 25789422
917 99300545
821 90987841
1920 31625315
3076 15250896
2436 60740484
3546 48334513
3130 4846295
2026 71169954
537 90772974
1841 26169555
1573 18967281
421 5338775
1124 9445397
1541 56432247
1780 85441397
2883 1551990
1889 67146063
1143 55548548
3080 36918559
2485 58292576
1823 70083712
334 25424377
1291 78058328
2227 1413065
1975 74154287
2390 96862083
1944 39636037
1146 58543429
63 66763856
2847 31724898
2086 85489192
1279 45860896
1337 94966916
387 38537078
3830 11060424
607 19166915
2447 70491178
1614 71558455
1294 98796935
79 62410051
1747 53173199
297 61287776
1849 70989990
1104 39997844
1377 56185564
356 74786976
2923 73547545
3891 69635686
1585 61055849
2313 49548330
1038 23399521
2066 44043485
3411 17467282
517 71709321
1032 79062445
985 58534806
1567 28786172
848 65720465
3192 39625364
2354 68225682
2958 54440811
2953 18797236
2770 37314197
1738 33729973
1647 27819939
499 65522520
3361 35587770
3115 38189576
35 73941014
1685 70854449
267 38288700
858 67671153
885 80709208
3925 31867117
1073 62449493
518 80214214
3624 40955397
859 11872744
3136 12311391
2578 4241419
308 89642453
3516 97052804
3544 61257558
2867 35435954
364 74130141
3884 75244261
234 88598570
354 77318928
3975 503950
2342 66094673
617 98886074
580 80105541
746 88210899
3467 87575234
1183 34570302
3608 36986581
2524 41268778
3286 52951642
3273 69868378
3250 61381787
2050 37433257
3432 14273972
3659 99087488
3437 35092302
281 60264505
1004 47926543
3063 685075
1446 52105479
3573 88569878
3311 17511982
1503 75368886
3619 54241236
2873 58155594
1522 57155273
1110 66967458
3033 18638940
688 65062956
3347 59578824
90 7624114
2605 73977964
2969 25229880
608 35498968
660 53587100
1398 52574928
2736 37586811
211 68981889
2022 60581243
3284 24022090
3965 57680438
3924 82337564
1586 94717442
1759 25641637
3520 97115860
2666 47830662
1582 39070847
2392 15842203
2494 99861851
3229 38722570
1361 1513731
1683 75233643
797 673255
2776 80277842
3383 11915520
2203 57543107
478 69659999
219 50950708
3886 7273941
1945 27066834
3640 47593160
3338 9018839
1912 99056082
3932 22302397
3017 25830201
2057 69779567
2020 9761889
3931 83245904
2916 56199614
2775 22470886
1019 94720085
699 58727137
2243 54349716
251 23902324
3633 64307071
3333 32411565
3936 6111068
1059 82232478
3788 7414387
14 27368348
310 32015977
3106 1066082
3390 87999851
2914 59022013
769 38272903
2547 8951596
691 32215664
2382 20650100
2929 27870068
2221 16866043
2369 67297303
2802 79128879
1868 84411249
3339 67916373
586 36934714
926 46026154
1925 2278604
1599 48463169
1393 4645170
3870 9228386
2972 90459691
3074 23811567
473 34993227
326 61575387
71 50359225
300 37145002
941 10914082
1408 92256238
327 49021599
264 96452670
2482 50371747
196 99383207
1613 2278969
1167 96689052
2332 16825704
1853 15467008
2737 60039912
2224 66681888
951 67859775
283 44421694
2175 37597506
292 19507690
2979 35416746
895 87382956
2213 73369433
496 36642959
1050 88027001
183 20933122
3599 9544545
1866 48706435
820 77103118
1459 85865234
3061 74373847
2772 33383274
1896 63414930
175 29873597
1312 64799728
898 19968628
325 8663140
2421 50738447
3473 45821665
1933 48591645
876 46309519
333 64908862
2070 40511193
2891 94529573
3641 57491286
2337 79004162
1999 80484904
3031 75681205
1893 9761228
1888 85180681
708 71397784
2167 25106594
1224 35424527
437 12735882
1344 18771839
3571 30169977
3982 40378047
433 28768642
723 60089602
692 90774145
664 53457776
1201 70233275
27 22335478
3761 66975534
1939 35063696
2886 77623970
546 39506015
3317 79704702
969 32880294
2669 34393758
1509 72755815
987 74539367
2848 89840813
1719 19007344
567 7711318
1748 54339917
3626 69715780
3798 96893467
1202 61698891
3849 12405925
3603 93585185
3102 947249726
104 24380631
1439 7512802
864 68659720
2238 71185496
1934 35849394
489 11702369
1697 52456496
3536 40715217
2956 54793972
615 34288872
1318 70471313
3909 37892056
3189 24319636
3483 50695089
97 48878932
2860 67592510
3145 16814454
2258 52810909
1536 2685625
2335 27223459
573 9794740
1342 56955142
343 80191780
4000 91416537
887 52187195
677 37511638
780 83804308
1244 16961955
1005 35693097
2898 73294792
775 89652545
195 89518430
999 94292113
2611 91909295
2603 92328075
1012 5496818
3461 54827389
2579 31836372
2546 9004889
3904 55738534
748 12008999
3427 48684644
869 35433932
1357 71909695
3923 38176128
870 93019192
702 77560903
3971 2187053
3282 82130269
572 64338616
2044 45218124
2602 70667681
2536 34642565
2023 57654290
2510 3582715
1335 37367684
3125 13257741
3604 46877417
2938 58717658
3610 27318115
3996 13918686
2486 98736487
3877 10490382
2344 33877162
838 17427339
3387 78171752
1555 6143228
1951 79195762
2676 12943649
3717 90939395
2745 22501209
672 89783836
2998 16985300
2007 17123502
825 2136701
3269 95688254
1544 26970379
3563 15421035
3481 29552447
817 14789522
1521 13364472
3373 94704708
3302 4249000
2600 40208784
1545 55736379
36 4291888
1336 53053358
1340 19758768
588 73899516
2425 88033802
2893 45539490
3458 75346159
1141 96198316
2418 62827663
72 37697209
2019 80838888
1569 22276603
730 88275934
1272 23131186
2122 47789477
1236 33824886
1376 733020
3215 77208845
1774 81763787
1671 53215633
1623 11646706
1171 12609171
2345 61919182
3305 84958014
1231 89261390
1123 29502034
1654 65872113
3490 2527503
284 47558371
3820 25839129
2155 75244181
3745 84478743
3885 11279051
3330 19254480
1274 77614038
2758 56262568
1154 14499492
2965 51283769
191 24305769
6 94800048
1375 18896857
2373 45459011
3429 93001267
1715 21186155
3179 26241681
127 46125653
3964 922928359
3266 43176636
3508 75867560
1461 99614483
3735 54771005
3096 390303
759 31338444
1657 70516496
1410 58396233
513 99901804
2543 47199791
2040 29381996
894 12920208
1736 27084101
2191 10936303
2137 57804577
1177 15820884
2806 12122459
2878 40563672
890 50503409
1282 11341323
1956 662351
2670 64552966
2925 62140152
214 71042895
1105 5343428
1426 85688237
3560 39755002
2469 807136
906 6768611
1835 853239
651 3753484
2863 23635047
1489 74128218
685 76658974
757 92361722
3552 74073855
179 13795549
2653 5328386
1245 79952532
3430 30357615
1435 50995921
1454 69758280
1693 74975133
3777 56956549
2126 63178830
1954 34018483
3814 64875427
3655 96000322
1235 85652701
338 7803852
3469 50218540
1205 78666154
3838 78879722
3381 89987755
3064 74084039
1315 73985785
1331 11496575
3856 37816520
2980 13668453
2454 28547648
30 91424965
319 8883373
2568 1091330
95 4921066
3609 98297349
3531 58312073
1488 1710583
549 50040510
1703 86219013
2906 68267246
2174 26642904
1696 17250508
25 14564290
3143 13276456
1383 33875423
2054 52675661
280 18029695
2853 52261404
3414 93950938
2553 72365234
2250 41172788
2551 82926630
3217 56284792
1659 12395114
2303 62437421
149 1600185
1988 51274760
915 8503519
1844 6678304
1208 36503420
3049 69579152
2069 26112700
2705 96665605
3268 2763327
2783 60924665
1938 69737322
1533 87168626
1526 94060883
3561 62104363
2489 37136789
1273 45293436
2012 83138934
2340 89308240
1950 52959564
916 49856621
1275 90804690
2913 60150874
494 40745035
1578 32234366
2091 9650679
1554 29482970
3254 697998
3687 61023960
3212 84373574
324 15035027
217 30906644
3543 2905024
3848 7375081
2675 51385795
167 87863818
2698 48141051
2470 6047490
512 44596989
1209 78246095
2197 25323146
2279 75011924
3261 86733100
1055 35833971
3291 43145218
1837 21734779
2181 86527064
3158 37222537
2564 12299266
1385 60743003
44 66778076
1771 55115953
1513 35070385
1451 56127300
555 28081919
1974 16997644
2410 78403576
3961 56534339
605 69581971
3889 73351805
2826 21283263
2529 90728820
253 15815208
2583 98438998
3622 87162299
2325 72827211
2262 14967320
2724 8338182
576 58305771
720 74502820
976 90072769
675 973838411
1099 62612081
2571 75131748
1592 60312161
2820 946276211
3111 27446847
2663 4193873
1481 22704475
3973 40922432
429 49209410
471 52091556
538 51791225
3957 65808766
977 55147764
1550 95475672
3521 97575224
402 93704649
3344 48341346
413 51017532
3556 74672494
3769 39596836
3839 75315290
1817 37165436
3836 24326154
2060 56044361
1030 8269756
1397 96213467
3598 32796416
2633 9971503
1750 26290077
2314 50992624
2861 10743930
1239 34422458
1449 3174086
1699 84753587
3701 55565088
1196 69206096
880 4889477
2739 82691916
745 13732763
1144 51978044
131 66139509
3164 97476392
2006 89056176
590 54813321
2362 61227302
1091 24863156
3605 40663749
415 87157822
1382 62686790
416 72521380
3696 2041037
1469 70593207
1152 82213948
3044 80154691
2004 34441210
3474 73800493
3991 25256478
442 76595268
2464 42843951
2777 35182288
3434 12741604
619 36559840
450 69868303
3012 60718
1779 85262109
3852 81346587
3855 22198346
3086 72067121
121 91941037
1700 37830002
2072 42047985
2034 3996398
3550 32044221
2588 52708761
3202 50712508
3499 14654513
618 82791826
630 88484151
2791 36754398
2473 29475329
3053 65590397
316 97718549
2358 90644960
2947 26095793
361 6181725
98 62392363
3121 4953859
2616 3519193
2229 67336465
3660 74237758
1002 37172043
2566 25749699
3253 9269233
2990 48035142
523 4323054
439 55726198
3403 45708474
1929 44763334
3048 57588980
3433 189083
443 59480142
924 74234505
2118 79130852
1437 59490718
3606 18509708
1413 60229599
2484 48930011
3715 39207854
2968 67636792
3739 69159898
434 33260267
2226 90327179
91 8974887
3482 80141438
1924 83210772
5 72829981
1551 15280354
321 71897027
2266 85059373
3149 58983301
601 81925447
1407 7911001
1899 25413036
2757 99350945
3716 15478717
2812 22877086
278 60539581
803 12547996
3278 59280030
526 89096710
3099 28948178
3630 10525370
1763 47390188
3644 33250899
3770 19285602
2814 88435098
3974 9752684
3709 7345038
2166 44763243
2378 32772734
2028 64744798
1885 42186596
231 95420262
1 47901418
1058 35059429
148 70214252
3763 94695206
1217 23970222
3452 45881975
3949 60669754
3616 87323503
2639 36892304
2444 49447080
161 63704004
3565 88751750
739 70982728
2100 1868698
689 38935256
1420 592940
3218 85992088
3226 73246279
377 57160046
1749 4871212
2406 64938503
3090 10054264
260 99456294
142 31530045
2760 7161828
3666 33078726
2574 58916092
173 15933336
3294 56143591
492 46401497
2646 52302425
247 78351870
3203 45504755
3938 90115320
3123 47341999
809 92324640
2620 94206744
727 39789627
2918 51905507
1008 32031343
2805 65063998
3614 10663947
2037 89974591
2434 3067658
2900 1310954
3444 59446391
3393 71243987
3372 97638255
3712 23453938
3235 7112350
1120 87640724
2417 4993649
2902 35777453
3450 1510456
2219 70908193
3994 6351177
117 27075047
1557 909281238
1145 49918019
1731 3051943
1735 57603993
1300 65800778
2849 6634515
2457 59989279
2753 98300207
109 24296228
2744 43648195
1518 52752209
761 45943351
3299 49847072
2728 15457831
3304 24177267
2623 65593952
2807 20974089
1350 48011833
1524 20817084
1862 55008268
3459 32857407
3762 79402684
1237 12991588
225 25787152
1452 18846472
2158 50212682
2876 77945685
1069 95242695
38 212225
3157 96094991
1025 32081768
1982 38957083
3583 51170171
3726 10097371
2005 59498640
3698 6643770
2495 52873093
1537 61849149
1194 78339906
826 47909412
1163 48669614
2915 44921966
170 28142443
1565 35891007
1402 85833558
854 24644277
3635 15808757
129 68946989
1484 20792540
2253 2714011
2726 50023848
2732 55565117
1088 86582120
3510 26149301
2612 15479703
2211 84510464
2660 62420471
3922 89404014
1597 69484995
1423 31528378
2423 12425542
3337 40469320
3380 88070576
3456 42830762
668 75261521
2283 13261452
3042 89910336
412 88326985
783 74450780
110 80565106
1606 50130521
2636 37807796
2428 31776342
3252 61996792
681 9329086
430 28903
2519 83062192
1852 94729243
2105 35894584
1728 33473356
2244 70022375
3629 68402411
3914 40472294
2825 63905776
676 18851442
2974 41729655
611 6050171
3181 23292074
2145 90781390
2781 39957128
26 22150332
3034 77515924
3968 88817261
322 37321741
1092 42792850
388 44773406
2945 73284485
3721 85099780
1355 83346400
510 21508190
558 91599231
3174 40765734
1971 86175245
1204 72373338
87 62395019
800 56348023
2139 26167990
3462 71537323
1505 84449457
2479 96309998
935 33857546
2966 68807039
852 65245131
3342 61668966
2317 47354
3052 27504558
2604 1807920
1766 13764932
1286 4891638
2844 85894803
2591 83059958
2282 55290317
646 10118418
872 69428230
1349 15994044
2828 16640340
2892 62916581
65 31651578
1900 49826523
3418 62291058
3332 95628847
1191 2077271
3371 72478050
2293 62003919
2415 94450922
3011 51646077
367 10279320
3639 82288176
1848 85049462
1313 98559895
2865 85847793
957 27686553
884 15234625
3220 12361432
1087 34532455
1325 53251615
2267 35391498
991 54001254
1992 19620823
1097 51904682
2055 95847042
1142 32897706
3860 80116359
2890 50460384
29 50212685
296 87273094
3522 155680
2735 42964606
2068 92601759
3222 98094473
2071 68116119
2042 95404202
3662 53469664
1043 8256535
948 96348489
2121 80973693
2438 16130804
1713 98121799
3095 91806259
2456 43923395
3251 66517774
2808 47390215
3010 81452262
808 70861910
3826 91258704
2931 55252221
1667 30598820
1068 5907154
1200 7463154
113 98138438
2186 73889786
1672 89798063
2738 99896515
2429 40069919
463 7734395
996 92492354
1845 24140264
3442 9401754
3425 65837501
1212 95652244
3881 97275788
3920 53390551
1913 54727243
712 57243911
3351 17330980
3265 96463429
2107 25155923
694 86072146
1037 66036007
673 23724350
2810 66728899
2462 39830838
1347 84312273
1311 695654
3776 72836374
1610 6552137
2367 70256882
3941 73541021
1535 75926783
1968 44420445
1830 26149447
3221 74747672
3590 45173318
2800 51259945
3384 96624958
3819 21236175
718 94778590
344 50729320
1547 78804737
505 37922586
1909 31755244
1210 86550142
1714 78545203
1187 10870674
311 44094449
2850 55224925
1730 68380602
342 87398979
51 42767419
983 82250749
1805 22604470
235 61851343
3024 44619961
953 37471917
1229 2013243
2628 1575879
1388 44044185
766 37812413
1877 69950629
2831 29868592
3559 1938605
902 6405654
2015 75873972
2036 12264209
857 4737468
271 18201081
3176 28442829
2535 61831896
742 81212654
96 39025458
2080 930073837
3638 49795604
12 60614597
975 47931450
3183 30289960
1883 19682102
3003 12225330
2761 71813447
2093 97096224
3815 49440986
3231 3863678
2449 24938673
2517 12990800
3416 77748600
3041 74996480
3141 76213493
1199 60148706
495 20748677
3257 35070056
2587 81478705
3755 65166556
943 95068112
2039 42186492
3365 78497720
3555 55910502
3146 71184162
2842 9462642
2176 21013291
2718 41468164
1453 66765672
2024 94780529
3966 6442948
1676 72352190
900 37548003
414 7446000
3272 48397670
94 18272619
2528 63024917
3040 12909773
2957 40879490
3364 93466114
298 83483511
2594 5627812
829 94284973
903 29381452
1240 43421387
40 51561375
2654 71127051
649 31014883
3676 27866978
491 10499077
557 18733965
2941 50806315
1215 80045635
3495 88035545
3131 32620087
913 85159616
1006 46684029
3693 16639187
1302 49742417
707 22565946
1773 41109393
1781 75762884
3523 19276782
2478 39754712
638 32186787
1789 19431628
2144 4177196
1967 37632621
3711 16797707
3888 45903789
1716 63525513
1409 64353801
3306 34978517
3178 19077862
1328 85644166
2148 17789628
911 49489987
2714 97565307
693 90546757
177 934004661
3100 63221576
1362 56450569
3722 24612041
3163 35512834
1861 43035550
1462 55274720
2320 11710253
2450 64788050
2986 54787496
3801 23073767
3526 32371415
778 6797878
2468 46571689
458 41419076
1029 49990231
1417 18316335
339 10186996
3389 62421978
3188 13683281
2286 71086367
2492 30460945
3691 25576964
2242 16648199
1865 77336868
3156 26904552
2677 42948522
488 65540125
476 57987056
366 51025894
375 72584339
3056 98011484
3875 83484350
3600 58405905
3224 78830848
1180 29413188
866 4913931
3913 84582390
3101 22810857
849 34774875
1255 37099977
1936 26689768
2846 47548028
1903 68834320
3953 69875721
3455 26850129
3929 22819167
855 51111229
1293 46340258
3319 57974235
3672 20185221
670 20252403
515 11335929
369 6796243
1881 92527798
2225 37562891
1607 95030566
2988 34538289
3519 33692881
1443 93195740
3501 980590727
747 21373297
1707 44416677
1732 69696982
2948 54973801
643 56342411
1164 50686387
2276 53032806
3243 94714248
2341 31032414
3301 86296290
3887 95441621
3441 19519278
2700 39998472
470 65962850
3864 73881652
200 28698802
1249 31355403
1264 72723462
2033 83694923
1147 23901771
2440 13910154
1127 6596503
3169 4637393
2198 73502034
1487 59129699
2971 96668231
132 18372987
19 29891916
756 87929594
1932 28672458
521 85545121
2856 48538598
733 36454315
266 81528884
1039 8672493
1811 34824284
2163 73345963
2426 5762031
874 6243449
1367 69814631
3720 2575542
3013 5155788
3833 51721955
1445 5629311
345 12890865
3897 99717219
3972 7252958
3514 94919814
594 95232826
3868 12312277
2615 9645989
1395 82742191
1218 90440191
1404 5185965
3276 22302481
583 58205775
446 58732594
1442 94414124
1368 12698961
937 38908948
1305 47749316
1980 13565208
3150 51628725
3020 42665948
2322 55285666
3493 26653599
262 93125002
2682 3038479
1723 81804879
199 61362026
1062 33538464
2889 3074421
73 22826817
3079 8631586
337 612313
741 61067035
1775 54907371
3124 52600926
579 77113204
469 94410835
3208 76300635
2397 21378487
2014 71504773
3300 65433957
2556 92767164
3239 71585198
3045 12079795
1157 28158969
3170 69386557
2505 24112073
2619 17002084
2640 61133383
3075 83513059
93 942327286
2755 85014250
418 71010762
1327 93163340
1133 76412399
3072 7050002
2077 42611554
320 28038748
1011 77382948
1354 77558953
1553 89400105
901 30234972
1955 9789506
3625 596867
2206 21667054
3654 11945046
3669 80802417
1996 70701536
1589 98456171
715 30072409
82 10248689
2897 62733425
2877 33109774
961 3205280
1978 72276185
2017 33271544
561 81264296
3325 4089889
2703 61129177
1326 19705885
3153 25849866
2661 11462014
3817 93962427
666 85203749
3160 11676419
180 39711567
1381 63847089
3318 5673378
796 30703820
882 29457660
2647 47943423
125 16053047
986 36440746
3837 66877833
2343 23913114
2160 93791130
3637 77555880
2138 3159429
571 91694439
3710 2566098
1465 89458916
1070 98337930
3480 55776652
1320 6430081
2256 73999346
1248 12633225
1108 46788177
1530 85839794
2601 69320471
2222 43359250
1711 64479163
3484 8618246
2487 90184876
972 72358347
346 46412801
2838 18816468
2997 66066202
3865 935781728
