17000488 2000 2000 1000000 4002
13935042
6399027
2883263
2992984
9770657
4204713
12711311
12329823
8681855
316889
12449273
5146313
6247385
16212669
7468582
12780623
11480940
1833512
10221531
3696635
9608449
4296379
8832060
1830482
13448386
8830077
575096
7703266
9026723
4384485
11145642
4114150
7688515
12365973
12817993
5578908
5133588
5974692
12652835
656425
254181
9647710
2803562
10826862
7885788
13762709
7728168
444238
821602
7211765
12431491
15900861
9464156
15391365
11798657
14020279
10604393
8685480
7549217
9052224
3865637
9483710
6398125
16501588
11759638
12524752
13673258
10325497
16437402
3942052
5262283
10183338
4462917
2213630
9927679
8687351
1082222
10229338
13128079
3985084
3248292
8053292
5602587
16423326
8580644
340215
13744283
12393774
3846878
919821
582681
5356871
1021366
3735570
7037257
15683143
13146446
13798436
1087068
11240992
12437396
8727334
15369467
3890559
11220371
10621912
1705594
15337498
13221390
15435315
15191330
15675304
16910423
13400435
6266499
13027405
12365082
5227989
9651645
250363
150731
13505888
11322399
9002256
6913672
3557060
12419459
3031774
14933509
3516742
16725601
3712154
2751179
10650732
14118614
13841238
840856
638177
16305682
6751192
15412035
7517705
9152231
11914972
6693142
11262842
13187884
14915078
5501046
4291075
10620894
9228774
11946721
10300183
15081724
7896433
13975909
9947021
16250996
11591993
15397504
6234075
6286389
206798
14640630
10453922
10940913
12824689
3466032
8084404
4522886
202503
876633
10206695
2313527
16388936
7400326
4497974
14622081
6789069
8542250
207676
11699257
1337877
2837330
6514214
10759717
14483350
3872885
11717097
4373505
2622391
14071337
2108970
13964043
5000858
15531042
5930408
6403700
9903508
16534193
2628046
809876
15414613
10027888
5051235
12056671
6005261
1878848
14611123
12003615
7384793
14760206
9478031
16476654
14792260
2509801
16947349
5316896
3699048
1986242
723973
14086489
6035328
4563526
13669660
14158772
13595737
9262690
10431961
10718865
7963620
4102971
2500341
13830956
16127514
14582041
2039217
16472648
4262504
9796232
11497636
16103009
5325130
6632481
254522
16735754
10881669
14100185
223693
3515046
15152842
942735
761216
8007371
12994311
16985141
2602141
15019132
2333480
2614949
9186132
4614147
4005168
2430650
12575740
12064551
12279772
16074498
11894694
15106023
2660127
15517254
2629000
2262304
5750650
13478560
11959655
14876665
10315015
11361640
3316470
12776980
3233267
14890338
10435823
9603000
15137475
5896126
308010
4735057
8146329
2797270
5480935
539302
14575699
9882562
13242898
7190247
11639283
5430824
6740092
16958138
9049611
4070763
7519983
4120992
11725850
9512007
3670911
9556957
11159850
13053947
4782188
4313272
13853505
3398380
3485245
7918175
16543062
10997079
12496929
4079845
1231527
11228445
9611357
9995687
5791734
10423655
5890533
8047699
16622128
5937860
3203210
9934075
5540305
9010432
1456408
7404820
2866580
4669384
11717320
6152362
15373227
8884362
6175931
8944260
62550
11185914
14792591
4346801
836503
9813046
8609826
6216841
9354666
322820
13675988
5786715
1067338
16110956
14314798
3586933
5057095
731609
15190072
14494767
8324275
13971883
8893404
7890407
8771268
8954061
12299271
9138235
10802092
9245790
8366727
14172043
15910800
4787217
14253766
6595264
2147510
14195929
4266765
9299270
3281845
6757623
14277596
11936930
14499995
8713641
15836953
10113923
6687604
3063025
7998271
5280814
15312599
13887859
6436389
8956433
5777480
13337124
5401532
1170271
3880142
12000542
184445
11249911
1682486
5516081
4989712
7120071
16898595
16919606
7489326
13792559
11089312
196134
16414994
16724875
12573715
756439
1469814
11441462
15731782
12781432
73417
334585
14489806
8856670
16043495
4335174
15741002
14876003
9726571
5954076
11075210
7059712
1832667
7051822
5137822
12791770
15211697
6990681
10298435
3265914
1463358
12919853
11751685
2433105
5390493
13778235
481417
540671
14385661
13525626
4662700
7087244
1836131
12515717
11257525
1187873
1537398
2112786
1406172
9762530
11579434
3734193
2921388
6436702
2724249
3544019
10531759
16851930
13700971
14797439
10057984
16323462
5904756
7184921
2076518
2940842
5919750
11668859
13976382
4481996
4310794
6829745
13200913
829078
4377751
7102915
14633239
1534460
6125868
10474537
5594629
13395531
2246810
16383935
53895
10445268
16736499
310890
8763911
9054428
372047
12195638
14055522
14714881
5157509
12109200
11499713
7274419
11595966
11688381
10174194
982332
20209
14392005
9412199
16223291
9871055
3935318
481026
10205933
4627465
9829424
794622
14839936
1338751
11672037
9451597
2515601
13889624
14820981
8217358
5859915
8939015
6973538
10695649
7421280
1659935
8430033
14403332
1584309
4235787
9894585
14735079
6139354
8416655
2000010
16237934
5083578
16598728
7641626
291948
4037519
3900836
5748848
3168247
8316329
3560281
296106
4519451
658845
155031
6698963
16809700
10469351
7258582
9044961
1041210
15511050
3621635
14175846
329981
10755942
9808713
1588466
12459216
6528763
16082579
10337450
11307669
15929192
4504640
12727716
16726914
4979487
7028537
6205822
1420364
15733791
5655202
4527901
9300793
10436290
15201253
10767447
3642350
10013941
15237550
8437161
4251477
2855310
6628634
1565009
12773073
8239476
1611443
14521963
16645097
3557426
1116951
5752816
745128
10132223
3694694
4425936
7243731
16285371
11203011
10933635
12325789
10250687
10969171
1722140
15988901
5107286
1009998
6220990
16499975
11467457
559787
4883971
5050090
7176971
8091986
3870487
7193314
10945838
5946938
394740
9533122
2043594
14194591
14297969
6776049
8010422
5486671
16272225
5664097
13122340
15141236
12081063
6187792
5017014
14038919
1494778
9286992
4816857
5008655
10689715
10281760
957963
16996328
12217518
672325
4011948
5270120
11824233
14091147
4688525
10085470
13170673
2060830
5873190
4517539
8421068
9481614
12090822
10153210
12248281
14509416
13435252
12215908
3385945
1855234
715509
16716159
16048004
14008150
6737083
3071992
9563201
1611805
14579770
7597182
3226716
15833649
15326852
16290773
12986388
16266424
12533330
14587440
9346241
7414020
15462235
6796413
7796191
4657539
5388685
15762248
8900389
15883233
2763550
11693510
2360497
6718020
8942620
10118425
3031736
16833465
6145719
614219
16948478
16702221
15013731
16382710
9049331
8016853
4115934
583267
13922639
5674311
15291151
9417500
3501268
4353347
10002560
1959528
13733477
6229749
5503602
2777254
9392332
8820611
3613935
13342820
4750375
2550435
2268944
11249730
369929
14801589
9446453
940927
931657
3343843
149719
14215610
15660780
8387578
7795966
13113619
4447930
3685727
12773350
7765386
13167862
15421654
11169783
14828903
3499281
373257
14226242
9835491
16722743
6988883
297257
7081697
12991007
5568531
14324194
11485242
592567
15835805
6948698
6592408
5169449
10486830
10216299
11054693
986042
14851228
11109819
13854841
5235644
11724327
3042859
15622885
1754882
16004519
16438069
12722517
16072020
5015871
9173289
7214201
15946239
5457619
7316098
4815773
9508839
10375361
2095030
8696277
11424783
7178964
15999138
11629591
14128912
1851947
3910727
11052247
14129743
9506967
15635098
10411772
12472737
15214854
2414524
12393039
10457740
13997083
3408939
14198159
8509865
14336413
4550128
9898015
13517668
3899294
4555763
9833393
7992949
12736498
4051091
7175080
16685288
16832075
22620
15082389
16343684
7993217
15139949
12195891
8101803
15021464
3573104
10922186
5558049
4429593
15857760
5395240
15174244
4307360
420134
14969190
13816553
8098577
15780122
8417980
4535720
9567072
1304694
4607112
1103661
8016708
5077446
10814088
11620966
13275412
5437003
3822815
8895576
5806668
14398750
11622620
11501594
5261714
12761240
3187012
2050266
12430237
6193339
15705374
377289
6574816
12993698
10125128
13254606
5606092
748007
2352506
6816359
12210564
10353659
16528818
10708
10861662
1454309
6476102
11819628
8595497
14293966
1943323
10160951
4003655
6473242
4588534
11084693
7573548
6989303
16922084
7204402
583797
8436616
10941075
12569989
2887513
3736818
13253121
10489533
357088
7719035
11644357
8871146
13359841
9223341
7202711
14632886
14363560
10557211
2857362
12402530
1408649
3457076
3933432
16193995
8472432
4636195
15061933
4040856
6735116
3389815
1235156
6694416
9541428
10569890
13707607
12381659
16458923
4815422
13243499
7122508
3069538
15354985
1692511
985153
4413481
5245383
14118754
9879240
16295960
13496522
9969811
15813992
5785909
10844349
15722783
16598338
4749228
2098510
4234180
8766359
9945911
2986886
15468796
5627786
16854031
4253756
9596585
13934477
7277317
7698590
4711869
8800884
15763563
11317218
1042864
13483392
16021851
3944972
8524885
11966334
5270169
2056680
7368272
3772776
1468841
12518868
106694
2288184
10635199
13417163
12541794
1990003
12482657
13988447
13858086
3043570
16168789
11595722
13364392
10342445
8331325
3038605
4815086
14285959
15199618
3005095
9758722
12490228
7883166
16477937
15492016
8549378
4238257
5233396
8002917
9338767
1752122
4415498
8550211
8995690
14676066
8645646
1369499
1614969
11372392
15976159
2712182
5547252
6900614
6317325
9415081
10626393
1496521
15819458
2038655
321988
3396601
1547518
9955450
16387848
13747596
539717
2710404
3524514
16092755
6483115
12585841
9376245
132946
8852193
9929180
12645144
14271424
10538421
9380894
3340271
10946707
5507046
7004150
10455739
1090529
7180707
8529945
9985255
6869562
11892507
9299838
8452088
1228367
5201510
9905607
5289609
13338554
8641084
5547520
8096415
13998335
10824776
15026133
412658
1304482
2781625
9537016
2592739
12544914
1673600
15840929
16111291
185435
16212650
387393
8098651
11774263
11155008
4912035
1667328
820152
6576195
7319585
1225030
4630710
5600524
14368253
16345843
9460056
10189428
6272584
13002689
10680325
3695301
10741694
10787663
8279186
10352622
3327110
417019
16766760
9402946
16153370
5219981
592309
8372623
7112697
1266591
10942245
5766678
15536641
8178001
9413725
1410995
13546524
4464451
12902832
15515345
8981745
1133916
3072197
1434873
4669219
9230974
2556853
5936624
3622520
11395253
9360287
1467629
6002421
13853006
15523036
588539
9036786
8282816
10823543
8366487
9712702
12710301
421888
3201339
66948
4939492
3158177
8624593
10461484
10280572
10054529
12782136
5090492
1645007
13322087
16844192
10217450
5918
16679105
10456144
6608006
8354386
16499085
14942480
13880320
13675244
11210753
15139699
4805971
14451897
14730010
10132472
8413216
11677464
6418052
15277971
6803338
6870967
4872168
15398029
4960768
8979501
13208979
7660582
10581128
9618538
1140377
11282851
5082570
11565594
16863414
13270809
1408298
13766187
8592966
7019712
4392723
491831
6195625
9203022
1890736
2270742
16827509
4954289
6158791
13150918
15643687
13508651
7689127
9066253
14752080
11660653
13042155
12352277
1312349
4008592
6815544
2620386
727112
4067262
264466
6481492
2892339
8946445
10913770
1873164
11633990
1815686
4505171
4132120
9078700
13848138
62632
2076471
1231979
985515
14449047
12306695
3543008
4702824
14076864
11921851
11644984
6418733
4630691
13224633
12951848
7579600
13960688
3726620
14117762
2438355
13560150
7856278
2096245
11368491
2086482
822002
14045301
1320078
16960576
12485856
17729
14873282
2669910
8189347
11819590
618108
3185088
7371081
8447932
2044052
15082089
4703849
8025878
755557
4087126
4792391
15769983
13242529
16021845
5335838
139363
12919532
9046511
10224670
4726973
3349147
137033
8420731
14628099
7889028
8261107
16973059
13010303
10702814
2599294
14880531
4250346
14705677
3658869
2678472
8330612
7339272
3338214
7325719
13165449
1880987
330523
7049967
10820932
4908453
14004289
2932606
5318063
16481165
12652146
15273263
12317312
4328724
2037777
10750375
16299886
3756312
2678033
4320337
11157427
2738275
16381659
5847349
12770001
2450704
14053476
1087560
2278499
7103636
14960293
306293
394342
16767238
16384789
10746429
2532473
256625
3570481
3063578
3663190
3656340
2146695
4662354
233318
9118730
15368112
1038815
15020477
119080
574444
3679172
473835
173510
4352512
5411437
3485925
4242276
7689380
9632930
14622513
13689925
9218909
3508461
12306231
2223179
5290831
969847
16304257
14033799
16212885
15926612
7933076
6996725
13559270
12368862
6459467
11095080
7202499
1642674
3370263
2824201
7763861
2087710
12386706
14135854
9026881
3665270
12000167
14489671
3996597
5767728
1817048
4294050
10878965
7521765
15815757
1193180
355970
5169294
9378774
13527391
809230
15299491
6660771
16111830
3562227
4387898
1354099
8504133
730871
8556125
11823924
258126
1635403
13785623
6786142
8290004
10531344
6276829
13471124
14103875
186598
6868629
1765599
3874193
1756811
2119082
3142217
4530645
5874813
672503
16694930
2061467
14901488
12826947
7150628
7395833
11180727
7080461
4907349
10566023
1523141
13725013
10698778
3496674
1342249
11049427
4902809
1188176
15662802
3492352
9707914
8587890
5671288
4599779
6585558
4103277
2169030
16536278
4405823
4337618
11799158
8289889
1147963
3591219
16129151
10717497
15575206
6360071
6929381
15427060
6731955
2933895
15046535
11811864
1046887
12512208
8579074
6031997
9918094
11427667
5249677
2322025
11571585
3736430
1472215
12964643
10882139
5105320
14870082
11484921
10395915
5677910
12068447
12980199
7437756
15046956
12775320
105354
12105592
10189172
11033408
6318509
360713
4180649
11084437
11044709
9398382
11533223
11591510
4460009
2859055
13083127
13629402
267601
4947060
11137859
2867805
8411433
4357881
12543420
16243230
2568148
6319943
14685475
1387801
8438219
1331600
12716353
7426463
1399199
13171275
5563828
11831451
10262671
1528487
10504396
6787951
4121397
2577626
16504791
15179204
4268359
14021319
8511798
7075097
6726368
5298140
6305067
15819618
5861239
16967695
12088685
10529511
15208517
7715356
11721985
5927790
6869873
8808654
16522082
5080591
12978795
10255591
5797528
13737483
6260376
13545483
258318
512613
4166517
6104552
4686318
5334742
1708490
8222653
6031077
14706741
13771460
5284732
8726257
5956050
16865811
14137788
15450918
12846099
9216256
5471728
8796738
16571574
2315074
3294316
9440752
236750
8930950
9143025
3296865
891839
729961
14321950
8219978
10227661
6794234
8337610
15307338
7788182
13733537
3294106
3882692
15377335
6502006
13046992
11987591
12287475
16057205
8482381
10484326
175435
2698015
4820015
320103
10174385
15817976
7085063
6955883
14070359
14045440
14719479
14631767
16808008
3434219
3858858
14536864
15544725
9998903
2840574
9102060
11913173
13345797
2913573
15431898
15411685
8869146
11940815
8652449
977082
8619764
15685017
16311979
6179990
10887328
9402793
14429848
11215716
7449412
2227388
3943434
15993199
7831442
16187142
15563315
11311812
12302570
392516
1388003
10280653
6211259
11843193
15663749
8751518
13414532
8546308
12764890
3101221
1970918
2200043
5392399
2699636
11410049
5411449
15598315
8896988
16806982
12440890
445185
5940528
5619789
7370663
7727684
5689247
497964
10922798
616985
11029475
5804910
4616345
2638977
16479956
4292554
7320446
12699981
6950794
1821578
7398934
2190783
14753512
14330311
16526990
8280718
405396
7051929
3841157
10108510
13033843
6556252
12360562
10616975
10104178
4105283
3232185
9272675
8999783
416553
2091508
10087309
6873038
7172262
14139017
674423
3134852
13240733
6786512
10897141
1603654
2614623
8070445
4827150
9893844
10392989
370516
12763642
8402484
13228089
14422902
15646601
16405942
7270862
16764433
4343719
3912826
5366632
15340217
6824047
13343983
2705515
12757638
5617876
13634102
6682603
11056897
6729012
14031895
13166895
7918895
10085692
5593010
16860743
14534561
9769244
7938336
4875158
1591273
11512670
14898003
14180435
10224367
2213181
7413519
28868
1512183
7320030
6215382
16452864
13295920
4260158
4872972
8903538
190585
14946881
185219
11042611
14097619
9376441
10957046
7289741
2573480
6289000
15454637
10340119
13036514
14281169
12827740
8319780
12125391
6600649
16537196
1156788
5078550
9245084
3854973
3686347
4805142
9086023
16563550
14842600
7979847
1639538
1088208
8686606
13442596
4134630
3241961
15248172
16646288
10336700
11209905
10835351
8220173
14804658
5750558
13563271
13784436
4211569
4615368
8747086
4125096
6465445
1793959
14708609
5401567
16861329
10047631
5605618
2084267
10795055
9170875
4283352
9472312
16951742
1965617
5124154
5773966
12824435
14191815
7922018
6974425
311205
5086137
11130563
11282188
1467449
15381995
16459072
14119877
962822
9599454
177329
9201813
16686360
12625478
3393920
10640123
9087463
4885546
2264878
5945599
14360191
12973580
7558477
10109417
11888395
3367153
1798016
3933702
12321554
5970963
5049122
570158
9187138
14885135
3976918
12379738
4683380
3610911
6125435
8909066
5283894
6474362
10433779
10207285
9721383
5535074
2386083
3322863
9342484
10474579
4129643
9275067
14153130
8264299
7631087
7790814
4805
12664562
8073872
14250880
15515741
7303901
13807053
11858846
1190351
13584768
15161015
7832300
9251164
13751584
1830616
9330189
489953
13268997
5556155
9826503
5772135
2799601
5256758
2232974
15447960
14792772
7612567
11277698
7434930
5686996
14095234
6165305
2128583
7620976
16525029
10806818
2982 115129
3576 79697
15 123238
2326 29469
390 60502
2200 54309
725 99290
3701 31038
255 120707
151 7774
3031 39605
215 95764
621 165475
3247 125068
128 19555
627 150109
118 11135
1244 97480
858 92962
2877 34836
3677 176114
2688 77821
1189 36178
3840 7662
3279 179902
2687 128035
3059 64280
1412 32525
3876 189013
2139 39416
2113 29681
3131 27615
2481 157107
3415 143695
707 30925
3463 19497
2149 86127
1129 84463
3426 22535
806 56877
1060 76303
2115 51397
399 167189
3439 14275
1926 197819
554 93533
2851 187672
940 24755
1419 183242
995 99126
1075 162905
3020 46324
2209 18078
3894 157078
2993 82129
807 119551
1042 142078
3154 146077
3137 118537
1629 133111
855 152294
3493 155329
1478 193139
2801 139158
3487 148536
507 90460
1752 116925
1453 132945
2277 175763
3405 182408
662 159647
2563 9440
1278 24844
182 126187
3672 83891
2107 90109
1031 152522
3303 21775
3434 189814
2453 109877
2757 124434
587 7321
2653 119109
2131 67111
1724 84344
857 172919
220 159556
1388 152402
2804 168359
760 106955
1147 46416
3634 49520
1163 31530
92 94850
2781 78775
2790 33234
2833 41208
3946 172620
1510 3435
3315 150257
1742 20992
2324 85948
3971 2707
1451 114070
679 80531
1647 132983
3961 146687
2586 52359
1476 79774
2073 105699
3404 181957
3747 13637
3462 113467
3236 170085
3325 161297
2052 77634
31 154235
3288 8283
1306 10518
2942 91603
1417 125283
431 51231
3444 91501
3359 52025
1547 125989
1441 172562
3949 161443
3734 149342
2348 198428
2659 59213
322 79057
3916 171855
2191 79128
3643 94703
3260 81198
908 69405
361 119348
1433 97649
311 191186
23 18123
3038 194781
2969 177540
1402 144892
2478 84439
1622 24784
67 86032
795 157796
1196 14395
1961 72892
1142 138131
1843 185443
2026 59919
597 129223
2599 118385
2104 176675
3552 14374
641 167671
2572 59617
1921 164812
861 150560
1446 67424
2429 147173
1468 152890
1668 164509
1225 46094
964 44225
1580 56747
1191 91139
3364 27139
343 113239
349 184290
1832 26323
2731 146080
277 133865
2485 72608
2121 148270
2635 171341
3223 157944
3615 137544
2820 58599
2680 50866
3927 53951
819 64653
1968 100940
1220 72947
1393 5707
2676 90583
2023 160087
3117 15444
21 50158
1396 124796
859 82964
3455 167555
1355 30265
2884 131325
1618 157828
3385 177520
2102 109678
189 62387
1121 10862
1943 61054
3899 90670
1789 116542
2302 6172
2774 193441
3888 77753
17 53867
1092 193641
1987 169858
2066 140530
1182 161040
2357 159662
417 68901
3904 171065
3765 5002
438 14598
2729 48491
1162 98016
1546 75843
658 171695
1777 106295
730 133560
1883 86777
2817 50214
3578 131932
787 17748
3590 120339
573 182384
9 191700
603 62012
491 59167
3976 189201
3586 166561
466 39690
618 199582
3573 119173
2903 16460
541 141971
426 35243
2100 157384
1498 46870
1461 146743
3711 69695
2280 114211
2416 68887
1837 110949
3457 117767
2167 9633
889 66226
2272 85514
2636 3873
499 197851
3044 106891
2874 178179
1567 39639
2138 196576
3996 199688
3514 96847
3567 180302
2819 147119
1738 196785
214 37826
2078 113748
2983 151004
213 122212
39 79293
993 90647
502 30312
1221 77042
1729 5143
1951 149032
1375 110386
2456 108598
1751 76143
2803 85510
2116 124765
3372 110990
555 182460
2301 173506
2118 111500
3336 68696
719 111886
2079 70922
823 15801
3345 17172
3464 157625
1034 100151
2698 143721
2861 190418
2504 97875
1644 101694
769 28643
1178 99568
2294 89172
3903 84887
942 119690
355 83004
2133 78246
3854 92032
3915 176342
2358 49312
348 93164
3357 165248
659 31323
1239 117214
3685 39199
3222 14006
2908 180229
1791 119792
2343 123637
3467 155435
3886 72296
3963 102706
3680 85645
768 139555
1871 126190
1662 181436
1902 82514
1870 32149
2741 148475
3837 18372
3865 63122
3506 198556
208 112059
1966 114839
3323 105012
1895 8826
1328 104629
3355 30072
3060 120238
892 194455
1504 50154
3491 83320
3021 129327
2844 157859
2739 115655
2035 79484
3805 147650
2640 97005
583 122976
2144 59596
2743 73949
248 42527
2093 68521
605 90979
3751 7730
879 61469
1497 176310
3061 5954
1776 130273
1395 135809
3869 100824
28 31314
1313 187461
269 189067
3678 162361
2604 197462
1043 93679
1219 188560
1406 136522
3422 125300
1605 174457
1002 153226
3366 39721
1573 174176
2043 39583
3112 177473
288 43580
3684 115862
1893 102397
1978 145782
465 28335
3305 14962
3035 116354
864 187762
736 68690
528 124021
2705 157387
3110 8726
1094 85156
3397 23576
200 32224
2278 5681
3271 19268
1492 95145
2124 37247
2498 150233
2452 142408
692 194802
3269 104598
870 181888
3343 53711
3443 162825
2336 188123
1216 106993
946 23384
1891 184986
1329 129318
2873 165069
3382 33070
1663 29330
3361 185192
2471 93153
1245 114709
2180 30663
740 126065
3601 140210
1672 140712
2111 146777
3465 8266
79 112401
3033 57542
2214 119867
330 28987
2500 185194
2616 19371
212 180572
450 121790
2797 14042
3069 119408
1914 73437
2388 138506
3004 55431
2243 31897
2018 40303
2737 41229
49 44537
3637 170838
402 82011
1620 152315
2364 59624
473 80423
2065 46513
3692 189949
2028 122931
1674 88579
230 132121
3 10033
2957 66646
2368 171611
913 62464
3003 138608
1577 79863
2748 175521
985 182978
744 115741
1889 24557
2607 51805
3289 144433
3242 66096
3103 98110
844 77217
2477 20377
2077 119494
268 111207
2511 47741
820 188889
1983 87970
2323 59143
2495 185967
1616 158117
2096 37421
71 155487
2593 197861
3190 151526
1099 60313
3834 46027
1404 34515
1235 114598
1403 182657
1886 95087
1274 12592
1190 68230
1323 120394
2389 8722
196 132461
1029 97748
165 139211
831 21842
3077 137932
3910 27885
3334 164815
1176 7816
2726 168611
3136 195998
1788 176314
1660 160087
1853 144960
378 188968
3041 15624
2279 61432
1389 190022
3167 42496
132 77671
532 117078
2350 197749
1090 76092
3028 75307
834 8357
1964 103640
1940 196072
1799 46934
2805 72776
1312 63320
2081 61664
2198 76108
1416 91710
3925 9095
1514 147318
1769 152483
980 173911
1205 57681
2098 129132
3633 147336
989 156287
1496 77247
2706 68905
158 29075
1427 162079
3250 43095
1014 107439
3932 36890
718 183435
2997 39605
2795 187181
1865 44946
2970 149453
1746 168209
1186 142901
2557 122785
1085 120577
1032 97668
562 7926
2761 69090
1184 93010
2623 100531
873 189643
1932 114969
209 28714
638 76239
278 70089
1078 121804
1057 102609
3810 460
1484 154700
518 62841
3716 83491
1368 195103
2634 61658
2631 158709
96 3773
3852 118768
2762 139168
2689 94599
193 103950
3380 94946
2863 120061
3063 148145
894 37339
2518 94299
2907 149897
1685 147308
1337 191658
2383 56353
2617 14666
2487 77987
2354 27558
2589 113634
1731 138570
522 167917
2393 38988
3409 27518
2727 40357
715 62439
1475 137415
3326 224
982 35193
241 90713
1005 70767
2094 151819
2376 29127
2822 26562
586 9430
1969 93511
2015 52437
2399 147202
40 162400
2284 12149
549 63117
2009 93433
988 49416
3087 105762
3484 57511
2667 183738
2031 29233
3657 120223
2855 166614
2502 111911
2351 141993
3169 162053
1585 163907
3354 71410
1772 174128
3379 180847
166 43109
340 87299
644 82624
1491 152155
32 198371
2591 38696
2097 197283
804 55833
3224 41652
2408 124591
1954 155108
1960 87514
2129 120103
1400 134183
1988 160057
2585 82093
3570 18718
2718 23161
962 192787
3470 44863
519 149181
797 137451
3541 102954
3324 100855
1079 114765
233 94143
1247 105103
1953 149631
10 96724
3406 28621
3390 34433
3782 131648
2768 192318
301 179293
3229 177107
3149 12051
1986 55262
2990 99794
1541 171392
2880 136738
3619 59305
1240 31780
716 25125
69 152601
2778 176159
2251 66664
3340 53858
2798 147455
2802 108054
2862 58566
3508 37815
3817 161132
2994 168887
367 63899
3612 76003
2328 196853
2425 64152
1935 157090
2751 89424
1912 169709
3821 100447
2766 3046
948 116606
2829 76296
922 65377
495 184314
3177 182729
649 130853
3647 12613
2106 197277
1269 170971
99 22472
197 182569
916 82032
261 120338
2446 155551
3212 153803
2211 152179
52 88614
2439 134700
838 22050
1767 92300
1068 70243
3419 35968
461 90524
2959 97035
56 56884
2194 163275
3489 87400
3202 77285
2126 68836
2037 107365
77 161926
2700 190844
1603 81870
1909 55274
366 152588
1206 127135
753 36798
3430 78504
3394 57396
1157 187648
2532 80932
3828 106965
1922 85123
3982 96771
952 191509
1765 136059
1794 69643
3214 20716
3841 69009
471 71685
3730 85802
1296 78184
1224 15634
2366 49795
1876 119759
3071 11354
3523 63058
2463 68669
211 68421
1160 30387
1521 27140
3538 90534
1847 137135
2490 172772
1362 198886
2537 198913
2677 155236
3844 26668
2063 146192
281 56833
3100 77455
1947 836
872 168934
1856 63440
3849 78721
1507 109941
2672 54411
2800 158283
1305 156487
3605 159233
2926 143892
3270 112554
2120 109272
2461 83271
2958 66759
2312 124950
3999 123215
232 191958
967 90975
216 127638
3197 90177
2318 91894
2034 58181
319 2870
2842 36874
1701 189610
2110 50295
2150 34338
2695 124220
2331 53216
1900 6989
3208 148974
509 63141
3997 192436
3200 9782
2244 21977
1204 98514
414 170177
2489 145380
3261 142911
3126 192015
3400 120945
3972 151012
2061 100435
2224 59488
1963 130514
2076 79402
504 152397
878 153553
1489 195126
3358 16705
832 190963
3846 106092
796 91668
508 26878
147 168826
1102 167137
2411 97698
2703 152938
1327 87469
388 22936
114 53339
1925 62895
1556 163915
3164 116126
46 56510
260 57004
325 75687
2148 23238
1673 12770
616 197730
1128 121765
2843 178131
1642 172654
143 16216
924 100356
2320 127
566 37962
2776 128041
3599 106218
1851 183051
3485 157923
1946 110480
3733 134385
3006 136179
1228 66109
1428 138242
1730 99168
1336 59903
3005 84828
3889 21472
2620 103580
1405 125456
703 159110
689 134291
927 155128
425 21520
1371 39442
104 133947
767 45376
2679 34595
1399 42477
1873 100522
434 65969
1887 84129
935 8167
2412 25389
3347 119356
2184 95523
3958 191327
1540 68069
404 171548
2228 192434
1981 10683
2246 45794
992 120407
2020 158370
170 151686
3187 154444
3969 13956
54 93683
3693 39647
2427 161115
3779 3453
699 126069
1064 129433
3909 91423
3616 87365
1126 57370
2702 68209
468 62587
1880 17055
1923 196056
1555 146779
3285 12749
2486 92875
1011 164231
683 186571
5 52060
174 36959
3745 165293
563 44675
3356 179208
1256 52142
1591 52383
3234 52258
1782 30537
1619 88118
2397 59286
972 487
2299 158234
1045 61781
1796 49037
482 112079
791 46498
3096 7687
475 179423
3531 154029
168 41749
2207 116568
984 150010
595 57568
3104 1609
2510 115010
1341 23649
3293 178925
179 190248
1061 105753
951 189185
3432 183890
258 134220
1841 63895
2815 163549
444 90134
3767 131769
2865 123666
3188 104761
58 182687
1790 35381
2319 168159
2012 190372
3838 117782
3921 110138
1116 159415
397 28250
1760 55849
89 82402
1989 39353
1364 105849
2430 2786
651 29948
539 102437
2156 44719
3278 37089
2238 82356
302 169586
2361 155540
1588 193686
2480 78237
1908 137157
3694 34034
2428 10977
3928 164721
2230 113347
1088 77087
2987 96951
998 147213
3092 23554
3883 167353
350 174995
720 62386
3387 122690
997 66714
3669 142072
1308 28935
3459 173205
1054 174506
395 104655
1761 27590
2432 195562
782 44294
1924 36425
2622 198165
266 15870
3761 46825
2492 20040
2440 194208
2832 71862
2267 102177
2182 131974
3793 6733
2049 109492
3917 43097
3806 199177
1784 23693
1614 181646
1055 78018
3737 195361
2692 96395
1297 67578
3641 57651
3147 19571
2349 8742
1442 130583
645 31330
1096 184084
3115 126144
424 194503
84 98446
124 130853
2730 184505
2145 177998
20 186707
2187 53433
83 82364
3437 47290
1719 58603
1348 110022
3629 36646
2449 86682
3257 83971
1793 9554
3549 128892
3143 30333
2558 84666
217 174960
2656 56549
3727 74081
2813 148875
510 171755
385 37514
3318 44292
459 194209
1131 158642
2444 174046
3408 132305
3304 149441
1952 60755
1809 165368
3710 76240
1898 27917
2582 46180
3762 57933
221 151050
3974 57155
2346 79459
2760 101699
2816 169924
3066 65808
440 84994
2080 137602
624 196338
2442 121243
2576 22063
3089 122874
3736 85592
609 51104
3302 54645
2046 50700
1344 123961
2964 42464
3912 117105
3699 175049
2128 113137
2321 77454
3133 21988
2186 17730
793 195180
2973 48581
938 73425
2385 5447
2694 8176
739 50205
1833 105661
2711 48030
575 110164
2612 147743
1004 42290
3558 94881
1795 35550
2181 101984
949 82619
331 106048
656 60285
1117 96539
2142 78681
1906 128567
1569 51903
3993 111916
144 101463
3773 187420
3579 164129
3966 88768
613 168814
1892 133211
2980 132633
2306 16047
593 32647
1945 16259
421 180063
2421 14419
3790 94733
1430 125688
2109 43493
3956 128296
3783 77081
1056 193908
2859 87169
568 174616
2536 64726
2870 139976
849 15361
3442 134304
1007 91257
102 56729
2697 17103
380 51282
3026 90885
2992 169151
3335 4170
29 48517
3412 65686
3138 83432
2728 54792
808 71178
1046 166243
800 4224
2402 50828
1899 671
363 50133
1578 106018
101 87120
3786 137629
918 26932
1612 127566
59 167590
1829 161981
130 80833
1438 104037
977 126323
3205 176504
2206 103787
774 96953
2971 136351
3235 42697
975 15695
1905 72136
1589 609
3000 167483
88 34820
3998 21699
1299 175745
1753 145728
853 127604
3427 8524
3180 55185
1950 61529
275 44270
3225 44401
1382 34827
103 111508
1699 91001
178 87670
1596 14762
2985 125529
1130 93280
3471 108870
403 47294
272 65032
3401 109683
2021 21673
1311 68950
978 73174
3218 158861
2029 77163
453 33432
2196 142804
1872 95712
7 175245
2418 164941
37 143878
1653 52336
1149 105458
3545 68170
1965 169570
1284 8940
2263 2368
2930 147896
3607 118241
1319 135928
3176 159984
822 148204
2773 159113
43 95737
412 165653
3706 73070
433 84774
3310 184299
202 69335
3512 105751
2327 50720
2756 128444
2747 146895
1785 83407
463 13285
254 1318
1006 66253
3941 49555
3870 43317
944 174390
3555 4480
3867 25732
2168 184596
681 175083
898 65184
27 133199
2136 127413
1195 60835
2740 73021
799 61510
1786 105147
3316 23936
1633 111864
1695 5004
2554 160544
775 187803
620 138538
273 130673
2595 42364
3124 158961
2690 20718
3210 115934
2041 199492
3171 120953
3911 123699
2738 159071
874 163678
1347 2668
2378 12200
3327 57370
3375 131781
1819 186001
3769 103905
2723 14636
818 50337
1728 168837
623 30053
1802 78768
3516 142422
906 117640
3362 71689
351 37742
3548 148073
3955 29497
2356 37086
3873 78799
2621 125098
1582 137947
3266 26831
90 149054
816 149601
2253 110127
3057 30779
1640 31476
1146 129968
443 57825
2340 24593
2086 986
3062 126393
394 85234
3796 4953
2648 52532
556 88234
755 163286
3625 141938
50 195179
2114 192999
2552 116511
996 28717
1409 52342
3025 122849
1474 50387
3157 66289
3788 75624
1877 173954
968 134028
2896 79665
3770 153371
1896 38151
3524 197818
2991 127939
3864 77588
1020 148636
1974 147423
1052 2773
887 11801
2384 98936
3073 26283
18 158871
3083 144173
2484 119768
188 116179
3030 59925
1680 47024
2252 42698
966 2954
477 134175
2516 48295
686 73379
674 133049
3386 162111
636 26097
2334 48326
285 179235
26 180479
1557 81412
2809 149257
3522 28146
1818 36805
1333 34754
1051 88972
1422 199898
3987 117797
571 19778
1392 102892
1414 26260
3785 103752
1700 42279
2232 195089
2409 66568
1263 52465
737 44124
3232 161751
3417 122370
2355 50027
113 31583
991 24164
2573 45804
867 52467
1027 80801
2839 101408
2965 129781
534 47032
2347 152290
685 136955
3594 49438
3644 155208
1105 137041
3483 51737
318 70078
1217 39324
3486 118316
3598 1236
3416 9768
2085 95646
3342 41363
3979 37028
1316 152137
3884 83508
2769 31570
1324 84876
1920 29971
2924 45781
3954 96439
2264 181492
1654 112691
842 131890
666 84022
2468 161759
3995 181259
3267 7519
3651 35790
1707 24006
1135 155394
2891 112499
3575 144614
3689 79750
3328 16969
1972 176078
53 195643
476 178559
3226 121050
2943 138983
540 77950
1258 186188
297 12100
606 147577
259 197015
1309 66908
2017 55884
2414 134549
2472 103298
1748 44306
1561 177672
1049 154104
3276 167262
1511 119203
409 194049
3566 19455
1558 187740
1426 153847
1725 8136
3045 86478
2011 167221
19 24120
74 35908
1293 16704
2091 48502
3787 116702
321 184245
2885 62027
3543 195461
3043 97996
3759 11412
2314 57667
2528 86203
2257 86676
3058 173172
2767 151223
448 69306
2606 148943
2845 40098
3172 141777
264 78773
1030 4967
669 34692
192 138656
1321 93764
3476 114068
619 75601
1516 23633
798 27271
335 8048
2779 32448
2363 3017
3551 132963
3048 132697
1123 40672
1185 109033
2519 81980
467 24865
2189 40311
1532 25115
2940 45979
2380 32301
3344 166951
904 128691
1602 138156
2535 1567
2005 133753
3822 88773
1638 71964
3298 4338
3145 188838
814 63316
2618 89674
3540 140042
882 29638
1971 150958
126 161174
1522 184994
1175 12439
3474 148100
2119 78513
610 49187
1156 4146
3777 130980
3108 77848
2579 92346
406 155818
3040 107966
581 197637
1234 65782
1058 2955
1022 118813
3723 95242
1033 39796
1482 158712
3211 117050
243 143921
557 99737
492 74295
535 126887
3010 161063
3123 141108
1272 57277
970 57441
1044 3591
3453 36232
1995 33845
570 181982
3645 51891
490 86108
1431 82382
1632 166538
2786 31996
2534 104823
2014 159026
1460 153172
1840 125584
592 110021
3882 6271
2995 169206
2630 68745
2374 116056
2944 166972
1310 182888
3859 7641
2946 40818
1621 191394
3348 194362
1183 136648
1977 182464
1222 55251
1814 93580
1941 18328
1759 186109
339 70389
2192 73630
890 135706
3739 182401
1894 48625
1429 59451
3559 199672
238 89681
3662 30853
3016 54798
496 14207
1097 160969
3799 123991
3592 10240
307 35591
456 16991
160 8333
3718 168864
3980 64977
2978 158262
3934 64130
582 2585
1866 34549
2661 135363
1488 134808
2002 72620
2902 118716
2686 150306
1528 35021
2394 199996
1625 94237
1763 172797
2857 20320
839 187666
1864 129247
2231 190222
1113 142852
1307 145631
131 11382
3240 8082
3658 31187
1576 174157
1801 168632
688 172963
172 148350
3902 142841
2852 141848
3735 80815
3317 127578
469 199378
1401 77930
3550 120585
413 137778
1586 150816
3091 27594
1408 28093
1955 9864
2074 81211
1994 34717
428 137500
3174 5227
51 98149
2415 107168
1000 17437
73 69881
3920 57420
446 183234
3480 110250
561 81121
2947 80022
1606 58219
1611 109317
1881 134139
1553 130155
1449 6755
1236 173518
598 190086
2404 177063
501 72814
648 150284
2315 175360
776 124152
1144 189915
885 137789
527 47866
3664 45351
3377 65261
933 144263
1551 129793
3862 169903
328 134393
4000 88939
2400 122185
2975 72177
3383 42366
1266 124293
1773 67783
2909 48516
2013 140816
735 19928
329 123426
3942 180294
1372 187123
671 114388
304 31798
229 184966
451 6974
299 190764
2075 110454
3495 29115
1366 199446
3421 93787
3403 177087
1626 22102
1634 125219
765 111588
1508 188317
1938 106098
3301 126574
3346 184188
1357 187023
2998 6124
727 181405
1133 146204
3084 106006
66 167730
2339 82333
2837 109095
969 38267
3478 17394
1070 41012
526 171988
3396 95113
2581 47870
3724 73685
1630 57178
391 82164
3774 87368
279 123593
2627 50940
2108 69508
2522 44500
1990 96569
3977 108008
1736 118109
3839 61472
2448 189856
2962 101127
863 1917
207 95445
157 194090
3159 184924
1691 92001
3811 49615
3975 187080
1750 30271
3729 103839
2127 23033
851 176430
3908 168658
912 24879
1844 138760
3116 136664
511 118161
1656 143566
2270 10575
1530 197763
3049 151699
2669 21957
1754 2897
706 172620
2310 128070
2626 104523
3557 160221
824 135501
914 28015
6 132791
801 53774
1010 143588
3097 153978
2681 51588
639 142559
531 105489
11 77751
33 19563
2369 111523
784 167706
1421 52481
2883 41696
2036 161707
2474 59407
1354 49165
323 133959
1108 160253
2154 144198
2223 9439
180 83433
1525 52401
35 191861
2831 147626
1890 123250
1098 49702
3754 149533
2443 152740
470 182380
2255 170492
313 135224
973 36506
1320 131493
3244 181823
1304 111187
3258 69328
3127 111722
3763 23641
310 75475
617 38635
1831 31178
1271 110689
1469 96051
3139 132802
106 68636
3881 19242
2935 124115
2406 134811
3939 191460
164 133317
1513 176546
926 151687
3165 129357
770 116701
2713 169269
928 189966
2285 35162
574 64132
2580 126284
3308 36823
1740 150077
3857 27750
2614 64420
1692 136583
1477 39227
607 31252
98 124866
3253 190253
1211 13398
1122 53700
1210 91910
2208 92455
2793 15359
634 913
2 15195
3604 165480
2282 23492
3547 33091
1082 186045
3291 179343
3676 68426
1743 159493
560 147351
3608 102841
488 180051
862 133517
1019 98848
237 39162
1933 22616
3661 128292
60 100323
2882 68376
146 30654
1825 49066
3251 27943
3389 116471
1407 68375
3402 188877
3670 45596
2401 93894
2567 164765
1359 149079
655 47490
3897 97498
1026 27368
1387 131350
2527 169712
871 139922
888 182474
246 152353
1563 42664
1770 106925
3703 191892
2525 20987
2954 188634
3492 53518
3448 7758
2235 16720
1358 65285
2392 42141
3296 43011
38 100362
1860 78296
1145 190729
2759 13914
3314 140061
3938 102806
1261 56907
1072 79060
2122 36170
489 20120
2289 168236
2437 52696
2236 73518
3627 177376
287 53808
57 56717
747 196349
1171 106660
1447 141576
247 41679
2330 97476
2949 85892
3721 143448
2435 178478
939 58209
458 1735
2979 121202
721 1360
1867 53228
3967 10045
2147 106360
2578 78032
481 138910
1535 113232
1756 96322
3268 163755
934 51461
3602 81632
1458 12308
387 174097
2925 142889
1201 147072
602 46964
1698 167140
3411 93984
875 42909
2057 174975
896 135336
2530 80667
899 113408
411 12174
2220 174278
886 21737
2836 66256
1459 48324
2666 166619
2064 13237
1615 134590
1566 110526
1198 196114
389 20437
572 165138
3337 21520
2643 100664
1037 83968
1283 169168
478 930
3441 189935
2175 188179
1390 93540
1771 121469
1503 60284
1696 117333
2641 13855
1766 91714
1159 66219
3125 55609
1812 20562
1490 166562
3013 15305
3009 126904
2493 184896
1124 152286
219 55760
1779 48647
2671 104091
2812 108435
2937 126178
445 195234
1780 124865
2533 196095
3614 97360
3119 98728
2984 148644
1100 40493
1115 101334
408 59791
398 187586
646 70432
2900 38676
3263 139903
1783 63617
1187 16230
1265 183258
2004 138443
1338 140743
2398 83210
2938 183068
3186 139985
585 117107
2070 132397
149 37141
3080 31683
1835 129746
805 56906
2483 8003
1863 141840
1035 114392
696 3709
2858 55988
2178 99130
3898 11012
676 36441
2745 18861
3720 138966
3175 92115
1164 83688
3845 7061
2068 55047
1435 188934
772 4919
3501 135568
843 116352
1715 135347
781 163728
1281 3892
2651 199294
1768 57658
3719 136871
3713 136856
3135 70432
3384 31277
2777 155835
223 12615
665 139555
3007 34935
2879 78774
2598 88996
3246 193627
483 191874
2772 159613
3454 106189
2241 22091
360 189844
3081 116853
2262 32900
1570 78744
3500 2143
3957 125665
1564 75297
600 156063
1370 108694
1132 94537
1520 130959
3370 32412
3973 90463
3962 109282
3312 29704
3105 154697
536 132183
122 174624
2948 1474
986 83987
2210 58481
2395 117791
1598 130815
2258 197327
3766 139284
2999 142559
1437 190423
3569 170291
2764 72494
3262 128092
3254 77496
3178 119440
884 113076
1849 143288
1158 145985
3764 46845
3534 181307
2996 931
296 98600
3099 109837
643 157070
3039 2095
3622 42112
3121 119348
3636 22261
3513 157909
148 157773
242 739
1857 98756
4001 175344
2917 166665
1554 62316
1518 151614
2673 88468
375 10391
3047 199535
1332 149105
