17000488 2000 2000 1000000 4002
2435624
5999789
13185531
15107265
12322731
11518508
4239516
2512918
4296541
4830445
10178688
9305254
15686287
7567277
16010437
12402242
6568665
12532095
3453298
3578228
14719186
2416873
2912412
9938088
15443975
4572671
9383830
3401151
3829251
3522300
9146899
8026542
8859135
10462400
15986185
534020
10581719
9937837
15331821
1623988
11903862
12283698
6548706
15725189
11638190
9636246
15929283
10212315
6197953
14334135
7348877
16102792
11212154
10962908
14132942
1351272
13585474
12846039
4823792
3843336
4384497
1320226
1576515
2016509
13976358
11439076
5037682
4563183
1081746
9361697
1527563
2601390
15686320
798968
3560062
12153426
11559446
11770251
1407994
10951311
13304112
15260089
5827867
16591383
4482828
14445451
9234633
12710500
11511433
16467570
15602699
12309939
15133695
7863056
3118711
13943442
13253187
8290640
14489957
4338351
16847366
5657509
8992477
506058
2991907
8484641
3868870
7145823
15244945
7290467
14209899
16000505
171488
5722008
2329835
15974792
9941304
2415903
16321257
8692299
862197
10254331
15572815
5664600
11228928
15257818
3892517
14047908
12630740
10383475
5367818
3167538
10593731
15432277
7273342
16069106
11518480
11712729
5730594
3863549
4591492
6171479
3666016
5114665
3841932
2821200
282370
14119694
6813957
9486490
9181439
2820308
16468989
4574150
14776462
6037295
4865297
12174631
16335822
8626734
5887269
12791245
11217446
14033285
11803576
13830801
8901360
11918758
7557354
616080
9548726
14606819
4734277
11656520
4863632
8555546
12217578
7796942
10338752
5961092
1896761
11710976
8826582
1664573
7578799
14005812
14862737
6071688
1872595
10979751
4725091
672896
2052695
16995555
13465967
14460756
12603357
4926897
3788938
6362106
14951328
6795163
5122662
15719447
7471339
4289739
7938328
13157467
5138041
9907885
15967688
15518037
4329112
7974746
7702945
9294407
16528928
16033540
11168494
7619428
5458315
12601931
8995131
498186
6970607
4873317
14006745
14305355
15428656
5322360
8270175
6567996
13619341
6954773
6512589
10377622
3403345
15232665
10302999
5798767
11178154
1834574
13632708
16838841
730262
13270071
9197382
6856570
2368772
2611041
15323113
7070269
4682385
5218963
13584566
4568821
5228161
1544365
5013283
6778865
182172
2083503
1474260
9732979
1411749
2271466
15305900
12420006
16730210
13254394
4792344
4600344
10548098
138826
11178763
8311298
803570
4541686
12245239
14611124
13216675
10359948
12497948
3463910
13708299
5816099
13307382
16898417
14652616
8044997
16443886
12693610
13263705
415761
16217166
15960910
13362000
2189781
12461400
10283521
9809612
3536900
11471899
2461281
3469459
15042935
9880337
13101537
5773254
12658548
79428
14598839
11155709
15471945
14644429
15488585
6227788
14527018
336702
15632631
12710214
9723143
8007726
5262435
3626325
15639711
2842814
7635209
12273958
13820934
11996940
8435993
9192662
6872499
12390626
15238703
3347746
8495997
16605441
11049855
8102727
15963727
6291823
6694399
16845969
5791016
15161293
6301819
8562165
16588989
15734233
4249221
307939
12438971
9291946
9129820
7632018
11876201
2634261
726504
7711889
10013831
349989
14233348
13459960
3246553
6637239
16476882
184365
11249020
2821851
7118349
4509272
10233938
14058561
13424073
8150233
14858001
16939258
7626969
4176654
3728486
9925866
11742196
6307163
7327802
15187816
15555731
12244140
4844558
7750499
13383103
3635065
13133383
11600242
6604140
9621401
692749
13291809
13430279
12579106
6308721
7832358
8808920
16482696
15846104
4278617
15083944
6436454
12242469
15481979
4559368
3382175
12686473
9485810
14066861
3303806
11046639
9090879
9090880
8376354
8004338
7858968
10725809
1470866
14673483
7782308
15911778
3407847
10608014
75925
237680
8948979
2871276
3820112
879898
15030294
6453939
2492658
14958326
5184781
5578691
10502103
12970215
9409969
2219147
4884702
5319725
16259520
15584311
6061962
1852133
7822172
16444916
7616768
16347797
3756808
9621697
449877
4911104
13804030
16184458
1723415
12649919
8813340
6283121
8697723
7367755
2381129
13937104
480770
13506648
8344104
8688706
1300064
464537
4651403
11358282
3559485
14217938
1824021
11260461
9698757
15143918
6763410
13389015
14201646
15623947
7077505
1754878
10008878
10238299
3819993
9199740
12634402
49327
11547615
12209475
11631251
1005389
2815580
1619330
4080690
15637797
13447122
13206719
13474263
14981896
14107236
6824832
918351
9885940
4021401
13844375
2397379
8840063
2189976
4584726
2077769
9706190
12693861
9644285
8246844
522910
10862054
4051758
10202911
16856938
8215333
4071808
13162873
3618528
4429927
7594041
5580905
9180222
1979117
14587642
9523726
11722177
10237767
1191859
14184834
3806226
5675497
5356415
14263274
10456541
7866118
7703976
14167446
10209479
5861380
14499000
15661487
2954145
288447
5899065
4602754
14589505
16804509
9041973
13581855
5305025
8959688
16594043
16742951
10226299
15560249
14363653
8705241
13605442
2643686
10274999
14997470
14861093
6793727
9739823
2632815
3843313
10360467
15382436
12578292
6764704
11374830
12179259
6419235
9698492
14845009
11224396
15521039
8296859
15718074
14836642
8092779
14059716
68616
4902035
3433960
13570820
10558130
2106662
11818202
892410
1349289
534514
16903912
8876635
15906156
13009550
11243561
7073497
11942535
2660907
85069
16846839
7439241
9131371
13676090
7358627
4415072
14015992
1601305
7937857
16851203
14040958
12432678
5683416
15489755
5120231
15389378
11143414
11259419
14013506
1638290
11733705
5268176
1585778
15419790
4211336
16010345
3170787
6180771
16365927
15058948
6847179
13004619
4064729
3870083
6290522
7092006
9677557
14662733
5053667
523783
1009905
5177488
13000396
15001300
6357470
1661129
15208563
2999994
11872451
15939761
7679358
10543604
15840464
6889927
12748447
14909207
4296575
6071309
16141327
11668902
10277708
5376615
6481976
1990726
3866208
3217802
4430188
16662601
11969286
4179299
3975613
3485268
13936209
11547534
2371699
3348689
7630103
10673133
13240166
1848452
16718980
14322304
1538011
16436394
13145747
8549378
11139327
11442942
3166581
4273003
12852190
3713890
10982163
15116900
5032420
15844363
90416
13025897
10698260
9921735
6490949
4403709
12373406
3746610
2672039
11398042
12438791
5762200
665691
9526177
3183366
15673468
14846650
2982503
1410594
13871225
6695915
4666055
16855983
2550600
10076498
4100704
6299366
6380996
7486573
4376054
14235958
9615262
6444149
9722464
5278171
11889984
12307119
9587863
15510245
6195582
12882258
12652482
14006655
12166021
8482640
10575185
13298020
12048961
10666909
11214033
6014037
126880
7465858
12452906
2838678
15180360
2265058
4384458
12070627
1068214
8142008
15308009
5645401
11396136
14323934
15801059
6675023
16307234
6722188
14089645
8947197
2843911
14700455
1353727
4196639
5979752
1808835
2492540
3526124
4408200
10935951
15662891
10639596
203226
12014640
9877836
10144235
605934
16694727
6944799
14509175
153949
13206239
9651416
8614028
8778372
8821213
10694243
5396009
9763232
901704
132490
1809863
11863687
1259599
16677662
11702923
270232
953449
10516057
9383991
1826944
2659572
14359281
986839
13695352
6144857
13239640
5339170
7874550
6000188
16674511
16125477
4260329
6815092
7058420
7700707
8034080
13472833
11471219
15013933
4900860
8114032
2868208
8616986
10681844
2163383
3436066
12926921
5424440
10962119
7340803
11516517
16585346
10429245
12148207
10127355
6782305
9213471
9992679
6226996
1387229
14352510
5987569
4121086
5526046
4813185
11469944
5869151
10187210
1989398
16169385
10965670
14694759
16046722
16010472
14124702
10789145
12715315
4093555
9778495
3043278
5866245
8863485
14580195
7741271
5819052
11992658
8328784
5277822
12330245
12352149
497256
8271223
16935195
10452522
3340955
5893222
9989202
257053
13990421
10568807
1231499
9676042
14998042
13589197
535668
7883845
2630658
2978235
3118096
14730551
15540808
10127858
2888935
7451949
6122519
5620030
7208898
6548793
11946735
12318653
930773
8405667
8009521
14381491
8342742
13955526
1291319
2704775
16053226
119374
15446192
2329509
3373468
13334457
5458587
10413375
983305
1153892
3644899
7231543
5840082
8125049
16397095
6132548
3141706
5589096
4478001
12962531
16196904
4490528
6535790
11057473
7814987
6979000
12101377
12941210
13194462
7177533
3156078
5827148
1612351
14757994
7580581
8807289
11100820
1313989
1957548
13305092
8486112
602194
9613348
3211116
9885697
5884800
12549196
5570291
13970145
14495507
13142095
8320851
16954926
4288503
13847176
2193350
9975960
1198697
16387866
3628044
16078288
16086683
3087751
964107
9323582
4914383
10385562
11461389
15981422
1419876
5452595
15403299
1075142
14775247
7692105
5092173
1158500
16714892
4531360
1072098
15876372
7387697
1862308
7909575
3579700
9583763
16695505
6170396
12480465
48347
3138569
10544126
6056457
77863
9673866
6646325
16422620
4533323
5177647
8100162
9467201
14909215
11163522
773395
13835378
152153
7156937
16035522
10795019
9668840
11530372
13382046
530940
10006387
15144832
15133036
14445252
9105557
2159518
11785344
11652067
337046
14673237
10756856
13687051
6207019
4760467
2889963
1472718
10662870
2129295
8125708
3995616
777482
5818532
11628501
11487864
9147277
14538844
4324624
8441743
302387
13695617
8909993
4670098
12706952
2839674
5664273
5521774
9994358
13045159
14555555
13135806
4000392
9187162
6552879
3489031
16668570
2576963
11042021
6595895
9364127
15730470
4300270
8006723
15345039
10000039
6705800
3726194
1947415
4739417
8489883
11929090
11702671
15091016
12996649
11629360
4466850
1093137
6506304
12272094
13309080
11915263
1320428
15115503
5139052
13134260
11817035
15588827
8852890
3032028
11341923
5529496
14536620
315634
7429636
2563372
8336415
193061
5756884
4224070
16028753
1657913
14531022
16830254
13415318
8558531
13805809
3203956
15959666
10364248
12330176
39397
9012034
14758617
9743708
15591896
2098525
3833167
10926746
14420299
9967513
11326211
16615699
14713610
7875379
1200661
4278990
15733988
10173238
8207472
10692271
12156393
11488973
6706935
10583822
5049499
434948
15398463
11375843
6163887
13033264
15972329
15833840
14118952
3725204
740677
3512915
15472820
39003
1257280
1306697
7139347
7443355
15095432
7295700
13267769
6657973
16386000
10838050
9857591
14507276
2095369
16786988
12198523
2035367
15871278
3921158
15760493
7301080
8424708
7923550
12980255
2596009
87268
4666035
7678948
13090289
9992233
6835031
15603290
3589440
11255396
16454001
3449497
8716623
10772887
4802304
14773019
14016243
10833564
16811941
14026274
6447484
15987083
4921470
14074312
5340863
1031512
10282156
15578917
10745051
13464781
13583517
14990057
11581698
7686826
1071716
2265717
9651570
5691738
651690
15509204
12362354
783244
10357561
13755021
10309797
3074754
2816277
141476
7712179
8258845
2305607
8000264
15984718
12637964
11382757
3191740
16049935
4116203
15078582
12815089
4896321
12846901
11086413
16837526
2602026
13186894
11072920
16402251
256334
9962203
4286948
4967139
5978223
12914422
12290838
16780660
3185863
6898676
11229835
4857912
8802217
1054937
15410261
11632853
15408543
8325757
1875975
16735327
14915669
15811321
1020744
3772147
9475704
16965551
2297425
8060117
8183508
14832978
7863435
2995550
14745774
2632548
4047745
6796925
8427861
3863581
11430474
8768173
11987072
14307842
13859834
16106791
11845187
8578404
11460084
12274074
8474651
16863580
2794666
11577801
5128587
16936296
8615069
5453514
15956391
10406455
13467746
5708902
15626717
9035303
10611584
13587240
14243019
5528214
2676819
16132353
5684383
10822051
1859295
1689072
10960463
4164321
10151569
1254614
67662
16423504
8431149
453058
13813503
5430874
6705383
4260463
12419484
16649489
12873431
7108192
6420715
14738252
389410
15827407
8447863
6695683
1449286
12505122
2487162
2881020
16324274
10961949
2278043
10877801
8854436
9385910
3585568
16807581
6803648
8409489
5797797
7744077
12106430
14851273
7936391
14894333
10526961
8263196
9012413
3303687
11202745
10318005
4244963
6284838
7849682
13431666
910905
4051878
13809760
6843042
11327984
5688379
5467589
9418504
9909485
3489232
1216656
6665581
1859458
7692602
14605050
7898384
14508412
7193664
15909230
5011186
14683176
2913113
6021671
11298479
2668770
7607292
7378631
6679416
6336853
16256432
2250632
6775654
16027738
48411
12577502
16728181
3922907
1508232
13430244
3661508
12380707
4510324
4964686
4563
9657204
6100907
15289270
7759552
6989560
1724572
15249607
4386059
9940309
11391988
15036970
9808620
15138395
6430812
10137219
2790229
7471398
10666393
3609884
2558771
11449700
8009453
12207794
15237503
14649156
6387057
10584424
8959047
10922926
7339007
6355740
6881924
1837928
11341277
16754364
5607292
9438934
10800472
6954435
7166927
15062686
12660223
15170511
16128782
12286361
7068647
13802850
8175493
16350677
11520866
9785021
16003821
8825228
15681063
5330965
6676178
15601015
15217850
14363335
11666286
446967
4303000
4351415
7542548
11330130
4299006
14170749
7495923
1613356
12440391
16129401
1391689
1970243
8540104
206989
4574311
9628775
3003999
13495158
5684887
15479367
16155803
7272541
9141629
9806353
9675963
9954494
2781297
9017034
1950046
12936040
3865669
11670640
3706678
5793224
1789216
4533609
7655756
13013141
4902101
8811714
962279
9977731
7431264
11845132
15806730
11553130
15943348
10543867
7868968
13307741
2898629
3629299
3396800
3145360
15316145
3447766
4948876
14720550
9953641
14391232
2161315
13982978
14220292
5753671
16482054
1331471
14162870
3830682
12249726
10732185
13575832
672923
16071882
12616419
6081202
9204170
11048724
7024694
16172872
727994
2713099
6786064
7410309
14987923
4627023
9208992
2834281
139249
14899217
1814775
9960988
6131956
15301107
10548337
10144445
15518062
10478412
14759563
7939381
1295630
7438821
15994956
10439604
10093179
4418146
16512846
15603655
4693033
339191
6785197
10878902
12688937
14299691
16059995
8065729
14862450
8817727
11191339
5536358
6293623
4547075
9088649
6050494
6700042
16112184
4877887
13794405
9701716
2256153
4140761
11073406
2027902
6019844
12230342
3038930
1454878
11961955
13841315
7809785
5701761
16664347
8498620
3862590
10369580
7146791
6038870
12012003
3804805
10552870
15441018
11924796
4703213
7985274
16375370
9532424
16635330
14771696
2596473
7778117
16641501
7171660
15455356
12892101
6525868
8896162
12139153
4715971
5704199
10673863
10595984
7524170
2521322
1940109
13699571
10994598
682651
8338934
12643117
8103338
4664731
15889410
15961172
11184057
7365145
7006188
5251897
9315752
4164663
14940130
12523976
6149723
4258303
14260928
13458924
14915975
3455431
7003207
8942685
5197290
9357566
6758954
6134704
15114142
2245476
15001200
3426001
16074987
4558415
6415962
10065638
9016739
16813793
9782740
8306737
15611860
5420627
11421482
5136444
3346706
1691924
3511893
15430233
3566240
5989368
13529576
9901665
3195956
8581622
2261100
13989579
13615200
14892413
11387512
8573352
7447638
8360128
2796929
1214483
1708016
16802792
409206
13471690
6059504
4339901
3448522
9891135
9179466
10308028
13694930
16937538
12180689
14152386
12887414
16217411
10261581
2105268
569344
5746524
14768671
3594951
10963219
15566413
7375466
15505713
16780352
5116607
2602931
7216582
5648558
11244009
12863456
1592561
5455415
1456062
12184430
216395
6511972
13433288
8822119
16359672
15203214
3424032
16899116
2763651
9209537
4066341
7315601
6047725
1696315
15889073
4519510
4679623
15647334
422185
9669096
3879640
11552376
1952177
7086056
8384642
5313405
3784879
14350783
14460801
16846044
13556374
6718931
2888106
14798253
11248864
10860037
3321268
807168
9363876
1453547
15373463
5808396
13953391
16648606
295481
7008495
9591428
600569
15314142
4002178
5190907
18856
9479128
4224012
11152966
889272
860234
13664618
157575
4015227
3927847
13539783
11823688
10386046
5705624
15135907
11637972
4375315
11601475
5611124
14100973
4477011
15884497
14353968
10848426
5209501
4977214
40808
14374427
10622861
11762659
218957
4589314
756638
3081119
12517896
2466845
14729417
1502976
3441838
4318012
14171103
9384863
626267
1988728
5757522
1482408
12231626
16430359
12368984
14659378
9006449
5101758
5266492
8448028
8586708
9662045
5057646
3054343
5405762
3721042
11810320
14199977
1356216
16159769
16363156
14169001
5749598
11695472
13029124
14653153
16356160
16689325
12555983
7192218
7662528
7747154
15050572
3288917
10515354
856876
8069010
13841427
6572746
11110884
2696128
7790888
5826019
8419960
11385434
8459107
11712609
12284606
14667140
8257599
15116745
7429403
9607783
6169106
13457010
2591175
1121163
13487040
16953302
6334670
2674834
7876580
4553575
15085804
14570315
10313862
16181875
7322544
4749192
14169866
14406061
12975266
8854254
9188520
13988187
16299282
2897142
7529177
11046887
7316851
14028492
3486118
6993511
3310142
4176384
12463800
9292300
831298
2800808
14319791
574189
12392502
6304526
9720546
6593435
11617700
14003922
4062630
16963832
454278
3303444
5766205
7575219
10281063
9737201
3850226
14126703
709380
12818156
7567783
13757855
10883941
3777517
9698886
14763543
12856952
2290964
11796827
13302895
10964810
11840069
3046803
14234608
463179
11603952
10769086
10531917
6156079
2849413
1557 155366
3338 150611
1660 58895
3247 67086
495 147088
825 65435
841 185220
3738 131143
1265 62361
847 39089
2596 68493
1753 68716
2654 16093
1840 171173
893 61623
208 198643
1447 13837
416 182111
1999 192826
3021 5480
1608 100078
1989 76357
2725 107097
2097 143258
3551 163403
2014 47978
3880 49319
1428 57509
2822 116396
2288 137465
2031 575
1957 156786
1226 81069
285 191656
2483 152448
23 4811
1192 152288
494 157278
2010 72727
1791 156205
1971 147058
2110 6828
1113 171853
361 78598
3446 3430
2851 40978
2398 79323
4000 134611
129 26300
3374 177094
627 75298
3423 179159
1288 183112
3584 23732
1489 19659
2403 23804
1866 156645
739 102072
2712 161578
2829 119781
306 91354
3586 133870
1547 180615
110 63357
3565 11120
125 185434
1990 123206
2602 16449
2455 30935
2013 21653
980 147521
82 105310
596 107098
112 16174
334 43447
1441 182238
861 59517
1816 95096
1941 20055
3724 198516
397 188224
3152 163542
839 165031
2059 44302
2476 106506
3002 89773
127 133875
3811 120737
1580 192592
3567 131759
465 174050
3114 8870
3448 148593
1649 134565
1149 39325
2827 113230
2657 97379
770 166386
1246 69712
2297 179314
1100 183603
597 99562
2510 121717
1423 59155
1306 111444
1384 83578
2787 182261
1617 105420
3649 98239
1424 39640
639 43759
526 108484
3860 147107
348 121990
400 72990
1886 26634
1150 155521
3139 168661
2390 58749
3559 102960
1159 73382
1138 171459
16 77734
1408 51600
3015 107266
2642 27713
2143 15145
2341 29968
581 192149
1796 148821
3031 161708
2080 137459
740 67833
3222 138659
2755 26461
2199 140923
737 141698
3044 83635
2234 178722
2364 56142
2036 71929
2710 193172
2813 73097
3536 102816
3447 45789
2327 138318
2 142652
1056 157413
1675 172742
2866 19936
3465 1342
3741 95205
3261 93891
3888 46212
2839 164257
2190 103622
3378 160486
2967 82584
625 169534
2591 65565
2845 33759
915 60971
728 102016
647 90610
3271 100885
3132 139671
3566 54940
3149 114066
811 199412
1276 93578
1405 126318
298 93174
1858 10368
3235 17635
2756 49191
3008 103014
1907 111021
1353 34205
1834 151219
789 195553
1188 138832
1652 107712
3895 181767
2259 104806
330 96734
383 14549
329 29428
2062 29828
161 75947
469 20409
2629 15818
2386 130906
754 44921
2093 8609
446 140681
2872 59580
3786 4716
3124 139873
2508 150220
1274 110518
2027 82922
1714 100550
2067 130226
3259 130368
18 91511
1098 156126
2003 22609
1552 170746
1298 187096
1582 103486
3563 179876
1849 116451
91 12985
3064 121864
2130 60220
1504 139881
1785 178391
1502 77918
872 57746
1510 174188
879 101721
1531 141382
3543 176328
2506 83895
1568 68803
1539 18612
2527 156497
477 102553
846 87276
1696 155033
2681 18563
3721 159992
3937 44119
1564 27225
2239 28445
3346 52700
1054 60199
95 141923
3145 199049
3034 138379
2409 70860
862 158859
69 98721
2119 60325
1904 136716
3281 185799
598 65604
1347 138836
2623 103569
65 11
3087 98588
3169 125910
3612 179526
278 138548
2083 7795
1967 117660
2771 53849
1680 78026
1266 168543
3916 80488
2456 955
3294 196970
686 27730
3542 38376
1209 112216
3329 171199
3351 39014
253 133796
3987 136398
1948 27944
1369 70711
2761 123187
3917 58889
3364 144752
1308 47056
646 192940
2978 165086
2853 173883
775 17689
3829 122058
1064 157516
1934 32865
3713 105388
1092 123590
3863 135959
2613 94323
510 134695
1693 84334
3082 115562
2628 134454
2792 63241
3240 48655
3060 154668
3844 15722
3403 188854
992 21866
1396 2257
1392 65927
1351 55233
2669 47569
3458 81227
242 19066
3674 197481
2365 75969
2435 187351
1721 138743
1843 22539
2545 160301
1029 41272
3945 21314
2879 153168
3491 64687
3471 16227
1375 43584
55 42154
1642 150027
1677 197651
57 97054
3548 149329
933 3897
2897 93230
367 34943
1492 52498
3958 116519
2445 105512
1099 41375
3591 24500
3813 132267
3254 67849
241 5197
447 60544
3151 19869
1389 136260
1735 116749
3219 101622
1022 165012
780 198787
1275 55222
353 119510
3827 135888
3893 33663
152 74572
1175 62263
1390 141632
2334 52852
555 63901
499 63336
371 13044
3392 126187
342 74082
1622 197198
2484 69446
1607 172261
2631 65861
1244 164697
2214 124360
779 195271
411 42528
3277 184440
3238 117336
1968 176227
1277 19771
2069 25685
2185 168860
2302 126375
2702 95731
541 161175
1792 76155
1766 6563
3427 102455
2963 80090
3625 90745
2467 65729
2009 191950
1025 42827
1460 131078
702 7767
239 118866
3939 104543
3495 94956
1826 91904
3504 130902
341 80891
2018 194131
1386 173355
1584 4589
3176 166202
1725 44718
407 15910
1654 71858
3036 30304
923 64242
897 5072
1480 10200
1713 80844
3734 7308
2377 70683
3836 8916
3998 61717
870 172562
3876 173957
3915 81789
1773 73785
3175 12343
3820 122646
1402 52678
1148 46182
527 87738
1152 29747
2740 17480
930 41220
2108 56000
3185 54282
3370 48407
1134 163937
1810 3795
174 178482
1682 191264
2203 92539
1251 171564
2107 147157
967 138208
2029 66558
279 147155
2488 76232
3025 199293
995 30614
1318 41333
1589 1579
1522 71273
1837 137359
1740 2427
32 189187
1168 3567
1662 90104
1506 163417
831 166560
2166 53392
3761 44570
252 192587
2005 150033
1055 147055
3517 2109
1518 127871
1663 117194
3193 192321
2441 94003
1744 96745
983 163670
3273 116943
3604 43012
3288 185760
804 108614
201 117825
787 173077
769 16978
3914 3638
191 1355
1884 145823
2478 116916
589 129342
3227 150381
1809 20198
741 88596
1289 111757
1127 98903
3934 26385
3805 152168
3385 35622
520 30727
3700 126284
1991 56004
3882 193473
3190 27540
1166 51372
1729 29069
196 50284
3386 133297
1954 156255
2346 89466
2061 91765
1585 65498
2183 48999
2339 58272
1011 188291
3455 191556
2249 42798
2837 111028
504 85739
2423 83769
2551 147626
2580 104719
1783 87529
195 47231
609 66591
3877 97445
3800 149889
601 127065
391 160818
1170 114641
388 22119
1913 148063
3576 145474
3368 37789
3429 55044
1425 160090
1775 22943
2882 158531
1546 71761
1040 131536
2517 102194
1554 167073
1253 31888
2326 37794
2021 2012
2673 152164
1271 183721
2698 18321
2936 172167
3053 132692
884 89730
1142 103416
3526 182359
1446 122511
1137 39240
620 97260
3835 140561
22 17441
3728 8717
1157 179733
1081 90169
3639 12293
2095 13507
3206 162416
2817 47905
2212 62004
2841 195350
607 176694
3116 94902
913 86453
2475 172180
2144 83909
2865 124898
3194 5863
36 113652
2668 26280
2584 170872
2281 199488
3363 131159
94 72212
2250 7124
3350 133280
375 75992
413 141639
2856 121103
489 198626
3103 88577
1301 131548
3777 110986
3477 155304
1295 53887
1624 45924
2982 186978
98 92547
312 106069
2170 168524
1110 80776
310 126638
282 143958
2842 147299
50 57135
2162 2561
2720 49605
778 9237
957 42502
123 27936
3872 51169
2904 81274
393 156756
917 190489
3308 125786
3830 17883
2240 47938
373 69769
1108 163106
1325 97790
727 27844
3439 170717
2619 140740
2722 168273
1814 43114
185 111716
3321 142355
2536 196246
2557 83866
1300 128706
1047 195474
3557 17230
1786 159806
3996 66586
1066 113606
1743 42775
3850 11122
2343 176646
1864 3601
3276 23701
1420 178278
2940 189972
1838 99928
1994 43820
1672 76653
3084 136389
1946 137864
3092 146934
3485 124384
243 132142
3967 51210
3283 65466
1964 18270
1023 50708
2513 146020
3868 101067
883 13341
979 160154
3950 111400
2042 49087
2541 187108
1726 198250
683 23768
492 133902
3999 159108
734 75530
2084 145077
1020 163763
3137 165082
1692 90769
3508 97162
939 41182
1339 94038
715 64053
3359 4109
3223 52914
3780 33331
2357 174192
3817 34523
71 192517
2087 165085
3189 125023
1429 153657
2026 42544
700 176077
483 134517
3459 47077
72 111401
1476 176893
1052 128605
2795 27697
1297 170157
3398 40221
399 107555
2277 175682
66 167356
3892 42777
1235 194962
2136 199173
1573 73234
719 22417
9 72948
2094 118267
1935 102026
2176 81955
1540 176686
1937 29462
2526 2047
2662 10611
2953 14388
2730 170062
2742 135152
1879 163338
3993 138376
975 91537
3616 24569
1354 151410
3434 19265
1014 154217
2588 110113
2969 7465
1640 20192
753 118294
3115 177468
1908 114222
1756 16086
612 12672
3802 54609
432 164644
1634 108324
2171 105298
2962 929
3107 92447
1604 150990
1684 157757
2011 156680
2640 31136
1358 165609
326 96324
200 93046
1317 99109
2127 156657
141 162870
3538 107726
2520 62604
1117 154877
2369 73764
3242 151125
948 21137
2680 183224
3246 154462
3908 110039
766 150122
2453 131506
2316 174373
1380 118885
3814 1319
3122 188918
2692 70593
2575 153843
2480 177530
3333 184415
2216 176092
2400 186711
761 113108
2270 66211
998 167480
3644 120569
1951 187746
3719 121598
1621 6364
2000 145993
1199 48151
3982 94531
1279 177266
666 12470
1290 43596
616 28704
1161 124614
940 75803
1997 149278
3974 11281
3758 197943
3228 95437
2344 161820
2331 17736
1795 75219
3518 133570
2056 186411
3500 23819
956 155446
219 30277
2315 129947
2493 167672
3071 198801
3771 34509
134 84698
512 126386
1587 23500
3096 138280
2116 159622
1930 23992
3153 11419
2586 135245
3007 13383
3001 80492
633 9015
2847 194904
2289 141023
829 138128
270 139118
1655 175398
2846 176769
1337 135012
344 7165
801 27396
1496 171230
3748 6520
2462 104697
1867 13191
1720 22972
3596 108918
1426 32714
487 136739
2947 74054
2706 100614
3413 46334
2238 104538
3216 114162
1486 69724
2355 77330
220 160974
1633 181139
3319 157706
93 127344
797 185731
1156 192245
182 31738
2103 74904
41 115672
1233 72605
2382 138787
532 52604
3337 77530
814 153819
1445 142003
1599 89354
3544 7496
876 3966
2617 125955
1201 72653
1853 124588
3118 34324
3011 17481
2272 8873
99 123754
1985 7059
108 160297
3217 167298
1583 7294
2157 71709
2112 65905
3157 71269
3373 56005
3922 176165
984 17608
2525 188955
2612 33383
1141 105991
1368 194306
746 78163
1414 119
143 166092
3026 39140
1656 195827
67 120064
3554 165481
2292 128056
3384 29776
382 192865
3845 68087
537 5653
2665 109251
1272 102580
2060 85048
1471 91047
3656 48285
1727 86934
1695 97184
3799 51518
771 77833
1427 196785
2113 41788
2125 181639
3270 138910
3847 121956
97 196944
1381 62760
2081 192637
574 192646
2564 63012
2638 123697
918 77573
1832 62346
1114 95621
3489 169373
874 181589
670 17145
3848 127225
151 61386
2826 132955
3428 87040
951 158557
1299 190458
1231 55991
1433 177189
3426 55164
3925 121797
3334 50226
1118 23711
2111 105088
2824 112699
880 75629
1041 50868
430 189026
1503 95946
1388 95164
1336 178461
3691 13459
2560 76185
3355 111575
1459 93110
809 164367
2770 44577
1863 89857
100 145121
3818 187525
938 31351
684 111580
1397 48533
2622 149214
860 92663
2317 20287
760 188663
941 191505
916 76584
629 66130
3946 7269
1974 66534
1458 160894
649 20358
1105 56583
3295 131777
1330 86092
2261 68088
2439 126228
368 197780
3399 39332
1126 120758
2379 166692
937 92982
2658 62967
3473 171490
3463 11208
3058 50222
1710 193223
3262 133779
972 132823
2211 5737
2653 191539
1236 169409
2844 61600
2184 138406
2518 155255
2200 106636
812 101103
2500 22485
515 46643
321 77769
966 29752
2819 82782
1370 125861
3796 178646
2868 80497
3365 88190
2434 53162
3744 133730
848 122525
642 54711
189 5852
1312 174556
2687 159644
1803 81535
420 117493
1527 59094
3620 173501
3196 21975
783 112752
1690 135094
1282 131580
659 4338
511 61945
3768 14993
3935 71186
124 134405
3326 124360
1577 123718
2778 123283
1748 153452
1882 95428
1182 49102
3981 175162
3894 169342
1712 79702
311 63989
2196 36635
1071 181163
2569 63139
3628 73133
1532 37074
3594 4357
2927 159013
2105 100615
1269 78228
926 20828
3884 77632
480 147611
902 185171
1490 51111
904 46426
3357 146975
1984 125534
3250 152808
1511 112378
3004 63192
1561 39319
2630 7558
3646 194961
1187 139588
816 159298
921 103668
103 143899
1797 122512
227 192532
949 3497
2318 153953
2389 108829
3257 82394
3681 102894
656 31913
2721 113905
2759 6720
3225 54242
3328 61346
3117 30844
749 38099
2178 146233
1534 38204
339 116434
605 23490
1348 3504
3000 101878
1777 192107
2306 128571
2979 26482
3798 125606
384 95842
2198 168245
2908 76635
1588 132708
2380 175246
1210 18672
2544 26294
1038 182360
2293 23655
1084 194540
3697 19674
1856 91243
2072 120977
1972 197389
2512 121194
2923 197928
3049 145822
3075 31281
2753 107559
2368 187642
1469 55370
2633 158317
1158 154884
340 168963
28 165600
1178 122444
1979 150472
1250 163300
101 2087
1400 104007
623 74665
2736 30359
2405 87275
1909 171605
1363 170234
579 20986
1719 28204
2177 114585
1179 100596
3602 171985
2049 107742
2004 117669
1086 112886
1495 134968
3019 139570
586 172051
1350 18661
701 198452
2855 133854
501 187757
2556 117887
3614 50974
3846 57065
3920 139384
2925 43711
121 103941
3757 192618
3819 86057
2223 127882
1083 86879
422 90119
251 523
1310 111655
1966 144188
1444 129127
3855 30798
205 106697
245 100243
3953 100260
172 116116
2535 140974
2378 139172
1102 85717
3305 121079
3381 32703
1953 9229
3260 82670
250 100803
3040 19218
2447 6716
1151 59073
3831 9792
1555 130425
1571 184943
3135 49736
1594 23906
3180 176020
1488 186872
467 152679
1612 147630
558 179555
2235 107333
408 23685
1357 155606
17 67124
202 155214
209 120741
3672 57592
2921 9162
3703 80112
3101 159609
3973 168263
29 23835
1593 109231
1030 26239
1379 164866
2632 11650
1044 123257
3652 196866
785 89787
2148 129183
3383 110263
246 115951
106 114879
2944 149864
2349 97851
3851 69408
2301 141840
3619 152383
3038 29581
2562 68853
3003 42232
2578 6119
238 94240
92 169722
2729 189970
3571 194532
953 176030
3484 3956
2678 8058
1180 98851
3955 15476
3094 10514
1213 4776
2187 107089
3349 22866
3546 109154
2348 192066
3685 129179
3810 45508
3391 7728
898 51790
459 350
3029 44186
294 117670
688 77061
214 125175
3694 11948
3201 103376
1862 44484
3405 145133
3577 45595
2566 105850
539 5601
315 42063
3279 15003
2808 65431
2397 7711
3902 5022
3462 60902
3839 89178
621 82580
3468 36455
2020 171501
672 106148
2660 199052
3387 153352
628 57057
2741 183807
2939 104301
79 58473
1343 68805
1782 141074
2269 196345
2764 158393
3236 80322
674 58369
318 50780
1421 115277
3102 184992
3583 54887
1080 44029
2030 195473
1616 84067
1293 25153
3961 29563
2470 177439
1345 152408
2509 82962
864 112178
2920 65511
1043 164618
1039 157091
381 96736
2922 70109
2473 130966
3686 116461
2563 96688
681 7047
349 73910
1263 185015
3009 135744
2065 127521
3313 132160
1499 117504
1876 53151
2134 4967
1257 168408
1614 118580
950 141144
2701 60704
3205 53918
379 153464
2542 188101
392 115409
169 6829
3056 16432
2168 182930
3264 94437
142 187914
1993 82177
3885 192628
952 179711
2312 55794
3924 114990
3408 38796
356 114828
3899 125391
1618 14459
1703 79523
1647 129336
2079 108609
3171 128307
1411 123313
74 119850
1823 25060
1959 80266
1523 75389
472 95278
800 27813
2649 17151
3740 185538
2547 49862
706 174248
3081 103398
2073 130063
2716 24849
631 32693
1123 145668
3524 180358
3123 184422
3192 183802
2966 186360
3362 76437
1558 54502
964 187543
482 110529
2861 51570
531 127381
1926 80467
3199 102992
2625 100122
2952 51503
590 81209
1372 91255
3100 94400
691 148791
2531 111786
162 99645
405 60593
1981 68717
1057 144125
3090 109480
653 181919
2708 75644
2290 31766
2274 78259
2313 63702
1706 887
3369 115127
3037 33528
960 85954
709 185023
421 177775
2873 49595
3108 103352
2257 188496
1311 197124
2353 136789
3156 155428
3127 63527
592 166320
460 93576
394 179639
1689 109730
2477 123542
2373 197909
217 173688
2213 156238
1479 55401
2836 74251
1214 168872
1643 172391
2916 149765
3 32946
4 55418
987 145256
3821 55966
2078 59322
2076 9236
167 11569
179 198112
1755 120924
1829 116114
542 69194
837 176065
772 57966
2426 197819
3032 95210
1995 99430
3938 108676
3307 92198
767 139098
451 187603
64 160095
237 142312
1548 49176
2501 195645
677 186899
2558 126841
928 176379
3252 59022
2058 116334
3849 173955
1501 193280
1248 31947
1874 54314
990 134061
3857 189121
2210 89450
166 181885
2892 30016
1505 162576
678 62172
60 147090
943 34188
2165 196738
7 139249
3986 30480
3113 6469
1916 39276
1005 197216
1635 1407
3444 103221
2806 179612
2703 40174
85 176504
1366 141241
3944 30692
2064 135497
563 18412
838 87197
2876 20410
1933 132102
3249 76601
2910 165883
1352 178513
1638 105710
2096 77681
389 47908
2041 148139
13 86328
994 76274
1611 153110
1450 131208
2895 16526
2091 73452
3791 195506
360 113833
2038 127979
3560 115299
192 53442
1910 83743
1229 165298
3665 116933
443 108614
1035 122818
2643 49192
113 196233
3623 167289
3716 132795
2559 72251
2088 173004
1581 34768
1715 34090
2942 44159
1674 118664
2785 113124
3837 162460
3609 66799
3562 134743
2321 129898
1342 137875
2169 105979
2870 27733
1664 82034
2063 144528
1362 56119
1742 159562
1666 49671
1095 99215
3995 192068
2805 13921
3371 74390
3074 38005
3737 88922
1556 96947
1559 151607
232 116597
1409 107571
1665 134116
1145 21313
1154 91367
1848 83174
1006 192223
1828 18174
2773 52515
580 80728
1103 120182
1517 32567
1598 144793
1268 189544
1373 78014
1982 30407
2754 153488
3367 165204
2595 157852
3969 57511
744 47763
1545 153225
1485 179905
1385 79747
2993 8351
982 163939
662 51665
1165 36230
2433 133834
1657 40093
3051 8027
3841 32903
2618 193411
996 85724
158 44142
2158 197693
3066 96495
1970 198196
3251 58237
3764 82633
1567 142745
203 116008
2919 126005
3750 76362
386 142748
2621 83584
2173 151067
2425 130261
658 112776
3960 76379
1870 106021
3173 127601
3655 157902
3515 38449
1440 76646
1847 167617
1320 121796
3430 147772
423 50140
3809 70989
265 31324
170 97965
297 198488
3207 192272
1821 196434
2898 102809
3215 55895
2023 112847
2505 128187
145 100058
3140 61025
525 27707
815 109028
46 128829
3195 54994
705 62823
3406 146811
2359 22464
2906 142300
138 23910
716 77686
1208 54217
2960 53529
619 3218
922 146916
1131 143583
2123 66095
2959 70901
1004 198816
259 80892
2035 147962
1771 117683
2007 42803
2554 162911
1322 143047
2812 129214
2850 21274
283 32236
516 71343
3411 28714
1601 86393
2997 15782
2106 12717
2930 140924
1355 28425
3502 91268
1835 138688
1404 141620
1536 117191
63 155703
1762 147294
2104 127877
3440 159307
59 9656
1160 107246
1817 13381
193 196427
2459 176355
3187 132640
3904 146964
2615 195996
2954 59265
2648 116356
2352 186137
3989 35590
3708 160102
3310 154248
2192 174014
1121 103760
3010 66556
2381 195574
197 123218
733 106606
751 194250
1171 42249
3197 182111
224 92369
970 110331
2579 195905
3481 186244
2225 114530
3711 155578
3162 147722
1996 60440
697 13905
1319 167326
2415 106198
3638 120799
3608 75301
3442 160510
1410 50590
75 199445
1945 35975
712 20742
2276 103459
3220 181373
2384 130685
2667 161012
1671 605
1050 111405
2150 57829
763 70766
1483 106416
869 129826
554 182942
2492 26675
1237 55242
2760 171743
3248 163943
3119 52461
1031 181111
2739 155513
1596 47870
553 93775
556 165488
358 196270
1931 92884
2907 112833
2538 178912
3963 27919
419 151397
2802 45011
1936 56163
3470 96347
1128 90432
794 95363
3282 174225
1917 197467
3788 68769
2549 42090
1961 146429
1500 127299
1738 54711
920 31705
37 79437
1841 42373
3978 115128
2546 183398
3684 139623
566 187235
517 26190
3549 48485
2718 1378
2202 99769
2896 124122
1513 90489
1716 19178
3722 27138
3601 117064
164 144730
1570 57396
2340 87298
3231 174184
1223 4473
1262 97674
3353 6802
2777 108008
2221 137074
442 183831
2299 111986
813 144096
1700 168454
1669 59221
2228 54479
834 60173
997 172606
1021 72052
613 151606
1728 153985
707 93857
1939 41701
3553 29974
2461 140155
1565 119277
3816 13321
3570 72560
3605 4759
3454 78032
2320 67144
3675 149870
944 163699
2465 89297
2767 13706
87 114649
1788 65045
2529 58455
1888 22858
2090 136767
2735 170441
3573 93686
3202 157950
2422 13429
3450 171485
258 74754
20 134230
292 166530
1395 128240
968 42698
317 68640
3293 179787
784 89506
1676 162708
1827 195620
3881 144904
2988 95530
409 180216
500 30506
1892 170736
2670 129831
3539 57915
2749 46230
3302 100059
3964 169250
3699 115113
1240 72637
457 47313
1895 118305
229 39896
1120 160226
796 95484
2075 71913
2875 102772
942 5899
3267 172226
1980 48037
3309 16215
522 122904
1107 60132
130 100945
2481 133166
1516 68340
1899 20343
583 177201
1824 44739
1784 9224
120 99520
3327 76114
673 171460
1958 195087
2448 165813
3320 24644
412 75765
991 7557
611 152456
155 183499
736 114287
1475 28985
584 83225
1304 132205
49 158505
1533 152569
56 12914
1418 16357
3714 96228
3962 179835
2363 109261
536 77606
363 109378
3030 99547
2695 78641
2181 143864
316 31393
3047 179297
1097 92058
3723 57291
2222 190852
1116 170329
280 22299
3330 153918
2593 2204
1650 72511
2102 88693
630 146883
1685 181010
2131 48019
1315 186531
2328 15370
470 126793
723 167030
578 157554
2109 16828
2300 59327
1399 7438
1679 84690
96 65457
571 31377
3437 168982
3883 26088
3921 26194
4001 23744
1215 192176
792 128247
188 91075
3014 46034
3255 11375
3077 30723
357 175295
3875 87900
919 110806
128 185387
2915 137530
655 198876
1045 92382
3352 118578
748 18300
3297 145147
895 190800
3887 57265
3742 20008
2227 149065
24 36646
1538 196056
557 185896
1745 46285
3443 88406
2242 171584
3733 35614
1590 141835
1437 53313
2432 1840
3804 123050
798 43900
1292 181181
1697 158629
1861 171048
2182 133138
637 125122
822 61137
2189 34500
3763 73103
663 45333
549 137754
2582 148743
1857 166087
3977 181634
1448 160277
2524 63068
2205 189875
2592 187955
3436 89446
3323 57580
3588 138976
1731 45379
1811 115823
2972 61185
704 196439
1722 102638
1212 90940
742 192476
1805 145917
1174 94913
2994 3724
478 93259
43 35617
2992 169367
1574 4044
3910 54589
927 16401
3901 188942
3975 5298
2416 91577
2428 39249
546 24065
2163 163244
2314 101438
896 173702
3990 17276
3701 168957
543 125564
3412 169734
426 117891
3520 29840
2974 149999
439 88986
981 8015
3158 154022
1140 6804
3926 101874
1438 119988
3078 2105
272 13579
163 42836
3106 130540
2864 156751
1413 185995
3615 35885
2912 46412
288 72368
3783 139739
2677 4446
2918 43810
1442 169581
1012 187699
3785 39415
632 160032
2661 64641
3693 12726
1089 133255
877 140541
2016 43030
2685 37575
2086 53083
2682 64891
911 79710
1407 30076
1563 66331
750 154277
3558 5895
3155 49557
331 186271
3258 145903
2791 44284
3256 34383
2747 65053
1932 180256
2990 35096
1478 20956
875 159931
2609 26696
2956 113975
1595 110718
1686 192860
2048 112172
3948 113260
695 149045
1130 57250
2494 31707
3668 18203
2811 149303
81 56115
1435 124250
2260 172760
3452 197929
3873 27745
290 64991
2634 167570
1603 32421
3361 16079
2224 187948
932 45323
496 115773
1952 23577
886 182146
1491 94787
3997 61678
1200 60168
1535 76566
3488 164561
3211 167816
910 91052
3263 179017
2457 106506
1015 62849
493 76567
3512 78130
1855 79897
3923 65486
3556 152940
3085 126962
1125 176058
1247 88912
3879 122693
3433 108056
1526 107635
2862 145018
2489 85682
47 154149
3278 186052
3147 140611
2393 8055
3803 109819
3673 164645
2659 124765
1801 109942
2711 89537
1230 94613
3088 190682
1515 65504
2006 160759
3172 116057
1639 20938
3285 112128
885 188747
795 199498
3340 149370
1481 2725
1463 178725
39 144048
3422 168454
1918 86316
