100 1
1 71
71 61
1 88
1 81
71 38
81 95
95 29
88 60
38 35
71 22
35 64
88 52
38 70
61 47
38 97
88 65
71 10
22 74
61 32
29 100
61 42
64 59
42 72
22 67
97 73
1 82
38 93
29 55
93 4
55 62
1 43
43 7
82 30
61 13
35 80
70 94
38 45
88 26
38 75
82 69
1 9
10 5
82 36
75 83
69 98
22 79
98 68
81 99
69 96
83 16
93 20
99 23
95 66
64 17
10 19
38 44
47 11
7 85
67 49
59 8
20 40
72 50
9 41
35 39
95 33
82 21
64 48
20 54
36 2
2 76
71 91
81 77
100 6
62 27
47 57
36 78
99 84
55 37
4 18
47 53
60 58
65 12
37 92
10 31
22 63
19 15
52 14
55 3
65 90
29 51
72 89
30 28
64 56
76 34
41 46
99 86
33 25
28 87
40 24
32
7
