99 1
1 88
1 23
23 95
1 52
23 83
23 76
23 7
76 53
88 33
88 19
33 9
95 29
23 85
53 74
29 36
9 73
88 98
85 12
33 97
9 54
73 32
83 68
88 70
54 24
23 61
24 14
73 43
74 51
51 25
54 81
98 49
68 90
88 99
43 75
51 40
98 60
32 55
68 50
12 39
24 47
33 30
14 86
81 41
41 45
98 17
33 35
55 20
88 16
32 67
51 13
20 80
54 72
30 2
13 34
43 42
19 15
15 22
1 66
30 58
30 78
42 44
43 31
67 62
40 4
88 38
86 48
42 63
19 96
33 93
68 79
83 10
1 27
47 59
39 18
70 92
40 94
29 6
20 77
19 26
43 28
29 5
29 37
22 89
93 57
72 84
13 91
49 69
22 65
66 21
21 3
36 64
77 11
65 46
10 8
74 71
58 56
33 87
72 82
61
33
