100 1
1 94
1 90
1 79
1 86
90 61
86 92
1 65
65 18
18 80
1 7
79 16
94 21
90 74
79 29
90 59
92 36
16 14
21 33
94 37
94 82
80 43
37 38
79 75
75 32
90 91
36 8
61 26
16 72
61 48
94 19
43 64
19 17
61 96
19 22
74 57
7 98
74 42
79 28
16 20
74 83
8 40
98 35
1 62
33 67
33 71
32 27
48 13
79 9
83 85
42 3
61 60
36 11
65 25
80 5
29 49
75 97
96 45
59 23
42 54
36 41
18 53
33 89
83 6
97 69
23 68
13 4
71 46
74 88
49 81
48 70
97 47
72 39
43 66
6 55
74 51
68 24
22 76
70 100
91 87
94 2
19 84
3 58
23 50
90 95
58 93
19 31
100 10
95 77
98 73
79 15
87 12
18 44
73 52
7 78
35 34
34 99
12 56
99 63
76 30
39
25
