93 1
1 76
1 2
2 70
76 40
2 48
2 21
1 92
21 50
70 62
62 56
21 73
92 33
92 27
21 46
62 82
48 10
50 18
82 30
56 87
76 93
93 80
87 85
56 47
73 20
76 71
47 52
82 44
70 23
18 89
89 72
46 81
73 79
1 53
46 17
17 60
40 31
76 42
93 54
31 68
10 7
93 8
53 64
48 29
92 26
87 41
54 36
17 13
17 65
23 58
73 43
13 32
87 5
33 28
29 15
41 25
72 86
25 49
29 16
48 91
52 84
76 3
56 14
92 69
27 77
40 61
10 67
80 37
43 78
62 39
64 4
32 45
65 51
18 34
41 38
15 55
13 24
5 9
85 11
50 83
14 75
46 88
65 63
69 66
27 74
1 6
87 90
20 22
63 19
25 35
10 59
4 57
28 12
77
88
