100 1
1 4
4 10
10 12
10 68
68 60
10 90
68 96
68 65
68 69
65 28
68 52
12 50
1 42
69 49
90 27
68 70
65 7
65 53
10 31
52 75
70 51
75 41
60 79
52 39
12 24
52 36
12 45
27 62
53 100
27 22
36 55
28 73
75 80
42 85
49 77
68 82
28 16
100 5
55 58
79 9
12 88
79 83
70 56
75 87
39 64
1 23
12 93
58 15
52 29
41 26
100 18
77 3
7 76
85 43
76 38
10 48
88 72
1 67
55 91
23 17
31 44
83 8
28 2
96 37
53 33
5 66
1 34
100 78
58 14
5 95
48 63
5 19
33 99
100 74
64 86
87 57
8 47
52 30
74 35
95 59
82 71
60 6
64 81
62 13
75 32
23 84
69 54
37 97
16 40
93 25
48 61
72 11
41 21
49 46
11 98
82 94
58 89
74 20
19 92
16
4
