100 1
1 81
1 63
1 19
63 73
1 35
73 83
1 98
81 44
73 26
63 28
35 77
35 37
44 16
98 24
98 75
44 23
26 45
35 41
37 68
68 40
19 100
40 66
40 52
16 67
98 53
26 39
35 99
23 80
100 34
81 38
68 56
99 93
100 86
67 2
73 7
86 78
26 69
83 95
63 22
1 20
67 82
82 96
96 30
39 46
56 71
96 43
96 64
71 25
53 54
54 12
53 91
56 55
71 89
54 9
38 14
22 8
75 18
1 60
26 49
37 21
52 11
2 87
56 92
69 47
80 57
66 15
25 31
83 32
77 70
38 4
22 6
52 74
26 79
79 88
74 94
2 84
30 29
60 42
53 50
2 3
74 27
26 33
28 58
78 76
96 10
95 51
20 72
9 65
89 97
65 62
82 59
52 61
23 13
27 17
54 85
31 5
51 48
80 36
8 90
15
75
