100 1
35 15
35 65
35 70
35 12
35 61
35 49
35 55
35 91
35 95
35 74
35 37
35 2
35 92
35 13
35 66
35 78
35 18
35 99
35 57
35 32
35 84
35 76
35 27
35 96
35 69
35 24
35 81
35 23
35 20
35 8
35 26
35 41
35 44
35 98
35 48
35 14
35 7
35 73
35 10
35 46
35 100
35 19
35 11
35 97
35 28
35 63
35 72
35 56
35 83
35 36
35 43
35 17
35 16
35 5
35 1
35 71
35 93
35 38
35 6
35 82
35 64
35 42
35 51
35 40
35 89
35 88
35 9
35 3
35 33
35 52
35 53
35 79
35 67
35 58
35 22
35 30
35 25
35 45
35 34
35 94
35 87
35 31
35 77
35 50
35 4
35 59
35 68
35 29
35 47
35 21
35 85
35 54
35 60
35 90
35 39
35 80
35 75
35 86
35 62
48
36
