100 99
1 62
1 100
100 20
1 19
1 73
100 97
62 21
100 6
1 23
6 77
20 76
77 33
20 14
97 4
21 61
19 35
35 53
20 58
23 37
21 69
77 90
4 10
19 60
14 39
14 67
1 17
77 93
100 81
69 42
19 82
76 70
37 63
42 92
6 49
63 55
62 80
81 65
61 99
39 78
19 85
60 96
35 52
96 51
100 29
17 18
33 3
82 41
96 12
90 46
41 36
81 26
17 59
23 44
55 54
93 8
62 16
33 15
97 95
14 31
19 56
17 27
51 9
51 88
55 71
97 7
19 91
23 94
6 48
93 79
90 38
44 2
16 45
51 57
31 11
19 24
96 84
8 86
35 32
49 30
90 74
90 87
84 89
62 43
82 40
93 50
46 75
70 34
20 47
18 72
50 25
42 68
81 22
7 98
92 5
99 66
29 28
33 64
41 13
55 83
1 2 3 4 5 6 7 8 9 10 11 12 13 14 15 16 17 18 19 20 21 22 23 24 25 26 27 28 29 30 31 32 33 34 35 36 37 38 39 40 41 42 43 44 45 46 47 48 49 50 51 52 53 54 55 56 57 58 59 60 61 62 63 64 66 67 68 69 70 71 72 73 74 75 76 77 78 79 80 81 82 83 84 85 86 87 88 89 90 91 92 93 94 95 96 97 98 99 100
1 2 3 4 5 6 7 8 9 10 11 12 13 14 15 16 17 18 19 20 21 22 23 24 25 26 27 28 29 30 31 32 33 34 35 36 37 38 39 40 41 42 44 45 46 47 48 49 50 51 52 53 54 55 56 57 58 59 60 61 62 63 64 65 66 67 68 69 70 71 72 73 74 75 76 77 78 79 80 81 82 83 84 85 86 87 88 89 90 91 92 93 94 95 96 97 98 99 100
