100 50
1 29
1 41
41 33
41 5
1 15
5 72
5 10
29 55
1 79
5 77
1 71
29 31
72 32
10 14
72 21
1 84
5 27
55 4
55 11
4 92
32 44
14 80
29 86
14 93
92 54
72 100
72 18
86 8
55 57
15 56
27 20
33 76
54 83
10 95
1 40
80 37
11 89
8 17
33 7
89 39
17 48
7 26
86 6
72 2
72 65
95 47
40 64
56 38
79 50
57 75
56 36
21 60
39 85
84 59
18 74
11 91
76 58
72 62
11 98
26 3
50 12
7 9
57 35
59 78
39 88
78 24
58 87
29 70
56 19
91 82
35 25
41 61
62 51
12 97
5 73
29 13
7 90
31 99
87 49
61 43
15 66
50 42
21 46
95 94
8 52
4 16
71 34
3 68
9 28
49 23
16 96
31 67
89 22
41 69
24 45
68 30
13 53
3 63
32 81
2 3 4 5 7 12 14 16 17 20 23 24 26 27 28 29 35 36 39 42 45 47 48 49 51 58 61 65 66 67 68 69 71 72 73 74 79 80 82 83 84 85 88 89 91 92 93 97 98 100
1 2 3 4 7 10 11 13 14 16 17 18 19 20 26 30 31 32 33 36 37 38 39 45 47 49 51 54 57 58 61 63 64 68 70 73 74 75 77 78 79 81 86 88 89 90 92 93 95 99
