100 11
1 82
1 37
82 87
82 88
88 67
37 94
87 64
94 39
1 42
82 44
87 71
64 89
89 100
71 38
94 47
71 17
1 49
44 30
30 57
37 52
44 81
47 51
1 59
71 48
71 68
52 26
82 16
16 65
94 19
17 24
17 20
64 2
17 79
51 70
42 34
67 93
82 80
64 60
88 45
51 53
19 3
70 36
57 86
53 11
93 25
1 66
86 55
94 33
88 15
60 96
79 63
3 95
16 83
87 32
55 31
51 75
49 29
53 97
83 74
45 5
81 62
37 50
24 12
39 56
57 23
67 84
83 69
69 7
2 18
87 8
50 98
17 72
24 21
34 22
16 9
2 78
71 76
63 4
24 61
3 13
21 85
7 6
89 41
84 46
17 40
53 14
71 43
4 92
3 10
69 58
86 77
45 35
100 54
13 73
52 91
60 90
26 27
69 28
17 99
13 17 18 23 42 54 59 60 62 68 70
1 3 4 11 20 24 31 44 47 82 95
