100 23
1 76
1 31
1 52
52 10
52 43
43 15
15 72
10 16
76 51
31 2
72 79
2 11
76 40
51 85
51 12
51 29
15 49
49 55
16 36
52 89
15 99
12 95
99 67
72 73
29 44
79 22
67 17
89 81
22 77
11 56
95 38
36 78
67 88
15 93
78 92
73 26
79 28
22 24
26 33
44 7
43 60
15 65
78 37
56 27
55 100
38 90
77 86
44 91
86 58
11 8
92 6
38 57
37 25
92 30
89 62
36 69
38 98
29 3
79 96
72 45
55 83
86 13
15 48
25 84
52 19
91 34
48 35
90 42
72 71
72 97
27 14
86 46
30 87
24 39
81 80
95 94
96 66
81 4
71 63
100 68
100 59
28 21
12 64
64 53
27 75
80 47
71 20
62 70
46 54
96 32
79 9
94 41
22 74
70 82
43 5
38 18
16 50
65 61
70 23
2 5 9 13 14 22 32 39 40 42 44 46 49 60 65 67 69 82 85 88 95 97 100
5 6 13 22 24 31 34 39 51 53 56 58 60 68 73 74 78 82 83 87 89 96 98
