100 10
1 9
1 39
1 2
2 35
35 99
9 61
35 78
39 76
2 82
76 69
9 50
9 36
39 25
2 77
9 31
77 28
61 92
78 87
31 3
99 62
77 22
28 68
50 37
68 45
77 8
28 89
50 90
35 80
82 16
90 46
31 41
35 33
9 49
69 85
99 6
69 70
85 18
89 59
39 12
12 71
71 24
33 79
49 19
18 94
24 63
87 13
68 97
35 38
36 4
70 44
87 73
4 47
3 66
85 15
41 98
12 51
45 57
18 43
36 30
13 53
45 74
9 29
92 21
25 86
61 58
86 10
31 81
15 14
59 27
89 32
62 17
74 54
24 55
58 48
18 67
68 65
67 64
15 26
79 91
98 96
55 34
4 11
92 100
37 20
98 83
21 84
17 60
15 72
77 88
82 5
3 95
88 75
10 42
57 56
88 23
53 7
76 52
31 93
91 40
4 23 31 36 49 51 57 67 93 95
2 11 19 48 53 66 81 89 91 96
