100 20
1 81
81 83
1 58
81 92
58 79
81 50
58 57
92 20
1 13
20 11
57 41
81 95
92 64
95 88
20 53
1 78
79 75
88 10
1 2
83 56
10 96
50 6
56 59
78 28
1 4
13 51
83 39
58 52
64 12
28 47
75 37
95 29
41 54
6 87
81 23
96 3
50 69
41 15
69 71
13 36
53 7
10 22
6 68
15 76
69 82
29 99
71 35
59 8
75 27
68 42
11 32
10 94
13 63
68 74
59 98
1 49
29 17
59 16
20 31
39 73
31 19
16 24
98 61
7 44
44 86
96 70
52 14
35 66
1 100
50 65
94 93
4 34
76 33
57 91
61 30
61 21
61 72
11 67
99 90
91 38
92 18
42 60
6 89
21 9
49 48
90 77
13 55
24 26
54 97
28 40
22 45
44 25
23 85
86 5
36 80
29 43
3 46
47 62
96 84
8 9 10 22 30 32 35 38 43 51 54 62 64 68 70 73 75 84 86 87
2 4 9 15 20 21 27 32 33 43 48 58 59 62 64 69 75 82 89 90
