100 90
1 56
56 10
1 93
93 50
1 82
93 24
56 48
56 38
82 88
50 68
88 59
59 90
68 77
50 21
48 79
48 3
56 57
57 97
90 6
21 74
10 40
10 22
68 16
10 66
40 32
48 80
56 86
38 45
21 76
32 29
77 67
21 43
50 55
3 27
79 46
67 13
3 95
88 87
93 98
59 92
93 5
40 39
24 72
72 71
10 18
87 64
5 61
66 100
1 17
56 15
71 99
77 85
93 96
38 26
5 42
86 34
79 4
90 12
55 78
77 33
32 41
15 63
18 7
64 44
78 9
17 94
13 81
78 53
1 70
79 28
78 91
88 49
59 20
40 47
98 83
18 65
57 73
48 23
4 75
43 30
99 37
12 25
93 14
57 8
67 52
9 58
61 54
93 31
92 35
32 89
50 51
16 19
78 62
37 36
16 2
8 84
43 60
49 69
83 11
1 2 3 4 5 6 7 8 9 10 11 12 13 14 15 16 17 18 19 20 21 22 23 24 25 26 27 30 31 32 33 34 35 36 37 38 39 40 41 42 43 44 45 47 48 49 50 51 53 54 55 56 57 58 59 60 61 63 64 65 66 68 69 70 72 73 75 76 77 79 80 81 82 83 84 85 86 87 88 89 90 91 92 94 95 96 97 98 99 100
1 2 3 4 5 6 7 8 10 11 13 15 16 17 18 19 21 22 23 24 25 26 27 28 29 30 31 32 33 34 35 36 37 38 39 40 41 42 43 44 45 46 47 48 49 50 51 52 53 54 55 56 57 58 59 61 62 63 64 65 66 67 68 69 70 71 72 73 75 76 77 78 79 81 82 84 85 86 87 89 90 91 92 93 95 96 97 98 99 100
