100 50
1 35
35 5
1 31
31 98
31 2
31 38
38 52
35 7
5 95
98 55
1 18
7 54
7 17
31 63
18 88
52 44
35 73
55 42
98 56
95 3
2 33
88 81
81 67
38 50
44 64
54 25
54 79
3 32
32 57
25 20
35 90
17 82
3 8
73 4
63 28
98 48
17 61
64 72
31 60
33 93
35 16
79 13
90 89
64 41
64 36
28 100
63 26
73 22
20 24
41 47
32 29
3 19
22 83
5 40
4 15
64 23
8 76
98 87
42 66
25 45
15 65
18 59
50 12
17 86
13 68
4 27
31 51
65 39
89 14
56 94
24 78
35 69
32 49
55 80
73 58
12 75
39 74
55 6
98 71
81 97
13 46
33 9
78 99
54 10
55 53
33 91
13 84
69 85
8 30
74 11
88 62
39 34
60 96
78 21
89 37
17 77
32 70
42 43
39 92
1 2 3 4 5 10 16 18 19 21 22 26 27 30 34 35 38 42 45 46 48 49 55 56 58 59 61 62 63 64 65 66 68 69 72 73 75 77 79 80 81 82 84 85 88 92 93 94 95 96
2 9 10 11 12 13 15 16 19 21 22 23 25 26 28 31 34 35 38 39 41 44 45 46 47 48 49 52 56 59 60 61 62 64 65 67 68 70 73 78 79 80 83 85 86 92 95 96 97 98
