100 80
1 76
1 33
76 89
1 18
76 39
89 61
61 5
5 10
39 88
88 9
5 87
10 20
9 50
5 77
20 79
39 63
33 49
18 37
18 51
20 84
49 47
63 27
79 35
61 73
63 13
18 38
73 3
5 85
63 57
9 36
84 46
87 91
18 94
61 92
50 52
10 8
27 64
63 21
76 14
63 24
89 4
57 58
77 30
30 56
24 23
20 42
33 82
9 26
38 25
94 40
5 41
21 11
92 74
25 34
40 99
41 72
33 55
50 45
4 100
79 69
100 7
84 31
58 32
55 6
51 75
74 86
56 15
99 65
86 43
100 2
92 29
6 78
57 54
18 16
85 81
94 12
45 17
37 44
24 59
91 97
4 19
49 66
46 93
72 28
24 62
4 71
13 60
61 83
35 90
31 95
84 80
44 98
100 96
65 22
26 68
47 53
52 67
7 48
77 70
1 2 4 5 6 7 8 9 10 11 12 14 15 16 17 18 19 21 22 23 24 26 27 28 29 30 31 32 34 35 38 39 40 42 43 44 45 46 47 48 50 51 52 53 54 55 56 57 59 60 61 62 63 64 65 68 69 70 72 73 74 75 76 77 78 79 80 81 82 83 84 87 88 89 90 92 94 95 97 99
1 2 3 4 7 8 10 11 12 13 14 15 16 17 18 19 20 21 22 24 25 26 28 29 30 32 33 34 35 37 38 39 40 41 42 44 45 46 47 48 51 52 53 54 55 56 57 58 59 60 62 63 64 65 67 68 69 70 71 72 73 74 76 79 80 81 82 83 84 85 87 88 89 90 92 93 94 95 96 97
