100 80
79 80
79 68
79 100
79 81
79 34
79 77
79 65
79 46
79 29
79 70
79 64
79 66
79 52
79 23
79 14
79 25
79 90
79 38
79 67
79 35
79 53
79 11
79 54
79 62
79 63
79 1
79 31
79 91
79 24
79 59
79 51
79 94
79 98
79 78
79 9
79 44
79 42
79 84
79 48
79 87
79 55
79 27
79 6
79 99
79 7
79 92
79 26
79 82
79 60
79 72
79 69
79 73
79 39
79 88
79 40
79 15
79 21
79 18
79 4
79 12
79 58
79 45
79 19
79 13
79 76
79 86
79 17
79 61
79 47
79 10
79 28
79 93
79 56
79 5
79 16
79 8
79 75
79 33
79 97
79 41
79 83
79 20
79 57
79 3
79 85
79 32
79 2
79 95
79 96
79 36
79 71
79 37
79 89
79 74
79 50
79 22
79 30
79 43
79 49
3 4 6 7 9 10 11 12 13 14 16 20 22 23 24 25 26 28 29 30 31 32 34 35 36 37 38 39 40 41 42 43 45 46 47 48 49 50 51 52 53 54 55 57 58 61 62 63 64 65 66 67 68 69 70 71 72 73 75 76 77 79 80 81 82 84 85 86 87 88 89 91 92 93 94 95 97 98 99 100
1 2 3 4 5 7 8 9 10 11 12 15 16 17 19 20 21 22 23 24 25 26 27 29 30 32 33 34 35 36 37 38 40 41 42 45 46 47 48 50 52 54 55 56 58 59 61 62 63 64 66 67 68 69 70 71 72 73 74 75 76 77 79 80 82 83 84 85 86 88 89 90 91 93 94 95 97 98 99 100
