100 10
43 42
43 92
43 10
43 66
43 51
43 2
43 71
43 16
43 79
43 74
43 11
43 56
43 57
43 73
43 46
43 49
43 93
43 77
43 38
43 31
43 22
43 33
43 97
43 81
43 50
43 84
43 27
43 88
43 34
43 9
43 48
43 60
43 64
43 75
43 45
43 99
43 53
43 86
43 13
43 37
43 24
43 40
43 41
43 19
43 67
43 62
43 61
43 8
43 35
43 100
43 47
43 3
43 52
43 17
43 39
43 59
43 69
43 23
43 63
43 25
43 6
43 7
43 68
43 83
43 20
43 80
43 44
43 91
43 21
43 1
43 96
43 58
43 94
43 54
43 90
43 26
43 72
43 85
43 78
43 65
43 30
43 28
43 89
43 98
43 5
43 55
43 76
43 12
43 70
43 87
43 14
43 18
43 29
43 32
43 36
43 95
43 4
43 15
43 82
19 28 41 51 59 64 73 83 84 92
18 32 34 47 52 55 69 72 75 96
