100 20
36 68
36 31
36 33
36 1
36 15
36 52
36 72
36 63
36 88
36 26
36 41
36 27
36 43
36 93
36 2
36 76
36 28
36 75
36 10
36 32
36 53
36 87
36 73
36 39
36 83
36 69
36 58
36 70
36 82
36 99
36 45
36 81
36 6
36 9
36 55
36 29
36 79
36 46
36 22
36 30
36 67
36 84
36 57
36 44
36 47
36 42
36 96
36 7
36 40
36 34
36 62
36 18
36 97
36 11
36 54
36 91
36 12
36 61
36 38
36 4
36 100
36 25
36 24
36 35
36 65
36 50
36 17
36 89
36 94
36 21
36 92
36 20
36 49
36 16
36 14
36 8
36 23
36 51
36 85
36 71
36 80
36 95
36 74
36 56
36 66
36 3
36 78
36 64
36 77
36 59
36 13
36 98
36 86
36 48
36 60
36 19
36 90
36 37
36 5
1 3 5 12 14 16 17 19 34 44 50 59 64 69 90 92 95 97 99 100
7 12 23 24 25 27 34 42 45 51 52 53 69 74 76 77 87 88 91 92
