100 40
55 32
55 83
55 47
55 26
55 64
55 71
55 11
55 33
55 27
55 54
55 100
55 87
55 36
55 34
55 51
55 57
55 61
55 12
55 74
55 43
55 18
55 88
55 20
55 62
55 19
55 97
55 8
55 1
55 6
55 56
55 45
55 63
55 40
55 99
55 72
55 80
55 68
55 65
55 30
55 59
55 24
55 22
55 78
55 79
55 77
55 28
55 81
55 75
55 3
55 91
55 50
55 16
55 48
55 17
55 98
55 58
55 69
55 60
55 31
55 7
55 25
55 95
55 5
55 92
55 14
55 41
55 35
55 86
55 9
55 84
55 89
55 85
55 37
55 44
55 10
55 46
55 42
55 52
55 76
55 94
55 82
55 39
55 66
55 21
55 13
55 2
55 73
55 96
55 93
55 4
55 38
55 29
55 49
55 23
55 15
55 90
55 70
55 67
55 53
1 8 9 10 11 17 23 25 33 34 35 36 37 38 39 41 43 45 51 52 56 57 58 62 63 66 68 70 71 74 77 80 81 83 84 85 87 89 95 97
1 5 10 11 15 17 18 19 21 29 30 32 33 35 36 40 41 42 43 47 49 52 53 58 63 64 65 68 69 72 74 77 81 82 88 89 90 95 96 99
