100 5
82 60
82 7
82 64
82 26
82 73
82 94
82 96
82 69
82 88
82 30
82 61
82 56
82 65
82 6
82 95
82 79
82 50
82 1
82 59
82 68
82 29
82 58
82 93
82 81
82 89
82 77
82 72
82 31
82 36
82 66
82 27
82 52
82 74
82 78
82 91
82 87
82 98
82 76
82 71
82 14
82 24
82 32
82 4
82 99
82 38
82 17
82 70
82 57
82 86
82 47
82 67
82 83
82 43
82 34
82 48
82 45
82 25
82 51
82 21
82 22
82 49
82 90
82 12
82 75
82 13
82 41
82 46
82 97
82 42
82 23
82 85
82 8
82 19
82 53
82 92
82 55
82 28
82 20
82 100
82 18
82 9
82 80
82 5
82 84
82 40
82 16
82 37
82 15
82 2
82 62
82 10
82 3
82 44
82 39
82 11
82 33
82 63
82 54
82 35
26 35 43 57 59
32 67 81 83 85
