100 99
72 86
72 31
72 74
72 87
72 42
72 37
72 55
72 90
72 27
72 65
72 48
72 79
72 49
72 66
72 2
72 17
72 28
72 63
72 53
72 85
72 99
72 54
72 1
72 78
72 98
72 33
72 35
72 83
72 32
72 3
72 13
72 11
72 34
72 45
72 96
72 36
72 24
72 91
72 19
72 93
72 21
72 40
72 16
72 80
72 8
72 14
72 64
72 73
72 25
72 77
72 26
72 95
72 22
72 58
72 89
72 23
72 39
72 84
72 70
72 94
72 46
72 50
72 57
72 44
72 29
72 56
72 15
72 59
72 100
72 60
72 61
72 92
72 47
72 62
72 51
72 12
72 43
72 68
72 38
72 71
72 18
72 88
72 7
72 81
72 41
72 9
72 4
72 5
72 69
72 75
72 20
72 67
72 82
72 30
72 97
72 76
72 6
72 52
72 10
1 2 3 4 5 6 7 8 9 10 11 12 13 14 15 16 17 18 19 20 21 22 23 24 25 26 27 28 29 30 31 32 33 34 35 36 37 38 39 40 41 42 43 44 45 46 47 48 49 50 51 52 53 54 55 56 57 58 60 61 62 63 64 65 66 67 68 69 70 71 72 73 74 75 76 77 78 79 80 81 82 83 84 85 86 87 88 89 90 91 92 93 94 95 96 97 98 99 100
1 2 3 4 5 6 7 8 9 10 11 12 13 14 15 16 17 18 19 20 21 22 23 24 25 26 27 28 29 30 31 32 33 34 35 36 37 38 39 40 41 42 43 44 45 46 47 48 49 50 51 52 53 54 55 56 57 58 59 60 61 62 63 64 65 66 67 68 69 70 71 72 73 74 75 77 78 79 80 81 82 83 84 85 86 87 88 89 90 91 92 93 94 95 96 97 98 99 100
