100 50
43 75
43 12
43 65
43 88
43 82
43 72
43 18
43 32
43 89
43 11
43 29
43 81
43 83
43 64
43 68
43 40
43 36
43 28
43 77
43 21
43 86
43 20
43 78
43 91
43 61
43 80
43 13
43 52
43 37
43 10
43 60
43 58
43 53
43 49
43 63
43 19
43 23
43 39
43 27
43 8
43 69
43 84
43 98
43 45
43 15
43 42
43 76
43 17
43 35
43 93
43 25
43 38
43 24
43 7
43 22
43 99
43 3
43 96
43 47
43 87
43 90
43 16
43 26
43 94
43 97
43 48
43 5
43 95
43 57
43 100
43 92
43 67
43 31
43 30
43 55
43 73
43 41
43 2
43 70
43 62
43 34
43 1
43 14
43 4
43 85
43 54
43 6
43 79
43 51
43 50
43 66
43 33
43 44
43 74
43 59
43 71
43 56
43 9
43 46
1 2 3 5 6 9 10 13 14 16 17 18 20 23 24 26 28 32 34 35 41 44 45 48 51 54 56 57 59 61 63 64 66 67 68 70 73 74 78 80 82 83 84 87 89 91 94 95 98 99
3 7 8 9 11 12 13 15 16 18 20 22 31 32 35 36 37 39 40 43 44 46 49 53 54 56 59 60 63 65 66 67 69 71 72 73 74 75 76 77 79 80 82 84 86 91 92 94 97 98
