4000 4000
646 1927
2857 1679
3437 1060
332 1613
193 28
2405 3638
559 1236
1 10
1602 2757
2265 2474
1657 2619
2456 3678
3788 3128
1734 811
3464 2291
3228 3479
2573 2537
3424 1344
3350 3135
3108 1341
952 2683
3612 1887
2562 3160
3986 1268
2715 2071
1965 1457
1741 791
2588 2551
1676 2348
852 131
878 2865
630 3387
1939 3817
3407 2991
1000 1809
1205 2849
3632 1162
1239 743
1171 3834
2098 738
24 2970
1249 3941
364 2703
717 2326
358 3151
491 3999
1652 31
1346 1827
2090 3444
1311 1001
1798 2153
1510 1217
3839 3387
3503 2950
565 589
1636 1538
1652 2401
442 3385
1635 3314
1145 470
3633 196
1745 1118
2735 2932
3547 2388
2457 2024
127 1507
3711 105
1475 3838
2137 3439
1553 81
781 211
3131 795
1065 163
2278 2192
1936 1042
3897 715
1961 1449
3219 2510
245 3219
1825 2330
2852 2392
3215 1522
772 2827
2664 1439
209 2012
3071 173
440 1074
1861 1025
386 762
1462 2266
3578 36
1733 399
2918 1782
185 389
1997 212
1757 87
1794 972
1883 224
3481 3387
1028 1928
692 795
3228 2129
2959 2018
3814 1342
336 3740
2393 3425
1118 3612
3523 3048
3929 2246
1902 1523
1965 1507
3018 3032
2680 2233
2777 314
447 3071
571 1955
1404 3305
2864 3231
1850 1407
2529 194
1950 293
1759 3171
3220 3933
1824 2910
969 1234
596 3299
2651 2301
1754 1920
2297 1325
3387 2867
1687 90
751 1835
419 1475
3979 1977
2804 1211
3814 3895
229 3554
2951 1446
621 2939
2783 1136
2728 2361
2549 1940
233 3230
2556 1964
1792 1300
600 738
2787 160
600 1246
3438 2572
3068 940
3445 3591
1448 3720
1913 2130
588 3804
2975 2036
421 2294
862 3269
954 1499
3893 2830
497 1524
2833 3334
945 1851
630 3382
3064 2466
883 2315
2183 1000
90 1629
1802 930
15 2558
3952 2846
3602 3494
2016 2360
125 3767
1718 1206
2800 2218
756 3007
1587 3194
2767 3427
3249 1361
3268 2647
273 642
1259 3606
2844 3817
2223 460
3402 841
2241 982
1252 3091
3998 239
1251 3986
459 2864
215 3596
2790 1197
3891 1466
3553 71
208 3426
2497 1902
2456 2821
1170 1277
1175 344
748 3883
1349 565
2595 993
1489 2502
3084 3343
624 1849
3167 3054
2523 2116
3495 3809
12 2699
2884 2644
3696 2448
1589 1966
780 3463
2499 268
3418 3763
2334 777
937 1143
510 962
3760 2721
3722 2962
1330 1619
3841 2607
3467 636
58 3359
2971 3098
2875 2743
1981 3990
3166 3836
1969 3860
1500 3655
2487 1772
762 2208
3780 3086
430 1609
3194 1922
3167 1254
1510 2560
3500 3250
2383 3601
836 2111
178 2903
3013 2149
420 2208
3211 2645
1074 1324
3552 1229
412 2192
2520 2173
227 1547
1957 2483
1626 3266
514 3815
1166 2195
3580 3512
3349 3946
3654 2329
1249 3600
3420 3031
2951 200
2087 2881
1980 621
1605 3000
1180 685
1229 3256
2617 604
93 2705
2041 960
3849 1487
2056 1077
3539 1168
2475 3642
134 1335
3027 935
3192 304
843 899
3040 210
1320 3571
2912 28
2519 3872
524 2374
880 1382
3253 1828
55 2693
3731 1664
1329 3795
3458 162
1097 179
3610 3741
2845 541
1212 3005
185 55
2709 3376
25 861
1145 208
475 559
2026 200
2001 1279
885 131
1145 461
3823 1762
3345 1575
2215 748
1519 3652
3619 1692
3045 1555
658 1981
3942 3230
328 1326
1271 2044
1306 3614
1897 3688
3898 1592
3921 170
3608 1253
2558 1401
687 2643
2589 522
820 2972
1018 3773
3955 1272
3303 371
2416 3072
1525 825
2490 1022
2971 3167
1752 3807
1623 840
1066 2248
1298 3208
3436 510
3934 2654
2079 1837
2347 694
1321 2881
130 266
2982 2803
1218 3841
773 68
11 3161
2944 66
1311 943
1377 1403
230 2158
3795 2480
3210 1709
675 3413
699 2033
401 535
3403 32
3219 600
372 2134
3749 2771
2554 1017
2419 1610
2494 331
2543 253
2482 3249
981 1349
2449 1507
2704 3802
1028 3637
1965 3932
63 3719
3534 2493
3004 2427
3838 586
2997 3898
154 3252
2716 1986
1688 2877
1277 2886
3445 2081
3595 1639
965 3931
3747 3852
3527 1979
1997 44
1290 920
560 1256
24 3472
1481 3976
3348 2029
631 2222
1021 3765
638 2720
3703 3335
3824 950
1374 2112
3351 3867
1851 3160
2657 2054
2705 1858
2672 1395
3684 298
1896 2902
3947 3265
298 1060
1470 383
1166 3323
1341 405
539 2114
1190 3326
3313 1448
2265 3312
2082 2791
1532 1337
783 2304
2922 537
749 2523
1982 2662
2658 473
776 3845
3297 475
3685 3898
2846 3292
2747 2110
1277 2061
2011 1202
2990 286
3088 1457
1036 3348
2068 2321
1798 220
830 1118
3697 2833
3911 3374
3500 2210
3981 2100
1738 3416
3096 3146
1120 2148
2538 3582
1768 3798
2754 928
2736 2547
1805 1863
2087 1160
1146 2183
1952 3566
3312 3431
1283 2864
2403 2271
2676 3317
1806 1148
1553 3704
1522 3111
1805 2243
3688 2587
2809 1256
2380 607
2112 1319
3867 2615
3653 1783
2084 3026
2240 1966
1070 256
2923 3436
968 3273
1772 870
1438 849
868 2465
1798 2038
1286 295
3867 1685
1252 596
1175 852
2318 1745
2529 1877
301 3067
2870 3874
251 2026
629 490
2627 2737
2817 2856
87 3792
579 2095
2575 1516
1782 865
2473 2321
814 2772
3935 668
269 2500
2844 1060
921 1675
2154 2942
1939 84
2256 3712
1328 1550
3829 471
1157 1558
2206 283
3948 2557
1021 1987
3474 1707
3067 2188
3304 3404
969 3845
3364 998
1026 2657
2805 1497
3601 3828
3958 1964
2891 527
3227 988
3630 2525
2140 2105
3555 212
3855 1192
2797 3914
3200 2470
2002 2927
2870 1753
261 39
2916 305
13 588
3224 308
3471 81
2182 1555
3268 1762
1421 933
3875 3933
524 909
2916 1903
2071 1271
3840 2060
3096 3876
2942 2071
3688 2945
751 664
527 1802
3224 1209
1219 3678
2189 3183
1620 3959
1887 337
326 2681
1007 2208
1286 3638
228 25
175 2577
351 2695
2851 2283
1575 68
549 3463
3152 1209
666 2016
2127 2329
192 1367
3498 1940
3310 2585
2680 3684
1992 1699
365 335
1064 1099
3464 159
417 3783
1599 1700
1050 3033
1795 1346
61 1469
878 3662
477 3516
1684 2746
3165 2953
156 3946
3007 1229
2485 3236
2890 3729
1421 3073
2794 1982
3886 2034
2609 792
476 2331
1127 2937
204 259
560 2391
3083 224
1618 3286
1341 2543
1770 3703
816 3540
1185 565
1163 1290
612 2467
1040 1021
3576 2802
2614 3165
1164 501
110 1104
2590 3520
2194 2116
129 2781
861 1320
2021 3025
3364 204
431 2273
1268 2132
3724 19
754 350
2773 887
543 1178
3386 1557
2356 3295
1285 1303
1171 282
3451 2404
2770 408
912 2402
1802 1374
2090 2895
3583 2119
3397 2626
2691 1984
1612 1748
1420 1058
2146 3013
3152 1708
298 2928
3644 989
3949 951
2892 2610
1626 3435
456 2455
971 395
430 2873
3806 459
3113 1587
2157 1050
749 2615
3470 65
315 1666
2096 2115
3794 711
24 1534
794 3570
2244 105
1152 3348
33 3923
1399 2040
2239 3832
2141 2649
2199 2499
2771 3996
3875 2422
2415 2601
818 913
2640 3568
3126 3053
3959 2000
722 2493
2261 2307
3141 2748
3039 168
3401 32
1736 1522
3865 1773
2489 39
1478 2649
1547 3679
1109 2013
3400 1676
3752 3120
359 990
3232 3251
3639 1835
2992 960
3503 2941
3527 1777
1968 3405
58 3774
1162 2319
756 2150
1832 1510
2210 1259
259 3388
2909 359
1483 1598
3877 1906
1386 2722
1917 3474
2981 1620
129 3909
2256 461
371 2600
350 3331
1336 1641
3938 3275
3011 2706
1806 1992
133 553
3396 6
1861 2165
3101 1113
1436 1999
1848 2068
2466 2445
3844 718
889 3104
7 1012
238 2292
1000 2352
2245 98
3920 2028
1502 2467
1235 2796
2612 2002
2093 3266
2787 2644
323 1818
3552 3661
631 1394
3533 1532
3989 3291
3811 3323
1813 713
1772 389
1491 1196
1515 2850
383 1974
2943 3242
21 2159
3092 1170
980 1308
2151 343
3908 3135
798 3761
258 793
3199 3113
1444 2770
1454 3849
3182 3028
3691 3897
1036 2331
3742 516
2990 744
176 2295
2711 2035
1643 1217
766 1766
786 2338
1281 3993
2802 2181
224 3704
3181 2224
985 1116
2965 149
2734 3904
2949 1383
555 2313
448 3181
3471 2160
1927 966
838 1419
2451 2925
104 1301
1215 3112
189 2859
2647 1780
389 3889
1728 1496
790 391
1310 1219
312 604
942 1894
2410 2419
910 2903
1325 3003
315 804
178 2766
1709 692
2475 2862
828 2682
1347 1719
2886 3091
3458 3356
858 992
601 3910
2150 937
737 2482
62 3995
3638 3915
2355 1620
3297 1139
693 21
2888 3184
3842 3372
3343 3153
1643 2904
965 2695
1803 3893
35 1046
2304 1352
3001 2415
3821 1746
1334 1800
1193 2571
1952 784
1387 2714
2554 3693
3640 1276
2250 3983
1141 2145
1579 2369
3360 3760
3737 367
3357 405
2381 1741
1854 3717
3026 3817
2764 3271
1762 1369
1863 607
1160 669
182 2399
2645 2972
3610 1850
3031 583
3225 2483
2642 3603
3620 2157
2120 2476
2487 1867
3976 2841
3887 2130
632 157
2012 1086
3641 616
194 393
3907 1273
48 3873
642 256
1091 1606
3684 3993
3024 2017
2783 1811
1461 593
1273 220
734 63
1815 2507
2330 262
2645 1089
2789 860
3973 1582
182 1783
3977 1716
2944 3612
1217 513
369 2718
2883 3612
198 1956
1688 2220
3375 3953
1079 1795
467 612
1018 1905
2741 3842
3337 3317
2349 807
2723 1716
1608 973
3627 578
2830 922
1025 670
2215 2478
317 3843
1962 2403
3002 3710
472 1295
1265 2700
47 423
2621 711
215 154
3347 1802
184 2043
2437 2555
2709 1646
619 681
97 1742
1350 1656
2750 2623
177 3147
3439 495
2105 3840
1602 2166
2435 869
1744 1839
2657 3449
1089 2034
610 2144
522 840
3067 3719
2364 928
2018 2876
1967 1720
1286 2272
1800 124
877 614
305 602
2405 3788
108 3969
3192 1108
3671 929
3222 179
2544 2858
2269 1889
1531 3246
3326 1025
815 1537
1758 1646
3214 3907
2308 874
341 2502
3016 3393
64 3784
700 1812
3150 175
1249 506
580 1030
1413 1542
3059 2589
1521 1527
701 3785
1430 2848
817 3640
3233 1865
904 1463
161 898
2911 3835
3294 2900
3616 1317
701 2203
845 468
978 3188
1393 1089
2129 2161
819 1843
3040 1234
959 1242
3013 3802
1847 2806
780 1398
2030 2351
2809 1280
3858 2941
113 764
2451 960
3020 2483
216 3731
2962 3998
72 1259
2092 3705
914 2024
831 3672
2909 1102
1159 3477
1709 1919
1532 3561
3443 15
1594 99
808 2279
504 3925
722 623
1785 3288
1558 3461
3975 1298
1888 1053
1957 2597
1727 1797
3241 2183
1980 2909
2954 3496
1713 832
2443 3542
3409 3211
1792 19
1509 3945
2485 924
1959 3008
3430 1668
1786 3956
419 3581
2947 3781
2198 369
1420 720
2976 142
1446 3041
3120 2746
129 2764
803 201
1934 2349
3219 1645
3998 355
1388 3452
3268 388
3702 3213
3403 2393
3991 1023
1921 3232
1249 158
1223 1997
2175 3363
2139 3040
614 3133
60 3993
278 2972
3125 2998
2330 3389
1747 2632
1495 3919
2677 1218
2803 245
346 1118
2879 978
653 3468
1662 2959
2099 3809
1034 1026
3058 3097
3966 3869
546 263
3856 147
444 902
2523 383
2992 2950
3741 413
3038 3714
2496 3980
1083 2840
1618 427
33 977
3939 1671
2538 60
567 3564
2124 2022
655 421
2523 681
3194 246
2120 2767
1452 3692
1144 2793
2894 1572
1182 2938
1192 858
186 100
1376 3156
3111 286
156 1529
1064 736
2479 3543
2562 746
2110 2647
2081 2981
2639 1804
3673 1757
792 494
75 3537
256 2845
2571 3188
571 1861
3965 3384
1264 941
2887 2065
2056 2904
3610 208
2016 2164
2858 1723
3525 3116
1854 1754
3757 3201
733 283
3779 706
1172 832
2670 194
2270 3374
2572 1766
1893 2134
925 2845
1633 3968
1155 58
501 2582
71 2034
533 178
470 1587
205 3262
3269 2687
3329 2428
2349 2185
1608 1280
251 483
3134 1694
544 2617
2181 2944
1886 359
2973 2780
2317 1028
3152 459
2383 882
3663 1906
1876 2280
2596 2733
2056 729
277 696
1068 2647
1795 1932
22 385
2230 3658
1430 397
3369 2253
3061 793
2502 3643
1952 1555
2998 1738
820 3018
1396 105
3309 3460
328 3087
1182 571
1417 2608
1676 342
1849 293
2724 2697
347 1815
148 3120
1535 3039
3741 2091
2172 1200
374 3025
2647 3057
2484 3514
1487 592
3750 3760
2249 3606
1700 565
1995 2101
2546 2774
960 2462
2688 2992
1280 3133
1829 3504
1710 3206
636 2993
2892 643
1340 24
381 2275
2295 592
2991 2535
2822 1169
1350 1915
2592 2946
1783 1691
3828 2191
2815 3764
1128 28
2083 140
86 2459
1516 2219
295 3574
2802 1201
2090 3966
2971 729
1103 39
680 3726
641 1545
3440 3177
2661 3219
502 681
456 1424
2025 24
1319 422
2117 2038
2283 3584
3080 1225
2927 799
248 315
2250 2441
1868 1027
3152 883
1432 1772
2827 3037
1639 3955
2066 2229
77 1115
3958 2757
1616 2098
3458 2158
3892 2875
1222 2696
2155 761
1251 1954
1178 585
662 3940
160 479
418 3700
3151 3575
2029 882
433 1234
2858 1674
1739 2740
3036 1439
2072 315
720 1650
922 3582
441 339
3531 3119
2706 2764
1500 573
1187 1044
1712 1819
3119 2805
3015 3781
1884 380
3498 2962
2909 1918
1479 1065
238 611
1332 2235
3208 3058
258 1362
2279 3809
198 3444
2046 524
1767 1511
143 3584
1372 1192
3160 3594
3260 914
2610 3641
3736 1725
1699 1315
2334 1247
3032 1679
299 3979
2139 2988
494 1584
3929 783
2265 2268
226 3266
2252 2259
2508 2453
3754 2670
344 539
1272 2369
1763 2977
3019 2284
3523 1363
1457 3713
2601 3039
3093 2153
969 1470
3383 1495
3440 1636
1428 3364
1398 509
3536 2085
3042 3398
1486 894
1224 2380
2205 1141
1345 2170
1913 1334
1070 697
3959 3702
1830 3983
1273 2338
3916 134
3418 490
3695 144
3219 3807
861 3182
1330 1992
2205 3131
3616 3521
3961 3690
3865 2577
3030 3080
1305 698
1125 3567
2739 419
2420 291
259 2920
2306 883
3921 1952
891 1790
837 3846
1272 1234
2385 704
1041 2850
1463 339
3153 2182
2420 3540
1512 2190
3018 3833
2514 2935
3302 3448
2060 985
3776 2624
1773 2129
3550 2744
492 2464
671 2570
3631 170
3989 3057
49 564
3933 3309
439 1529
1050 558
199 872
3769 862
2696 974
3394 491
3064 485
307 837
2883 2502
601 3356
1259 2944
3060 983
2641 2999
3657 2680
1563 2704
1096 714
3289 831
787 3807
886 2218
3081 3216
69 1118
24 1421
166 2623
3643 3035
2941 152
3808 300
855 1752
1499 3249
3995 552
885 3876
3372 688
2995 1249
656 2908
3786 458
1414 3936
637 1263
3694 3232
2721 373
3401 1825
1029 589
1650 1637
641 617
1347 1449
265 38
1651 3776
3838 164
38 1320
2057 2546
1725 2396
2933 1570
1226 961
2690 318
775 175
1951 372
1958 871
3089 2807
3920 3196
2856 3911
2097 783
2565 3523
3574 2895
701 79
1329 2914
244 3599
976 2674
3938 1398
3987 1335
1374 447
2506 2966
1810 449
2863 1229
2175 1736
2069 1574
964 1075
1191 2323
3994 759
1463 1399
1957 2739
3676 1102
1983 1407
1950 3977
2709 1400
2083 2708
1545 3190
1557 1682
202 1289
2406 1766
2657 3239
647 3819
635 1510
3936 1955
476 2958
3532 302
3227 3757
2797 1665
2546 512
1590 3591
1623 1477
3800 228
2865 1571
1246 2421
3553 601
1126 1462
563 3766
1781 2638
3076 2923
1009 1383
2280 3168
3345 1363
2988 871
263 1924
301 190
981 1680
2069 3217
1676 391
2675 562
1576 3294
3331 2935
3992 3952
1060 1102
3264 280
3088 3520
3428 3715
331 3861
3647 3546
1139 2795
2739 2081
2672 2111
251 3089
1050 4000
2330 2008
2128 1873
1600 3847
1746 3655
971 1857
3140 2377
1564 73
522 3200
1816 495
3914 1507
3719 2097
1899 1264
3012 2628
175 1225
3358 492
554 1349
1766 3211
3561 1001
3628 2997
3358 760
3228 3715
3226 2510
146 536
1655 2719
2800 3722
2368 555
824 1415
2116 2975
2718 2486
1252 1300
3177 1235
2208 3469
1745 3712
248 948
222 1864
1329 2294
3133 3277
2635 495
1817 590
3115 2239
207 2940
496 3154
2249 3763
1766 3482
2325 1573
2564 2407
3903 2971
1064 1892
1452 3139
1424 1072
57 2229
1935 1946
1149 3978
986 401
2256 3675
2830 538
899 482
3135 1349
3996 2120
3959 2305
3559 1713
557 2779
2900 422
3259 1514
2622 1053
1106 2649
601 1927
3541 2681
233 1528
559 1028
1506 2520
2937 2151
3842 2567
3647 3045
3864 1750
3222 3388
277 1592
3309 2738
58 365
3109 424
315 503
2561 386
594 2508
1530 1516
3633 1224
1644 2994
2213 343
2218 3635
826 3539
2768 1803
572 2365
3812 3574
3969 1952
811 1722
1220 1996
1309 1342
2176 3813
80 3252
3408 1657
3494 679
629 3130
926 3428
2111 1604
1689 2599
2122 2749
2580 2688
1316 2449
1983 2909
1008 3784
2345 1933
813 2174
2693 2361
1532 52
3671 827
2678 3568
2893 3939
2936 1505
3396 3076
2555 1853
92 845
1335 314
3129 592
1706 592
2590 739
41 1592
2669 3243
474 148
87 1008
2079 2852
354 2938
349 3992
612 2666
2932 3156
1888 3330
1320 604
2133 2259
3439 518
3133 2492
9 3826
1153 834
2135 1935
2968 3587
3905 1050
355 1046
2706 1668
638 218
2364 1754
1997 3864
3300 208
1524 3686
841 415
1178 2249
1801 284
2561 1283
131 155
1982 1485
3081 3186
826 3857
2462 1045
1012 3836
2542 2803
224 1564
1744 2058
923 2389
513 2915
3842 2285
997 2253
230 1673
375 2144
2910 195
495 1487
247 1618
1651 2589
1044 1087
1160 3574
746 1415
2676 3404
1209 1745
3131 3092
1299 2083
2877 3691
1699 1182
1080 2335
3281 3445
2089 2432
3373 191
1273 1100
3138 3129
496 2078
801 2808
719 2847
2852 3354
3375 3027
107 1886
1625 3384
2230 3095
2417 431
3562 991
1148 92
465 2393
2373 243
390 1480
230 2719
865 622
2455 405
1774 3408
2750 1047
3705 2339
118 1945
2127 2646
2036 512
339 317
2962 1634
3309 152
3163 188
3617 2442
3440 781
3587 2457
2760 736
3901 906
142 1977
3052 1923
3306 1437
567 1457
185 3050
540 409
2964 1262
2921 1399
1456 596
2652 986
3659 2171
2907 1026
473 2505
59 1052
595 3253
991 3625
2320 2347
1730 415
2526 3829
1797 2481
611 95
1314 2099
1807 3617
2001 3732
1326 249
1729 830
1551 1590
771 630
701 3504
2062 1226
282 410
2543 2249
2681 47
875 3731
189 2990
2014 3179
1901 2058
3559 271
2086 2865
2843 3765
688 3042
2002 2252
151 173
3441 3414
1400 343
396 948
1386 1121
231 401
395 1488
851 2641
1665 1025
2155 3802
210 2192
2884 219
3782 1847
613 335
2768 2935
2388 3200
2061 1694
3382 3985
3143 2938
3683 3317
3154 2282
940 1104
2493 3630
3415 770
1926 1445
2325 9
3472 2599
741 1618
1644 399
2959 215
935 1684
1821 2770
3210 3001
1780 3700
2884 3766
2122 3619
3626 703
56 2706
47 3022
1688 3879
2977 2312
2108 53
3560 3147
3932 2861
3 2664
1939 3823
3665 2856
2743 937
1733 1079
2447 857
1141 2854
2502 1999
506 2685
438 2258
2094 1716
1969 51
2345 1570
2873 3826
2909 1913
1755 545
3077 1405
3734 3227
2681 1052
1397 391
1511 2764
3201 258
2184 652
1687 2469
1996 3221
2523 726
123 1184
44 2133
3127 2004
175 3457
3177 2386
2332 194
12 3230
1969 2620
864 2869
2116 2395
3299 629
2805 1236
2548 1013
1224 2519
2794 792
1357 902
1950 3883
80 2777
2105 3356
735 1233
3380 2701
1945 1131
3090 1558
2194 2248
3745 3324
3198 343
1490 2685
2915 1944
3549 3936
758 160
2017 1289
2855 2338
42 3535
3036 1719
241 2782
3090 536
3040 2649
3037 2305
2768 1315
1473 174
1978 98
627 7
2238 2440
3483 3110
3930 2540
1080 2389
1427 3783
3811 2520
2872 2722
2464 711
152 2472
2961 3857
3917 848
2982 3445
2120 1431
489 110
1498 1250
2013 1898
682 162
3325 2097
3787 3495
3279 793
3300 2030
2764 608
1868 1719
3673 3905
1932 1833
2332 768
850 296
1906 2421
1838 1847
2532 1922
598 1302
3150 645
460 319
1600 3267
3446 241
3547 887
2017 3584
1852 2298
1024 508
2640 3534
3038 761
1805 357
1798 3629
2383 2102
2875 1120
2951 3646
1730 901
353 2647
3537 568
132 115
3985 2004
1402 415
3957 1561
2086 2813
458 2560
320 2497
3699 3304
3982 262
3471 1600
3562 2042
1188 2116
2604 2762
2697 2914
641 2434
1935 3397
186 1579
2221 3168
1321 3886
1844 1136
2020 3734
3585 1440
3570 1360
2935 3792
1093 3651
3498 1109
3290 3194
2599 2863
1940 94
3325 1081
2861 1366
3030 3569
2055 3653
3300 1338
2123 2052
933 175
3244 3851
1953 1248
1681 1672
1252 1242
2899 814
1467 720
2443 3456
2744 138
2025 710
3451 2964
401 2991
3761 2452
3867 2067
1034 260
1940 844
2934 3630
1190 968
2878 1058
1860 2429
1690 1771
1540 2597
3721 3582
3899 854
2287 1318
3502 3114
3533 1188
77 865
1488 1809
726 2763
3781 112
1545 3668
2716 804
107 1523
2881 1976
689 3328
2897 1724
2784 1620
564 1633
1797 2937
831 2777
2065 1127
2095 2531
1110 3130
312 1675
2053 3813
2440 2400
2628 1392
3406 2216
3709 2221
2091 1044
3106 2095
3036 2207
1524 1346
2849 3464
3937 1674
563 1252
1602 974
118 3997
3009 3956
1756 524
628 203
371 1892
516 854
1571 2759
2698 2776
1388 1037
3718 2294
3473 701
1148 694
40 3752
350 225
524 3160
4000 3631
575 314
1801 1183
3386 2794
684 340
1942 2330
2011 1160
284 524
1228 141
511 3289
2047 3812
278 414
2676 923
2937 3136
3112 3327
1947 1652
2568 3692
1496 2725
2156 3120
3208 1594
655 3717
2135 2414
2426 1783
173 9
2486 3831
3007 3691
762 1232
1866 2612
744 2071
1566 27
3345 2537
53 2375
2428 3578
1432 3141
1368 1801
1396 3044
2805 3217
2567 3830
1566 3541
622 3177
2028 773
2090 2755
1360 3742
2340 166
3110 3593
2210 1045
2514 3293
2074 2626
2206 2886
1088 104
2931 3891
3577 2533
3318 2697
3178 952
2276 2987
1851 2189
1000 3985
697 1710
3696 3113
133 607
3524 2520
1705 687
3065 518
1636 2487
730 2066
2208 425
480 2570
1074 1673
961 524
3989 1150
1923 1841
2637 2722
197 97
3940 1513
2275 1414
3202 3724
1349 1341
153 3404
3075 2527
1420 6
1667 2437
3253 920
3944 1165
2639 2078
2373 633
40 3534
711 3310
3260 502
756 3972
3220 1055
251 2364
3620 2460
3487 3002
3279 1912
869 1082
2533 2705
942 3919
512 1018
1192 2806
3501 3192
3479 1207
1701 1791
2726 661
1221 427
826 3357
2663 2667
1280 1507
3154 1238
2680 1309
3651 3786
2232 2766
3785 530
2271 3859
3433 1340
175 2098
2621 3987
1951 731
3919 1275
3821 3823
1032 3001
1163 1087
1822 2350
1268 2135
1974 2129
2306 1487
3778 2125
3826 2850
2054 142
2576 793
287 3976
1274 2953
3978 992
108 2792
3224 233
327 761
2600 3827
704 452
1926 123
1035 2875
2468 247
160 3248
555 1495
2279 1248
125 2468
109 2625
2377 1718
257 1220
970 2285
1046 1553
726 3843
1644 2539
3464 1116
109 1430
1849 1140
2757 2565
811 881
1847 2193
1620 1408
1979 2803
3712 3580
1224 1468
1739 1740
3310 3967
3471 1775
693 1456
2378 3736
912 1070
2895 3689
2009 3120
3817 331
2279 1985
2351 578
3808 1679
1670 1287
3499 3781
2523 1606
2288 3381
2244 771
319 3691
2607 1939
867 954
2285 3207
796 2766
3458 2524
2418 2269
3768 1375
759 3834
185 3163
2987 2204
997 541
1693 2270
1939 872
594 3139
1472 1353
1204 3844
3735 1523
2406 830
1414 947
1383 747
1513 1064
3628 1764
2226 3735
3108 3375
2957 1260
3936 3068
3947 191
3280 3449
404 3199
1260 1014
2088 3438
1062 1457
3987 2828
3620 1505
3024 347
3135 1859
1892 873
1468 3986
1601 3731
3080 3165
2801 2825
2494 611
3276 1403
1388 166
2479 3108
886 2594
2836 1130
3790 1640
3580 1946
2446 855
183 1627
3321 3751
3623 851
1685 3866
64 602
406 26
1960 560
2210 1736
1110 1707
3755 343
1885 1408
2449 1180
638 2238
424 229
1876 547
851 2214
3254 1087
2871 150
1747 2335
685 574
1417 86
1515 2672
684 133
131 3202
2001 2887
928 3237
1351 2404
1707 2498
558 735
1101 3647
919 1183
1473 3177
823 738
1985 46
3757 423
1514 507
962 872
3649 2290
3626 3773
1246 1627
2300 399
3614 3323
1548 2152
2138 3445
3971 1664
1401 1312
3768 2827
443 2053
3489 1254
938 3838
1643 2847
280 1744
620 950
137 1776
105 102
2250 380
3963 3143
977 3567
3057 3185
856 2451
1635 2286
616 1815
3860 1121
3632 2395
147 3083
2723 1665
1383 2270
1665 2745
201 3821
990 3671
3417 2316
700 3948
1897 3673
1728 770
3260 3643
1390 2243
3853 3426
1774 3119
1558 2347
3154 556
3816 2120
1518 560
2218 2524
120 1030
3028 2962
44 50
607 1826
677 3454
1980 1430
2749 2631
236 3355
3924 2600
2884 1384
2982 2673
2782 2758
997 3802
2340 2358
2758 2145
661 214
3030 1545
1595 437
2377 1429
1104 3558
95 1516
3784 1015
3842 1662
3073 2805
1777 1844
2242 399
2314 1561
483 2966
3795 2529
2556 2934
2173 2935
2901 3319
272 369
306 2657
902 1380
1862 3284
307 2557
2217 2426
3742 3768
2566 1947
423 2877
61 2541
2185 2362
922 3399
2484 139
1177 2243
1916 1250
3210 1345
566 2528
1088 2318
3491 3562
2981 1134
851 2355
624 3430
73 1782
1008 3758
127 384
2267 3413
2152 3417
3802 1805
1347 152
363 4
1889 1827
1403 1660
1526 135
3629 978
429 217
1628 913
2239 3415
2394 2970
967 1283
2533 1596
3293 2125
1559 3450
3597 429
3117 3451
2122 1153
234 3769
3367 3373
2752 930
3528 1052
730 2266
2340 812
2977 2509
3367 3122
164 427
1837 1314
3868 50
452 2
1819 1820
1827 782
3312 2506
3193 2137
1446 3617
3305 2464
2001 3588
778 2663
2288 2932
1193 2726
742 2780
1410 1188
1308 263
1936 917
812 380
1944 3007
3986 3184
1414 3312
3406 2489
358 3132
1298 1895
3406 2168
2926 2812
2900 886
137 607
313 2333
3764 2518
2077 3013
3995 1286
3529 2320
1320 3698
2385 2269
2452 3535
3921 165
2456 690
2136 2928
2812 1626
1113 1988
2675 446
2936 746
1227 3723
1555 3101
2852 3086
346 1373
1831 3447
1662 12
1498 2475
129 37
3010 222
2964 3268
979 3943
1865 2769
2320 3283
2348 154
1857 2480
63 1823
2540 1912
3169 2013
3773 1512
1085 3698
2755 899
714 1431
1646 3453
2201 1410
1777 1981
2993 3425
1510 3726
2772 831
2689 3483
276 250
1583 3951
505 2833
1128 2029
339 1692
660 1859
2494 1249
1705 3566
1125 1904
368 3965
1693 43
3340 2674
887 1650
1228 2419
3246 1398
1817 188
1822 3145
1143 2117
2128 3724
879 638
3513 3067
2413 614
188 428
1332 3679
3905 2419
1050 1269
3436 2452
755 1699
1295 3662
628 2787
1577 689
3457 3559
112 814
924 2472
2443 2366
1222 3395
3819 161
1518 1502
567 2882
3881 2358
2605 3222
2155 1440
3433 2786
2327 1354
2532 1176
2758 2346
861 496
2864 2238
3159 1947
3682 1037
2509 3136
3304 2296
727 1288
358 1454
605 389
3478 2526
2803 2246
1117 841
566 3137
2760 2795
3508 2779
2511 2262
360 1664
2241 1632
2558 1244
2210 3405
1514 761
1704 2362
1311 1765
3760 389
3439 472
2133 535
2236 1098
2518 2192
3477 3441
3321 1414
2230 3759
1355 2755
3289 457
3124 3575
2594 2368
3814 387
2841 122
963 170
3774 968
3232 444
1405 1439
48 3790
3582 3466
1278 574
3572 3528
2682 3084
1505 2570
1695 1593
2142 2773
1118 2718
2955 1231
945 1361
2310 2622
2821 1091
1031 2833
2263 3239
3290 2232
1287 3334
1644 1488
393 888
1577 3577
2612 202
1957 2842
1448 3414
3170 3313
962 2184
2884 2163
1525 1654
1809 3654
3396 2222
2246 275
372 1880
3295 1099
2012 3794
2162 1760
1524 3720
629 1127
949 1308
3507 3648
698 1906
3034 525
2880 3898
2096 690
3546 3943
1761 1122
1614 760
2632 44
3968 2083
1508 2129
1483 1424
3797 3898
2963 1897
416 3662
842 3430
975 2127
3947 2436
452 725
1480 725
345 3037
1732 1765
3163 361
829 97
1046 235
82 3617
821 3771
2776 673
2420 2275
563 3258
2330 777
3371 618
3341 2395
1888 3148
2267 3886
113 965
2951 1391
2426 2626
91 3564
810 3486
3805 1268
3687 603
255 1389
3785 1015
66 3448
1978 740
683 1399
3052 1042
2620 672
1404 2667
771 2578
3982 965
1105 3010
2794 1587
30 2659
1317 1856
1045 2566
543 2996
2218 1343
740 83
223 3946
520 390
1533 3725
3759 3790
224 213
2468 1491
620 3394
537 244
1747 1772
3206 3269
3381 3688
384 1791
111 949
2118 1009
2157 2885
3497 1885
335 476
802 2865
2095 2482
840 3603
3209 3361
377 2024
646 1548
1227 1606
2603 3647
2113 3573
3779 2867
1551 2416
2779 2106
3394 1937
2382 3502
1362 3391
281 119
821 1016
3284 2810
552 2750
498 2231
1594 1865
338 3526
1778 2564
376 3133
1021 2462
599 2883
1380 2983
3685 1767
167 2490
2372 57
3520 3006
953 3854
2231 912
388 2463
3560 3782
2943 2139
798 1131
167 3939
1721 3188
509 2954
2549 3508
1149 2765
1891 560
2889 572
2370 2733
438 3443
2608 2084
3359 3593
1948 2567
1527 942
663 1048
3652 2860
3074 3845
177 2460
3432 473
3854 3996
2659 2670
1716 3468
2364 3598
2308 1954
3154 1065
3822 3174
199 1296
1586 735
2058 2045
2118 3684
2627 2932
196 3429
2028 955
2379 1404
784 679
1640 1564
1049 57
2283 329
805 985
517 2737
1380 2933
133 1822
3929 2428
201 709
2960 2438
1841 3790
3465 3345
2357 2096
1445 2690
3068 2409
415 3957
2380 1017
3258 3338
1059 3705
57 1345
3094 2448
3147 2353
3265 424
3932 3142
2505 809
1364 3209
2612 1916
3409 2622
3718 435
293 3829
847 3989
1487 2023
330 448
3830 2838
817 1905
1953 1291
3857 3690
2660 1825
1936 2596
3060 2730
1507 3003
2681 825
281 953
1622 2243
835 517
3247 41
74 2877
1135 1869
2033 626
3970 2320
254 343
869 2796
1501 3932
3732 1204
2874 1395
3524 2761
3968 2605
882 3956
3895 3922
666 1418
2338 2168
1466 1763
838 3439
1265 2168
993 823
3877 561
1740 129
3581 1628
406 628
3048 1670
1293 1501
3263 2152
469 1468
1698 1062
2393 1712
1744 597
3709 1917
2484 1647
752 3290
1948 548
411 3656
3199 3796
481 685
403 741
2235 3149
2310 14
1726 3036
3405 3934
508 1485
88 3160
1714 260
123 1499
620 1373
2544 413
2621 1794
2202 2002
1546 2330
1483 648
2771 1825
2347 1520
757 1009
1231 3141
2107 6
3235 380
1210 2268
1740 356
3302 396
3902 3595
3046 2984
1755 3548
3405 444
1784 3692
800 3050
1601 2981
1760 3761
3244 3882
2973 3792
1996 1560
3595 126
2724 1332
1449 1630
1971 1338
1814 1907
1812 3149
1188 1649
2727 229
1893 3669
2876 1695
282 3331
2177 1848
1951 2189
3090 362
3247 2227
278 2212
3639 3534
2465 3876
1481 839
3470 2224
1519 1813
2174 1551
2500 3072
2184 2126
1781 3203
1006 2284
1572 3661
3753 3714
2359 1394
2547 2598
907 2076
955 848
2274 2038
2801 3301
665 3680
3519 3735
569 493
4000 1186
3019 1514
2712 3912
3529 663
2999 2674
3373 2077
1377 3034
2747 1063
3592 3385
2408 3350
3743 3478
3307 2445
464 1604
1585 880
1492 3804
1299 2946
3031 1324
2005 1098
783 2443
1442 553
3045 1735
2186 1686
2995 2131
3625 466
1139 3043
3429 398
2887 8
3455 3757
1191 2649
3423 92
2392 1855
1350 3282
1715 2454
2170 1686
1868 1638
3949 2058
3166 2399
78 2245
196 3521
479 3648
2832 517
1720 766
2513 2462
3495 1173
1251 1970
409 3827
2940 576
3734 3644
3548 2197
1694 3021
1538 901
1033 3615
140 3548
3254 3613
454 271
3261 2373
2665 3625
577 2103
3553 221
2055 3264
572 3097
2016 1567
1908 1325
3442 474
3265 3470
1834 446
488 3547
3711 260
3172 3930
3047 625
114 687
3235 3401
192 1072
2549 2392
432 1806
2956 3719
3102 1487
490 3964
762 3243
1621 74
2918 2839
464 2889
1595 3048
3504 3412
352 2688
1618 417
3443 397
3511 1352
2717 1989
2936 946
267 2839
3487 1432
3213 3567
438 2103
2210 304
444 3105
1971 876
2932 584
1728 1367
3928 541
1251 3537
1890 1543
2254 1898
666 229
3777 3123
3126 2773
2334 93
2231 1568
2321 3661
2799 2690
593 3858
445 578
2241 2619
1092 2989
1644 2826
2124 3137
2538 2437
3340 1409
2521 1414
2808 496
3207 528
1754 1441
1938 2568
3583 3689
930 237
3607 487
2611 3608
1487 1697
499 1031
453 3075
3771 1620
2780 1509
1100 5
138 696
712 795
2268 1465
3356 1615
212 529
2032 3674
1574 2702
285 3251
2953 2545
1860 283
2656 1636
509 1834
1516 1696
738 2628
3029 3575
2048 1517
2532 22
1241 258
2953 1304
3714 566
1464 1836
1876 3272
3605 3228
3952 2044
1474 1962
3226 2579
2957 1967
1810 491
717 2656
1974 651
215 408
3245 1215
774 3329
1030 657
225 2169
3825 3798
3158 975
3652 117
3736 150
1033 1525
3889 1092
815 2833
3324 1178
1057 3266
665 886
1503 2513
3104 1612
321 2763
1602 431
3185 2015
3534 374
1067 1520
2521 668
439 1338
498 1261
263 508
2213 3276
3228 2070
548 3980
2831 136
708 3935
2729 3234
2382 1733
397 780
279 1143
3545 3668
1653 3575
1867 3087
2233 2550
3866 615
789 119
3169 2729
1352 1738
2629 2370
2559 1820
580 617
806 792
3081 1575
3115 17
3207 3384
2930 2763
3918 1322
1453 2981
477 319
3615 1263
1365 369
2396 262
2516 2852
2650 3378
2511 275
2815 297
2333 2174
97 1699
96 3037
925 2075
931 2672
3656 1297
319 3820
1184 3634
3199 2811
1690 1611
1074 1137
2390 3775
3650 878
3728 2200
2264 3449
293 727
2541 91
1759 2559
3039 2823
3033 184
3528 2277
1162 3488
222 1180
647 279
306 3589
3518 3886
3959 1842
3640 991
1603 1976
2271 3699
354 2527
3274 2840
2859 2085
3655 3274
73 3837
945 2651
3419 3527
3655 3308
3494 2853
3798 300
1484 2665
1003 281
2769 322
2165 2027
1578 2915
3659 1712
2880 1975
859 3992
2500 3339
376 2790
1294 3685
2522 657
242 755
785 1583
3539 3950
827 839
3768 1303
59 3870
3852 2665
3684 2234
486 3031
95 3434
1370 3689
2734 1088
1910 253
1479 894
1998 3176
716 3200
1124 1016
3337 3278
3503 3565
3882 3859
288 428
2859 2568
1809 3888
14 1156
434 1109
1476 1455
3802 936
3954 3900
429 2450
944 3808
2391 2490
3635 2048
3739 894
656 1661
3332 3652
472 891
2635 3315
3414 3666
3894 600
3547 1661
103 1083
3553 1406
3458 2698
2703 3748
253 3548
973 1069
2354 2091
3066 3829
2896 2926
1025 1629
2794 3725
903 2029
3145 1142
504 2296
3498 3863
3630 3505
3321 2377
3485 3370
1797 2093
1504 2587
3793 660
21 1648
1220 3079
157 2446
1949 3506
3507 1078
510 1704
2064 1224
2800 2547
3163 2618
3218 3645
994 32
867 1588
3116 235
1536 1559
2302 2715
3223 1370
788 1054
3902 3322
413 89
2536 1466
3259 1492
2520 1799
2735 3848
451 312
2199 3103
1195 2760
250 1424
3123 87
3205 3746
1499 676
2006 173
1748 854
8 2701
2126 1073
334 388
3082 3906
3840 3730
266 3012
414 2007
3273 956
3708 440
800 958
3636 1683
1522 3480
753 800
1554 1490
3313 1435
1443 3746
881 1079
2638 531
380 534
2187 3849
3316 1410
468 769
2503 14
484 1871
905 1478
598 556
3728 2825
3944 2304
1559 2550
3579 1068
2827 3014
1090 2019
370 1904
834 1111
2082 3197
1229 1387
1668 1230
906 330
1348 809
934 965
3333 1582
1869 3197
2150 3112
3761 3319
3040 633
2845 1870
99 2450
1737 2145
1683 1979
351 1451
3057 2753
2974 1005
380 3229
3488 1613
3179 2729
3178 1040
895 92
2619 1147
2753 1658
2786 3762
2199 1185
3907 274
3515 1492
1023 2635
3890 288
2785 1162
3002 1972
3013 1437
1932 2671
1840 801
2514 394
2045 649
3852 2196
2293 965
3791 2010
1969 1384
3099 1799
2980 3823
3622 1512
727 1597
1897 1199
3510 2036
3174 2987
1181 326
119 1239
3665 1167
3300 3078
3517 3687
1013 2254
2237 1013
3966 3082
459 907
3517 2827
3848 1133
2005 3806
23 3968
296 1338
2036 289
639 2341
3336 3524
3977 896
2962 822
614 3055
3165 3238
1756 316
3664 2807
3080 639
3729 3813
853 2045
3573 533
2491 3724
2069 270
2063 1800
1635 2255
376 1135
680 324
544 3062
911 2553
1613 169
378 3017
3878 2211
1993 3309
910 569
759 1198
3466 2290
2581 401
956 16
76 2891
1292 2418
523 1631
3619 2461
1438 572
3051 2007
3175 2279
3378 2917
3352 3498
134 1313
2293 3493
458 1381
3551 199
2167 3133
3839 2176
1010 1217
3803 2935
1318 3943
1856 2564
2602 807
1841 2432
3789 2544
2613 272
2771 1359
1940 2730
1900 2357
3543 1264
2070 402
2108 2936
205 1361
3494 1450
893 2754
446 2225
2662 2569
3620 3203
351 2050
3470 3118
2367 3499
895 644
866 157
2040 3218
891 367
232 3052
964 3742
3791 2183
1261 3522
886 1550
2040 400
1989 3097
3047 923
2766 70
3 897
3005 2897
232 521
843 2512
2675 2913
2442 3447
3526 1162
2283 707
3558 1208
3980 407
2114 1702
2820 242
3557 1015
180 637
668 3362
2897 3821
2534 1662
2591 2198
1253 648
3039 264
1056 339
908 1305
2175 195
3379 3580
2835 1011
2896 1323
1661 83
1981 2810
3822 3526
3064 2059
455 151
3550 3333
1759 3344
2655 1907
2593 3731
3400 2829
3705 1746
3678 1631
1130 2477
1277 2337
683 1061
3149 2251
1904 2425
2847 3311
916 36
2648 2813
1501 2303
3690 3462
2387 889
2299 2087
1245 2868
1 2704
3613 2211
3274 244
3459 3238
2655 2149
3624 2736
1271 117
3862 2558
2985 1025
2584 3048
3927 3763
1054 9
700 473
489 2427
1377 2818
1553 581
3909 606
3773 3681
2121 3908
3338 779
2257 1606
1986 1255
884 3734
3117 3301
2775 3174
340 1647
1437 3871
3016 3646
3326 1426
1083 1354
2030 2488
80 745
438 1005
2960 3073
1371 522
981 987
3458 333
1781 732
33 2336
1869 1663
2846 1874
1050 3748
2798 515
1344 1445
3270 2896
3716 1831
1995 3771
3100 1237
2967 2547
115 1981
2360 3475
3604 809
1013 2837
2873 1565
3727 914
3954 2647
2702 797
1929 2842
1611 1587
1423 3415
3530 1043
307 311
1002 2166
1443 1579
2495 2100
864 1423
1594 1541
3436 3974
1544 817
1768 3454
3320 918
1356 1415
642 2834
3707 3782
1333 2528
3714 1808
3017 2878
2986 3842
3055 3085
3738 192
3368 716
1825 3484
767 2344
2381 1014
2990 984
2990 3912
1833 3770
501 2447
2431 1585
2454 3588
785 1971
667 2621
3451 149
3008 3468
3544 3883
116 2153
622 2504
1331 205
606 2179
730 450
3255 2930
3618 3822
515 152
338 2289
487 1183
829 2788
26 2059
767 999
984 2905
2081 2322
345 172
1966 2981
3195 1230
1925 3332
1542 94
210 3287
2235 1560
1027 2324
3353 1313
1881 3322
551 298
1587 721
498 1569
981 1267
810 1539
411 3903
1617 2787
3161 448
3096 570
1373 1914
2398 3273
3429 426
3209 3566
1506 2650
2785 2031
1416 1310
2923 911
2919 3218
2663 1984
3155 692
2583 3667
1785 276
2639 3377
587 349
860 3807
4 2479
1216 81
2616 681
2707 74
1123 3608
144 1622
3371 3881
2761 3410
1930 1518
2034 3000
1628 2342
2501 2358
709 3660
1787 1663
567 207
3335 259
691 44
2104 559
1409 1580
863 3585
89 2049
1944 880
3678 2633
1174 2679
1034 3621
2444 2676
1872 1248
2624 2261
2957 1084
2433 3589
1339 2920
3460 1963
188 2898
857 2154
1642 986
3338 3069
2961 436
3926 1962
2563 2623
2686 3750
3988 481
3436 294
179 3981
255 1447
1861 2574
2731 1693
1915 572
1266 303
2309 591
2172 3232
1143 1213
1641 1140
336 2583
1677 1001
3257 1549
2371 434
3108 3355
3407 348
591 390
1275 2630
2298 3103
1000 463
1240 3529
2109 1843
2073 3623
2926 3492
2458 1708
2424 367
3627 650
612 2822
1203 3034
454 2376
1909 1811
1270 3326
2343 778
3879 1672
2982 2178
1635 2229
101 2326
2215 1411
3532 991
992 2080
1211 3445
2983 1020
106 624
368 2384
2180 3076
271 519
1328 3486
3055 1174
1322 841
957 1407
274 1114
1154 695
3685 890
3107 777
1891 1112
609 3422
3538 3618
3319 1973
3922 723
181 2904
357 1130
240 337
286 3592
918 1867
1752 3818
136 3714
197 1090
1875 3504
3700 1094
1389 564
3609 3646
711 1245
484 1673
1265 2430
1943 2473
3998 1845
542 3515
3693 3346
206 512
3390 2017
3628 1749
2742 40
2911 2114
2415 3046
3749 2924
3392 2649
3204 2391
1458 2717
2519 2397
2867 846
1491 187
1129 3695
3342 1429
1464 1578
2466 3772
1827 2123
322 3144
1678 761
1717 3924
85 105
3128 3164
1567 750
667 2439
3127 2551
3556 1150
2800 2109
3991 915
1132 707
626 110
340 1194
1116 3775
1460 3215
2527 292
1309 1379
3905 995
1347 2684
2144 427
2835 1682
2971 3370
1307 927
1567 2515
2952 604
532 1264
1559 763
3913 603
135 1167
724 2425
2344 1246
609 1794
1846 2149
1019 761
1076 914
1223 2552
3176 3987
1403 1788
1158 179
1439 1769
3738 892
2606 3192
2803 3984
1138 2650
3435 3590
981 1434
686 645
2035 3240
2447 1494
2260 3367
3586 264
1243 2646
1043 3758
3193 1482
1296 1581
2753 1107
3004 3476
2583 1200
1358 3213
1316 1556
2221 550
2978 2598
2228 764
1095 3124
1882 2261
2375 1161
3065 2636
2866 3263
2604 914
54 2434
1258 450
695 3129
3831 3509
1703 2618
1753 2172
3527 2517
694 900
120 654
352 310
3005 1459
1425 1702
1056 121
3551 3421
1179 2331
1991 1354
1121 3744
2312 1949
2423 7
2051 738
2039 1345
3261 1282
3456 2328
2230 1412
3745 3296
1607 1198
392 3555
3372 702
2819 3955
183 3756
3593 500
476 3810
3446 1789
996 967
1284 3426
1276 3212
2289 3490
3465 3023
399 1731
478 166
2793 479
1266 2547
1911 2739
1270 3674
2756 1511
1422 2608
1404 171
2037 619
2247 3760
2003 1159
1312 29
1979 939
2713 1470
1890 3815
379 2072
1004 369
2951 2311
3156 18
3968 659
2035 112
1189 3841
1471 2903
1774 2412
2363 3145
3856 2778
2743 2814
142 1711
932 2913
2653 724
3162 369
3411 3158
1922 1879
3677 3583
3189 1176
120 3850
2710 3600
366 1424
1890 478
3037 3285
674 1103
2234 640
1761 3250
1071 1001
3599 2143
1827 728
3095 3157
1134 3121
3872 1493
1038 2198
2840 678
655 833
1796 640
2902 1060
232 1385
1669 3265
2395 1378
367 1151
1624 1570
2372 1751
1482 3191
1396 2694
1492 1214
2471 695
2281 264
1051 3408
1327 2544
746 2692
1307 282
3799 2180
3801 3901
1386 526
3366 1397
2824 3882
1752 3885
2209 3540
985 3960
351 67
323 1719
2389 3100
2929 3762
2751 912
2906 2120
1152 3896
1433 1490
2960 3063
2634 94
1472 3322
3230 2411
128 1469
2649 582
1990 1431
1356 3611
2586 182
3908 3173
765 2783
461 3733
481 2732
2756 1941
20 3769
462 2478
1024 1931
1878 2831
173 3180
1119 3392
2329 3187
696 634
3962 3120
1476 3226
1550 1994
3563 1378
2168 2979
1552 987
2454 1793
1498 2668
1349 2530
1295 1562
2267 145
2916 1549
290 2145
3706 3938
3670 1573
2452 1659
1743 3762
2254 45
2660 3056
1591 2174
3365 2242
1257 1460
759 382
2073 2816
3398 252
3049 3348
606 3880
2864 1039
3298 1572
2969 3867
552 2948
2147 2508
1787 3701
2004 1779
325 2527
263 309
34 973
705 3822
3937 3070
2372 3884
382 3613
3480 404
3092 3001
1767 1121
1422 1627
294 2522
2061 88
1168 1655
1545 1397
2431 889
608 3909
3514 3266
2402 850
570 2965
1439 2760
457 2770
41 25
704 3410
3709 1521
3695 3023
754 3051
478 1026
1528 3622
3123 3631
1510 1283
974 2546
1873 2993
411 735
3260 994
1853 2512
761 1582
3626 3064
3216 3771
145 2241
1497 2531
3086 476
1428 2374
3593 1297
1362 2104
2865 1848
3891 1526
673 3693
1980 1922
734 1737
2942 1115
3954 3895
2126 916
981 2125
113 3348
1804 3794
3505 534
1469 2117
1498 2699
1426 321
2355 2166
1144 1394
1297 507
2634 1872
1159 1211
1172 93
3962 1584
626 1753
1293 2589
447 962
58 2207
3072 88
2260 468
2947 1834
1697 1161
1735 1131
2065 1581
1138 370
2768 383
3743 713
3788 26
1709 790
3496 3082
1559 3069
1372 2647
2004 987
149 1296
2655 1455
2080 3860
3224 3341
576 952
2672 3015
716 1530
2918 1260
539 242
918 1049
355 2984
1150 2669
1447 2365
2734 2320
3669 573
3362 1825
1080 1759
1884 3175
3981 2890
1453 3280
1656 2276
2973 3596
1894 8
3866 879
2561 2743
1433 1568
212 3768
487 1699
1989 1077
3621 813
2706 2231
3103 3127
34 2728
2491 663
966 2637
3385 2129
1420 1329
3986 4000
2272 2468
370 3720
2044 2199
168 3932
3278 411
201 2425
2018 2856
2464 161
198 304
136 2533
304 690
3926 1537
1987 1734
3234 3912
3958 3236
499 3522
819 3092
404 1048
467 3011
3938 2478
2368 893
1591 2578
7 327
803 2809
3046 2704
551 1148
1004 738
2623 2447
220 292
2856 3626
263 2497
3239 2743
3204 556
2290 3553
1702 3155
3058 1603
3674 1058
1678 665
3217 2024
677 2773
1132 2471
2234 1550
1529 1232
3250 865
3393 3552
1396 3463
1423 3292
3757 3978
36 880
3531 430
2775 1997
236 3803
3575 3379
451 2398
3093 2802
2504 2165
638 690
1842 1062
3279 1875
3438 3346
2217 246
79 3333
542 2473
1128 3758
3594 2198
3600 255
1647 2245
429 2253
1726 974
2427 1676
1506 2150
1415 190
1474 2072
209 3365
2500 3325
4 840
1597 130
2479 2824
2119 1344
812 3273
610 46
307 2371
858 3218
3813 3263
396 3030
1758 609
902 1681
3075 2514
1272 1409
2668 1541
3150 2599
234 1471
2766 1035
731 1250
2266 522
2594 925
1370 3560
2898 2719
2365 2695
1047 3221
1254 2651
3971 415
2972 799
3198 2805
1725 2788
3305 2731
832 1309
3741 1444
3951 972
698 1723
1779 3735
3814 1836
3642 416
3357 3805
1157 2177
1009 1468
813 1659
1191 345
495 1061
1870 1086
2595 1603
2888 74
1586 300
418 637
1504 1802
1922 2447
3347 364
1333 3630
2497 3223
2250 3209
2117 582
2737 3245
1 1545
1892 2088
2384 618
271 3092
3077 880
814 1001
3595 3969
2599 2823
639 1410
2797 1797
1606 766
3755 1495
3862 1266
3995 3630
2569 1707
435 791
2741 882
2611 2945
3396 2564
1707 1600
2347 1987
840 2594
490 2068
687 490
2154 2098
2853 1235
3285 1865
2222 3203
2115 3997
2537 2973
976 1799
3803 287
735 290
3780 462
1317 2887
2306 163
3403 3342
722 3977
3539 1674
224 480
1139 3934
1699 3008
2467 1239
2926 3866
18 2771
69 1778
297 364
1629 1681
2278 3604
1061 3504
2643 351
697 547
3141 3054
12 3507
1136 3389
3081 2105
2189 206
1698 508
433 2030
2411 255
2912 1409
1187 57
2358 3951
1373 3913
3676 314
3240 88
2844 2009
1744 2407
3658 3742
3590 1452
1290 2926
2759 910
1081 3957
31 1703
2184 2049
3383 341
406 2553
3576 1681
141 3063
2996 804
3641 3512
1336 2909
2858 2710
3532 741
1048 1650
2029 175
3968 26
1994 1424
326 1277
2995 3734
2613 971
2143 3620
899 2956
3412 1217
1005 1502
176 3801
2028 2123
1323 2543
1871 2435
1920 1167
3 1131
14 2569
2876 1638
1167 2646
1756 3481
2265 3751
3707 1572
245 1498
2125 1006
506 2377
3229 2022
325 886
1556 1695
870 2939
3652 3350
2764 2280
1427 292
1553 813
647 1673
2429 1563
2703 2078
2105 158
1060 1463
2966 2460
1926 766
2714 257
3793 1456
3555 217
2939 3754
1286 411
203 2787
1959 134
1418 3569
3205 2644
517 2492
3802 1020
430 3397
163 2889
2155 1955
254 2862
2846 1221
3200 3529
1880 2147
1519 1636
3225 3456
3167 3974
2927 3627
2725 1531
3363 3024
3739 189
3665 2115
1603 3941
2444 750
2130 2843
703 3661
2161 1571
1012 2286
39 573
1734 1280
3263 1101
3686 2911
546 849
1583 3326
2957 2333
3648 3462
654 2164
863 75
357 1241
407 1197
1614 2001
1410 1667
3843 3204
3054 1032
2036 2231
445 2785
2981 350
2756 910
1319 3416
3298 3502
35 36
49 1614
3255 2965
2072 2903
3945 588
204 131
2197 1546
3993 2316
3070 2732
3617 2392
2591 1539
1103 1072
3684 1302
3394 3466
1513 1374
573 239
1314 998
2498 1831
1847 2166
2026 3858
455 641
1619 286
1215 928
1244 1269
1635 742
2847 422
3199 3744
1541 3174
1389 2007
1109 2009
1582 3659
3288 2019
2773 126
2012 3488
3286 3063
1700 2060
1522 3771
1903 3107
3057 22
2057 2542
3568 303
3156 3843
822 3735
11 524
2745 3096
558 2835
1536 2409
1407 414
1404 188
875 1196
1342 862
3841 508
3786 1102
3647 373
839 498
3146 1843
1387 3868
3777 1882
3333 2943
2052 1506
1463 2233
650 711
2432 2013
3561 664
3949 618
1381 1467
2980 1646
1900 3460
2726 1450
3449 681
1925 1635
631 1894
3176 2778
717 166
1791 1732
1151 869
3230 265
1122 878
996 700
348 3534
470 1956
1130 3255
2625 1422
977 2286
1010 3624
523 1316
2480 3821
1649 2267
623 2054
2110 3931
1803 3029
437 1033
2417 2611
1351 1586
2313 3125
296 2057
1185 3739
1477 1835
1322 2072
1431 2224
393 2889
16 3015
1893 1020
388 2698
3713 3460
675 397
2157 933
3440 1314
244 3600
842 3722
843 1087
2633 3879
3809 902
1535 3944
961 1851
3812 17
1064 11
2199 237
306 3888
344 605
3908 674
151 2140
1820 629
2172 1472
2794 341
584 3946
2267 2682
3797 2948
3524 292
1616 1908
2212 1571
276 2462
552 508
496 1556
3424 1166
1227 2015
2983 2
3623 53
2724 2196
555 588
2454 1267
1099 3860
3247 3219
2721 3277
1195 3588
2180 276
561 725
1310 269
3110 2433
3663 192
2388 2419
3849 3229
657 3483
935 1683
2134 3686
3418 2327
3631 747
2370 3464
208 3688
3776 567
3836 280
2913 3882
992 3654
2404 958
42 2574
1166 380
2349 2797
1511 2596
338 3626
925 2175
719 1442
1558 397
3158 1568
3937 2538
1476 460
2743 3729
3700 314
520 1606
2751 3889
685 2882
2698 645
1035 95
1350 847
2711 521
3387 3700
222 2535
930 3192
3833 140
2526 940
636 1614
425 129
2025 1448
3527 1648
2873 3724
1271 237
2770 1498
1218 120
2628 2727
333 3431
1273 3715
2185 1938
2438 2957
3779 1957
301 3330
684 1738
2385 3478
1976 501
3028 1979
2030 899
1341 8
2304 3766
2835 1174
3221 46
652 3073
560 679
144 3248
2826 2483
2512 226
2509 3518
3055 1725
2317 1593
3785 3465
2406 3305
3835 3427
1383 1578
2002 3742
2078 2915
3024 1172
801 2067
3753 2114
3960 2926
3655 3514
419 2078
1757 147
1688 920
2763 3892
743 1455
1347 3653
2735 3144
1840 3875
3317 276
3296 3578
1204 2375
1731 271
3003 894
1941 860
1650 2715
3233 3949
2451 2788
856 1324
2651 2864
1551 1683
1429 1601
699 2034
2587 2622
1949 3891
724 2123
2086 1150
714 608
3699 78
2684 404
3417 2773
166 1628
3274 471
3283 396
3619 2552
1866 2202
1570 2266
3186 505
3529 1413
2696 429
3914 1933
1755 3504
701 2357
3375 3538
656 29
2333 1090
1711 1218
1078 1136
3737 1590
206 3539
193 3411
3101 404
378 993
328 2160
364 1155
1679 1958
2891 3189
2104 2122
2345 2311
1261 1853
752 1129
3121 2422
522 1096
2206 2672
1568 2154
1822 535
3847 431
2984 3729
2219 453
1202 3941
2783 1669
2421 1581
2987 537
3549 1363
2902 2821
535 364
2436 3219
10 270
8 1366
689 1885
3800 3878
214 2024
15 1750
759 344
2869 1265
2690 324
2851 2561
2747 2796
50 1808
1823 2659
3898 3895
2340 1620
1684 3231
2693 1832
3983 3272
86 3220
2485 932
428 1353
3781 2948
1117 2718
1850 3517
2709 3261
529 155
2466 2248
1409 2273
3892 2656
3405 2498
2320 2682
3516 3119
2568 3234
2461 168
73 3510
2255 2797
283 1144
653 3955
3236 3387
152 2538
983 1060
1325 2792
32 365
3486 3602
3122 1822
3826 849
2791 3872
2952 299
2220 3194
1194 265
3343 3340
3861 768
1357 92
2507 252
2557 3878
3528 3183
1687 368
1862 2646
156 1913
311 2593
824 9
2173 31
2575 3658
270 3190
1126 3131
1446 1342
1033 406
2761 1520
3183 3428
753 1739
1146 897
1095 2306
2245 672
915 2301
3547 1031
2232 429
289 3275
643 3019
3943 1883
2606 608
3276 2977
3984 3108
1402 3475
917 964
3190 677
3163 2930
3852 1523
1594 2819
1089 338
2160 3706
1352 2859
627 153
3282 233
585 1407
2682 2890
320 1564
1201 1672
2582 43
1750 2057
3181 3725
2178 1332
690 505
793 3020
2867 219
3979 215
2729 1673
1399 2791
273 3765
3609 2869
3095 1801
9 2152
3637 1892
2553 949
3020 1854
2915 1514
177 964
2123 112
339 2905
533 97
825 69
3629 2878
692 3999
226 1121
129 823
313 2878
513 342
800 258
2974 2312
710 278
3258 93
3044 1762
3691 2411
1408 3528
3815 987
98 1605
3082 2870
2462 3441
2276 3707
3410 1095
2043 2673
3080 831
1023 255
2811 1918
3203 1330
2614 597
3119 3307
2733 696
3904 1656
1380 2221
1074 1988
3043 2515
114 2678
3000 813
191 2443
2796 969
2312 2421
624 707
1661 3004
3265 3830
291 696
3488 182
466 2038
804 757
327 1341
2109 2638
2994 3196
3912 3471
2666 740
1181 1048
1841 2463
3825 1664
2326 2910
1425 695
615 2588
2112 730
2892 3378
2647 10
3718 2153
1746 3226
1216 2415
1838 1940
2785 1850
3338 3952
1975 3374
272 6
2168 1114
516 1610
2843 2277
232 3235
880 11
1264 2482
2570 446
3999 1202
3616 2190
3620 1247
3066 607
227 2021
3331 2920
3483 2543
3754 1089
3946 64
3473 3424
1190 659
2839 865
460 1371
1569 2959
80 2074
2730 1083
2836 3216
3073 3355
1537 1866
3895 3031
2695 2837
852 2362
3773 2163
2650 1356
1631 752
3858 3219
574 3663
937 3311
836 2907
505 2355
3398 1323
3790 2286
401 3559
532 1805
3633 1559
246 911
618 2544
2941 1665
1952 2392
792 664
2337 3795
2176 269
1279 2050
3313 394
280 846
938 2
3705 3245
2637 595
988 3828
2583 3586
2093 151
2658 314
3682 1481
2621 3821
1563 2830
1225 2975
1257 780
1752 3190
3917 1795
2420 493
1802 810
1527 422
354 3972
1990 3071
2407 3880
449 86
705 155
3672 2340
2170 1999
1732 2588
250 795
398 1236
2396 2756
2818 358
1098 3953
3932 3477
1954 286
266 2343
188 2306
1211 682
2450 1037
3120 3748
3867 1066
3004 3067
1459 606
2838 2698
1611 1452
1495 2032
2283 799
946 2758
846 3415
383 319
2156 1263
3071 1475
3881 2883
1141 1065
1231 2922
3157 1127
1451 1109
2405 3725
2771 3255
2645 3865
1270 3462
3920 3268
991 120
374 3698
1960 1071
776 3221
99 1153
2487 1154
127 3970
1007 1399
3537 3522
1521 447
3762 729
3289 678
2116 1913
3654 1905
2667 1949
3327 1716
110 2109
2871 3988
2748 3502
3373 3027
2140 2378
3312 3643
1305 1634
1883 1269
3673 3240
820 235
3580 3732
1918 253
93 3895
3315 3678
3563 3793
2736 719
2816 97
2765 2398
1393 292
395 3229
2007 3786
3794 3509
3037 3004
3579 438
1045 2296
3824 848
2878 1226
1309 144
2950 2733
2413 588
1624 3378
2949 659
183 24
197 3651
2367 414
614 106
1747 1941
2196 1323
323 3078
2423 1901
2925 3561
720 3857
1232 3514
1230 3195
3556 3599
2235 1541
3924 1501
2855 47
749 1710
3871 1287
3209 103
860 2179
2118 2335
3502 343
3455 3471
2776 1501
3650 2988
2820 3981
2514 3204
2928 2942
1237 2367
2875 1609
2379 899
421 1843
1014 124
1640 742
329 632
577 1959
2712 3838
2303 2153
3416 1758
2108 1380
1826 3595
3919 3728
1104 1426
3640 196
274 2009
119 2126
2901 66
1981 1389
1008 3497
20 3055
2990 3945
162 991
2353 2360
2807 3368
3108 797
1250 3086
1382 2252
422 2455
2644 1375
3404 772
3447 1946
3963 3006
337 1164
3293 2199
993 357
1667 3532
3201 1720
2866 1575
2687 137
2218 1338
305 351
190 505
57 904
2486 2399
3959 741
2142 1023
3523 394
1778 1918
3170 2169
1124 3207
1123 520
3007 1647
2092 398
564 2520
3257 3119
6 3129
1006 2726
1607 2983
1638 2325
2782 87
3310 3260
888 2984
2964 3920
2681 2464
1547 321
26 2155
1666 3890
2167 476
3370 2826
550 3345
926 1675
916 1699
210 3026
2381 1933
2301 1305
2014 3982
3366 2987
1771 3605
211 414
1082 3968
1982 3134
2445 3415
3610 682
911 2420
3703 1690
101 3977
1742 993
1509 736
2297 1693
815 700
1833 3855
2629 2032
2577 913
3132 1997
927 1225
2880 280
879 609
645 1380
1643 763
1858 1818
3179 1324
2016 1998
2676 1331
3155 746
3356 962
2849 3276
1283 659
1998 2533
826 1055
2321 3340
1566 2259
2215 496
2584 1088
132 2838
240 2735
458 621
3671 3161
3851 1196
3605 3900
2433 1194
1531 3452
3649 2860
1392 3661
2887 1119
2669 1076
2598 1859
2393 1275
2552 1067
3252 2969
3104 3932
459 2918
1560 1227
829 133
3166 3331
1358 810
1532 479
2932 2247
3541 2357
3589 1180
795 2113
3711 3431
3301 1771
3303 2814
2031 3321
350 100
1807 3598
530 477
207 2160
373 3943
1183 2528
410 569
932 3123
3489 1633
1587 1391
97 477
64 3482
351 664
494 1704
142 1404
365 3779
644 548
3335 2846
2829 734
2653 171
2258 829
3660 3804
933 1853
3437 2737
664 1992
2937 829
2133 3906
670 911
2282 3411
1729 3588
2545 918
3006 1765
1921 1475
2040 3705
1087 2679
377 2913
3507 2762
1819 2404
3272 1694
74 1656
1966 2149
3900 2922
3832 1054
3344 583
3726 2471
1175 3177
1787 1381
662 2371
1909 448
914 3110
2923 1709
3062 3415
3751 244
2338 3989
1888 1714
2149 691
1876 1386
3270 3672
1580 3342
153 925
3154 3305
2715 1403
3427 3400
787 627
2216 3394
757 3380
1811 1696
3596 2226
2793 1569
528 3855
1637 3183
3591 3151
669 3769
2977 1139
3603 2433
2251 2107
3259 2125
1961 2781
2854 2963
1988 3396
346 3234
2254 1908
1328 649
3974 177
3805 1369
2627 1085
2289 3104
155 3574
913 294
1482 3703
3499 849
3554 1833
1356 2742
3761 518
1147 145
1993 3678
3829 1245
3311 431
601 539
2589 540
2683 975
1029 1321
2893 1818
2789 2382
3680 2753
27 217
3977 3294
3735 2302
2334 3872
414 576
3207 2530
3188 3076
3476 3967
2382 4000
1450 3983
3197 2819
1936 1759
45 867
259 2503
324 2031
1058 2296
279 2004
2882 3548
3791 2259
2449 2319
1503 676
3697 3727
2107 1650
3581 3798
866 3239
3679 418
1075 2871
2636 3685
2241 350
1751 3830
872 1054
3005 3053
3267 3939
3143 3181
2354 3647
1761 1351
711 1984
2731 2294
1733 1437
788 1714
1483 2695
2122 3525
1737 962
3232 1555
450 2847
3969 1945
3990 1997
1627 3158
477 3271
308 2228
3262 3463
853 270
2164 2286
1299 103
2269 1915
1517 605
571 3887
3435 3467
3325 3835
3184 1231
845 565
2752 1178
2519 3298
3445 2518
2674 2131
1448 983
233 1023
3045 3754
3308 3552
784 2794
1552 2118
3202 1369
489 1814
1134 2750
2554 3118
1601 3800
3443 3111
646 3562
1720 2890
3014 2858
300 724
1951 3881
606 691
3535 2064
2895 2984
1176 3652
1899 1564
537 1131
598 2911
3448 1724
1782 3134
482 3082
3215 2791
3840 67
1797 3830
3001 652
2620 237
1247 306
999 446
1258 1767
3451 468
525 2294
3223 3991
121 2455
2959 1379
2315 2409
2910 1857
763 3883
2758 63
951 89
1461 804
1659 2430
1072 839
2106 293
3710 3269
1783 1159
2890 2645
1452 3961
33 371
830 573
3997 436
2904 1601
1685 41
3035 3890
1501 368
44 3292
2138 3919
1432 892
2261 72
2781 1727
3413 311
678 2828
2657 3726
1481 3161
3874 325
3644 741
1796 3615
3775 259
890 1609
1889 3004
1518 3362
3164 3456
2549 1242
2831 3273
2566 2152
181 509
1641 2168
3261 2706
3599 1727
2097 3596
982 918
1339 257
642 3026
2342 3743
2917 3550
2055 348
2264 1684
381 2390
2458 2516
972 3919
122 1248
1442 513
3928 543
531 1467
312 2971
2037 3271
3850 1206
2070 3070
1449 3030
607 1400
1971 1718
928 1100
332 1872
1366 2641
668 3885
3097 1631
2490 288
1718 2083
2632 939
2331 739
777 3781
3111 306
3517 2908
2857 582
1207 1841
3349 2964
2760 1102
3750 152
3614 2939
1468 2647
1135 1054
694 687
1245 1712
2064 3515
2772 3044
3432 1094
1985 560
1817 1889
2131 1216
2897 3783
336 716
111 3141
746 3879
1011 3585
3745 2073
1502 2347
1770 2153
1877 2548
2041 708
2136 2387
3453 2438
1338 1650
182 3973
1642 1109
22 2374
1571 3715
3125 46
1334 2105
857 3972
1928 2705
2183 597
3678 3732
541 826
1730 1762
922 3627
3736 506
1281 344
971 1843
3889 563
3694 2686
2121 3994
3748 3358
1695 2875
1473 162
1434 2497
2249 105
3115 2673
3348 3607
2530 893
3522 1736
3116 2913
1701 3239
798 3622
53 276
1745 2878
2532 3873
1034 1982
859 2121
2815 335
1315 762
3611 3968
1229 309
3586 3741
2919 235
1111 1892
3019 1459
238 269
725 3855
562 3461
2011 1234
956 562
3128 620
2459 1825
1170 1553
1724 522
124 3906
2665 3871
2707 3958
686 2393
2986 2936
1419 561
3105 238
1292 2128
2943 3816
2400 24
2084 1117
2293 1429
713 71
1722 2097
3944 3659
1694 1395
3195 2129
920 1513
343 472
2864 3309
2697 2301
985 1247
1602 2666
2483 1724
1931 820
413 240
399 3811
1542 2580
572 82
1932 3474
2521 2620
2230 1358
146 2184
2601 1139
3996 2843
2010 2527
2476 544
514 3110
2738 567
3723 112
3880 3285
3380 932
2475 156
1927 3030
3548 681
360 2750
960 3976
105 3035
243 318
2455 2903
2020 2449
3388 1667
581 1509
2351 2618
2210 2153
88 1391
3764 2976
748 495
358 3734
3573 3515
2190 734
3472 2192
3048 458
186 3789
3038 1378
2288 3783
3856 350
2810 173
3401 1974
277 2227
3468 89
755 2262
898 632
3322 220
3512 3480
256 2817
882 839
1933 877
3402 3659
1799 303
2795 1663
1051 1880
2883 455
2221 2297
2032 3811
2517 2622
322 2474
475 966
205 3889
2035 3589
3161 889
3768 3494
854 3476
1114 3841
2713 3041
942 144
3763 1650
1038 2681
1102 3907
3284 2511
282 2320
1727 1880
1345 2591
871 2649
1879 2452
1500 1111
3475 3557
94 500
2720 2842
2403 2435
1079 861
648 2960
75 1969
3342 372
3052 2687
2998 529
740 706
3798 3031
2422 891
1384 2649
929 2820
1738 3438
1071 112
187 2758
600 1756
3519 3913
1861 1328
2805 3553
3885 862
1530 1566
2524 1148
1970 1172
1492 821
3469 2778
536 1277
2938 1455
3878 1777
1263 2672
1493 2776
1097 2672
2976 429
1284 305
1538 2911
2638 1951
2842 1819
2083 586
995 1789
1059 2352
3627 2132
2357 2705
1241 3048
229 3466
2563 2698
3376 3277
567 3788
1863 361
1085 814
3566 2751
1153 2018
3149 2218
1950 149
3238 3755
2194 3181
1160 2534
316 3185
2503 3956
199 571
955 2452
2585 1828
3287 1413
334 1620
1489 743
497 2248
1651 167
3112 3688
568 1248
2597 3242
452 3270
2236 2117
1872 155
3351 1178
2538 2330
1710 626
1874 2171
51 1809
3525 2367
1777 1661
2970 2693
503 3279
2555 1929
2993 510
2088 55
1792 3248
1743 1827
2073 2695
2529 123
2274 2146
1639 752
3442 2970
1397 3829
3975 173
2542 3202
3079 1914
1590 2989
87 236
906 3676
1301 1907
3511 2163
1554 3424
268 606
3638 1778
1719 342
432 3492
1306 526
2188 1100
1626 1988
3976 204
3474 1365
19 3887
1343 1389
2120 2819
2067 1788
2576 334
3666 3146
1445 1472
1690 3282
2817 217
2376 3995
3636 1135
663 1703
2924 2564
762 2790
1526 2821
1277 3083
2181 2327
597 2858
2564 2506
3291 2592
3249 2197
3113 3763
969 630
3615 3642
3246 2718
1914 2829
765 371
3533 442
2710 1926
257 1654
3714 1867
3323 1095
1490 548
2366 3011
469 3487
1330 3161
2005 3205
817 3648
1165 135
1830 295
947 805
2 1051
2536 2349
2790 329
3330 1633
1066 2199
262 3128
609 3015
3940 2345
2356 2230
1308 2185
2722 1981
2544 117
2239 3756
1001 3349
3989 2454
3021 842
2762 1179
2428 366
2448 872
2967 689
1844 255
2982 3763
123 3794
1600 721
1942 3468
3030 3642
389 510
559 1360
3534 1299
3140 1168
3253 2492
1906 3433
3863 3849
380 3437
3256 1406
1455 2817
1163 811
881 3983
2430 2846
2397 2321
3484 367
2053 2921
726 672
1140 642
3774 2068
3918 2993
1589 1100
1972 3854
1793 360
2494 3207
1197 935
1868 50
133 634
255 868
1812 2748
1686 2732
1965 628
1100 1560
3869 2426
359 3177
2822 3773
2310 1147
3612 2782
265 204
1856 3408
2213 1972
2198 1104
1262 3697
700 1074
1209 3107
901 1842
130 1390
1344 1392
3171 147
2481 2130
1421 2093
2827 563
1186 487
2936 3615
500 1797
147 2414
1837 2195
1964 1646
1198 2406
3690 3704
1252 1566
878 390
1524 3390
3766 871
2879 3892
3102 2946
3664 2776
3708 3440
1438 1380
1890 1052
3465 535
811 3534
3318 999
3337 3354
3300 2443
1910 1384
202 3909
48 40
1022 1173
3934 3831
1032 2453
1092 3366
1278 3259
1326 366
2881 2441
3126 825
3391 3954
3769 2141
810 375
3177 2809
3907 3161
1353 2392
3613 2351
231 3285
2963 11
1255 66
2619 1085
1479 21
427 3620
167 1134
2177 41
1579 684
1940 3080
1112 383
2244 3813
908 1958
2877 1814
2921 3342
1573 653
3744 371
968 2174
2784 1313
587 2182
943 3930
1929 157
385 1517
2978 3959
773 1224
2824 1496
1773 1296
3661 2073
2316 226
2593 3310
195 1853
634 3073
72 1223
986 1582
3571 370
2009 2192
302 3465
1413 137
3720 835
2151 2759
1276 1506
3572 2152
1843 484
1030 3620
2515 1437
3991 2883
1388 229
1411 2198
2493 2543
3689 641
3321 2783
3478 602
806 3410
3460 2807
2804 216
1002 2296
2701 3260
1938 1490
169 958
157 1134
3592 41
3241 2354
3536 2744
3275 1346
77 367
54 2820
2015 2651
3855 408
400 2330
3508 2500
3175 624
2147 2497
1444 654
1881 1584
1869 42
2024 1223
760 135
2673 667
2415 2103
1472 812
599 2762
3865 2202
173 3081
3226 1777
180 2737
218 1686
1228 1272
369 1589
1816 3619
3361 540
3182 2086
3598 111
1785 2504
1996 2113
965 1565
2953 3864
1217 2699
440 2876
2077 3650
1486 1631
2477 888
3406 115
464 2198
37 295
2662 2912
3625 2039
980 2953
3096 2431
1937 2480
2175 820
3441 1127
2916 1634
3273 3097
2489 2033
3165 3160
2296 1726
3870 1161
3864 1119
1298 1513
2144 1638
2277 3529
3782 621
1487 82
3194 3390
2060 363
3377 2457
2962 2043
504 2170
3428 412
2907 2746
939 2194
1028 2872
707 2720
1173 2118
2090 2989
1598 710
2456 886
635 560
2848 2989
1546 2289
1496 2026
2096 3462
3358 341
633 1882
376 98
2295 168
3890 202
1962 1827
3948 1924
3237 2901
769 2577
3174 3996
3271 3108
641 541
2087 1024
2392 1310
3367 739
3759 3280
984 2645
3463 3368
3302 2027
2975 2049
756 1965
2663 1907
1986 3232
3742 572
2001 523
3495 2000
159 1737
987 919
1769 475
1581 3305
3124 1870
3139 509
548 1813
1019 612
3811 3895
1359 3070
1955 2921
2263 3567
2469 1265
3965 3460
2279 3616
912 2224
1721 2732
2635 2472
3053 1568
192 680
2558 603
3220 614
897 688
2238 3340
2705 1392
2580 1609
3076 3512
2300 1276
2965 3662
3219 101
2474 3266
3964 2378
1809 596
1572 3015
1049 3656
2153 2045
3725 372
126 2992
1764 2892
2033 2053
3967 3898
2935 1681
1618 389
2642 670
2833 2358
3136 2229
887 1894
3359 1254
3550 1709
2071 228
2348 1393
2754 2399
1845 167
3819 1282
5 3923
1665 2183
1057 2711
2311 213
1577 946
3570 2411
2471 2344
2465 2877
3389 740
3685 790
1456 2009
1321 700
518 2265
476 163
973 3089
2329 1865
2361 2612
2944 197
3656 1902
161 3817
1491 2263
2753 2644
2103 399
3758 2727
3770 3903
1233 119
1152 1107
1765 965
2162 2417
706 230
1723 710
471 255
2059 2386
2294 3293
637 1901
2809 208
2660 1043
436 1211
3732 805
3482 1249
625 710
3277 3441
106 2944
2799 425
2616 3855
2419 2904
604 642
931 1286
1668 468
3844 101
2896 3660
361 3610
2472 798
1613 2536
1084 3827
2590 3878
3294 3111
1801 57
43 2157
736 405
2617 372
2508 2984
1897 2303
1675 3903
3117 1822
1878 256
2718 1051
1224 2853
3715 1765
1617 2896
3628 2067
1854 1882
738 3620
1821 477
3899 303
426 1743
2359 3032
115 3497
1633 3721
2992 1706
2021 1700
2174 1255
3657 3671
24 2254
2463 3635
3087 51
1596 1181
2859 1287
104 1469
1865 2651
3436 2670
3936 728
2523 3233
3749 3745
1693 3056
3314 3685
1295 3671
189 78
2603 288
1943 3852
2612 3741
3172 1784
3235 528
3966 808
463 3770
545 3021
1875 83
2242 1868
2378 1345
3306 1304
223 3837
2940 404
1386 1487
923 2915
1068 1546
3530 372
3089 3060
2328 2043
2547 3408
682 3091
2414 1072
828 2594
1466 429
3379 3669
2482 360
1974 103
2307 2645
3153 1912
3085 1453
891 1883
3245 2273
3970 3819
2246 2377
3147 2666
405 2197
2956 3351
3854 34
617 2401
3816 1234
1739 3923
1514 716
3911 2569
1977 2221
1329 1733
862 686
3702 1533
1161 61
3875 2038
3025 665
963 594
128 2461
420 269
2336 594
392 1981
2468 905
1458 2097
1363 836
2369 144
2399 783
834 552
68 1432
315 3723
1515 3728
1335 1957
3390 1109
2788 1356
137 1988
563 3828
2259 2271
3378 2675
3494 3668
1625 3039
3497 507
2999 533
544 1213
1901 1997
613 1071
997 2958
1704 399
3896 1767
2787 2816
849 2677
3887 2164
909 1683
683 726
821 2020
2344 249
2960 588
174 3
2332 2322
3099 1728
1355 648
1578 196
2814 2243
2717 3545
1125 852
864 2446
2166 232
3582 2960
2003 380
1108 1341
794 2232
2386 2673
3345 324
2803 1475
2546 2393
3173 871
1042 1627
1540 2248
3340 347
1612 2892
3477 1782
3319 1852
2578 17
2237 1942
1864 2735
2247 2198
484 1975
2600 1687
1494 364
770 2195
1907 2474
1682 1848
3693 1129
1484 3805
1093 1389
2755 667
3425 1628
3687 305
2586 1755
3479 1684
661 356
3630 3042
3429 394
473 61
2622 1915
2049 2723
2268 552
3408 2887
116 1907
593 685
2223 3406
1610 3156
3876 1214
3304 1640
3698 740
3818 1390
1236 3063
1053 146
3521 678
1646 1472
3961 1182
837 2545
2948 1506
135 3697
3426 2340
3029 2422
2608 1710
3459 3416
1676 2490
62 2803
3513 2585
861 1002
2008 3912
1015 2370
3364 403
1549 1705
2302 1628
2615 1337
896 1531
3034 1567
23 2592
2102 2360
527 1943
2050 3460
318 1520
1539 1823
1076 586
2527 1591
2447 1976
2343 1338
1781 2697
1289 3029
61 2372
3526 3503
1956 2393
241 2829
2013 1559
2309 441
2191 2943
3295 3129
3756 3097
140 491
1662 2416
1285 3018
1340 2006
3135 3992
2425 2710
2728 1508
841 2962
154 2397
3872 735
1127 1198
319 1330
91 1363
2659 1292
3191 1544
3886 633
3109 2772
2094 3815
3939 216
184 105
2204 3302
2169 1427
63 2785
216 2788
835 342
2439 441
2391 2121
2200 239
1886 853
170 3904
594 929
2808 950
3602 3805
2931 3264
3206 2133
3297 3453
1248 2656
1025 3868
679 2156
1669 1158
1417 355
1839 1932
744 2291
78 1793
66 3552
2860 2100
3106 457
2812 1203
3941 108
96 2847
2114 944
3792 2041
693 927
3131 3061
883 117
2113 2479
1239 3290
948 3267
1774 2042
1621 2109
1462 3488
3873 1095
317 1209
1852 1295
2511 2416
1713 1667
248 1627
303 2127
1106 482
196 174
945 3315
298 1661
979 2104
2187 81
112 2150
253 1554
2252 3011
3731 1972
3915 828
446 1740
1090 903
1983 826
3712 3467
586 655
2930 3648
2409 3181
3830 2652
3913 2062
356 2513
1296 3044
3683 3907
472 3132
549 664
3987 118
3059 106
962 3994
3012 661
3137 2750
1565 1853
2746 332
3515 492
3551 3206
3645 1333
1056 624
2679 331
620 1074
1200 2157
3467 1300
498 783
1304 2112
3778 238
3510 3256
3810 3410
1794 541
3002 3155
3281 1526
3162 860
1246 2073
1507 2647
2099 484
3677 1607
1887 3658
1401 3276
1689 640
1145 3799
2205 633
1636 3943
2539 1819
1077 2213
299 1980
1316 3576
709 1379
1133 3451
989 2876
143 747
2774 3816
3634 1285
2350 150
367 346
2318 846
3804 3198
1677 2044
3922 2583
2442 566
3269 927
1499 82
1088 3577
2207 617
3801 1890
2076 2560
83 1338
2548 2453
2618 3565
1378 1860
957 3210
1948 1092
1235 3524
501 1598
3307 1789
1703 1790
3248 1985
2022 3269
3040 1440
543 3127
3562 3711
2374 3451
877 209
2551 3936
3717 3463
886 2653
874 1092
2270 3329
3450 3259
3988 2606
1824 1347
3498 2930
2339 1198
3360 369
2704 2490
424 1242
2129 199
1443 2751
2387 3438
1595 2159
1107 972
3606 3495
1070 2875
3470 160
1674 712
1588 1946
799 1843
2922 1974
3925 267
1790 254
3355 248
1027 3500
1430 928
674 3959
2286 3242
2281 1387
2202 1948
2567 3104
3643 3925
1242 183
3372 2262
3067 3754
485 662
3827 2075
511 1470
3719 2863
3509 978
1681 1707
515 3112
502 718
2708 1743
391 2441
3446 3403
1369 820
2291 2757
267 1795
2688 1619
975 668
258 462
3423 1646
782 1770
264 2273
1576 3583
1997 3837
3882 3991
3400 915
766 3705
1017 2517
386 2884
2560 2724
1728 2745
1829 2703
3646 1390
2607 1432
1268 2562
1968 3525
1557 3290
2372 2727
1440 3462
3721 948
2694 3964
363 260
3730 44
3148 1524
3846 3652
1177 3006
2934 402
3765 2710
2046 1879
1174 1135
2786 844
1376 2379
3662 12
3701 3081
1958 3111
2186 2808
3033 2072
2573 2083
747 697
1013 2449
3982 2021
665 3950
46 2010
3065 1864
2145 330
2395 442
1813 1167
3231 243
3635 1647
60 2509
538 1986
1041 3799
2929 1812
3601 559
117 1941
894 2254
1670 3176
790 2336
2098 3999
100 3966
3820 1259
2360 1084
3734 1967
3897 1871
3213 3968
3397 1366
3461 52
1073 2443
1978 1943
579 1201
632 358
2257 167
547 3286
108 2549
1212 1741
67 818
3339 1948
1995 507
3884 3502
2363 687
3784 2300
3189 779
2371 6
453 3413
1313 3547
2319 252
1460 1692
2325 1272
3733 926
2518 2205
164 2710
970 607
847 1828
2453 1983
158 1038
2412 2515
3454 2158
3381 1437
1020 2296
649 959
1763 1039
3210 1966
2443 2334
345 1563
286 538
230 3790
1895 3280
1192 3922
2516 60
2327 2067
379 1049
1754 2777
2884 2240
1800 1975
1116 3833
640 2974
3902 2319
1269 1704
1120 3868
2380 2725
2739 1568
1859 2346
2394 1468
1253 3318
481 3053
1196 3932
3008 543
3558 3258
3806 3558
1349 2695
1630 1086
3727 1127
831 1658
1999 1767
924 227
865 1208
1395 660
3565 600
76 3537
221 440
3771 675
431 1757
2802 926
1221 562
1475 1399
556 3731
732 3631
1016 1503
281 1068
3553 823
2038 458
3950 3276
2082 1641
1024 750
526 735
2885 3171
2572 3239
2048 2060
56 3958
2565 1329
178 3043
510 2738
964 194
3353 1106
3218 2049
805 592
833 3811
138 1720
900 1233
1516 2308
1169 1102
2513 861
3061 111
2535 1015
3160 681
1026 2254
1437 1397
3392 1070
1222 1157
85 2772
2492 1970
3329 701
3481 2262
3956 2696
2324 1457
2832 1333
772 1933
1182 1363
1655 496
1543 1708
1593 48
237 3054
2165 1614
2540 423
3324 1809
873 125
3839 3881
1021 2202
540 3343
1784 433
3670 33
2828 1827
2933 1712
1795 3200
3893 3689
2909 3621
2201 3143
512 2192
3667 2574
1808 2878
2075 2713
1470 858
591 2890
2692 108
2571 2833
2534 940
219 1569
3022 2871
3632 2751
892 1294
261 3144
2574 449
2408 2831
1385 3269
796 475
3857 690
2495 2344
3457 3998
3503 3043
1256 1409
3681 14
3395 1046
1361 221
479 3617
1424 3681
1544 3611
3350 1418
3906 3321
38 1704
1789 1762
52 2307
2742 1494
3031 1529
30 184
1403 1412
2062 3743
1810 3045
3543 3693
919 384
1934 2370
3026 1849
3980 1766
1485 1847
1562 1533
2280 2357
727 1284
3879 731
1234 1151
1644 2960
2914 2092
1653 2469
1405 597
3098 3624
3127 3794
1171 3416
462 439
3369 1920
3916 3920
1259 3131
2749 555
2528 262
2819 1651
1834 623
95 3547
29 607
1753 435
3185 2671
3049 162
2958 3854
3169 890
1740 1374
2630 1824
1860 2305
1275 289
465 1085
84 1451
1179 3750
910 1757
21 254
2830 1793
2680 102
1505 2167
1917 746
3845 837
2341 1830
387 2807
580 758
3504 3201
247 221
353 2884
1063 1046
3520 2343
3491 2513
596 1155
1832 2969
3704 217
666 2452
4000 2502
2434 102
2723 3760
175 878
1280 852
2227 2652
2510 3150
1219 1273
1226 654
1320 2247
2298 3368
2700 792
2631 3879
314 1849
2047 2099
2193 3584
611 2401
1762 1920
1512 880
1741 2679
3859 2492
1205 3620
1327 2306
3409 1416
1882 821
2605 3045
1131 1566
3607 3385
3740 1908
967 1633
3211 2858
521 1235
3130 36
3894 3926
791 899
2111 3641
672 1072
468 477
1375 2225
2806 1985
869 2787
2863 211
3853 698
1855 3227
3560 3161
2533 2983
2017 1838
741 2681
3831 2701
590 1809
2287 1032
780 3923
630 273
1142 1503
3787 885
2095 3962
3114 3696
2034 3886
2579 1890
2375 2958
1585 2915
1991 2894
1584 3247
785 1255
2364 2137
1967 3995
1673 3402
2889 1392
621 159
65 320
728 1104
3789 412
895 2101
2056 2372
2248 3359
629 2437
660 3105
2152 903
1282 1236
1374 430
3316 2692
2457 1832
2691 3363
774 1957
2652 3038
2894 2496
292 3744
2418 3477
454 483
1786 387
1973 1845
103 32
3577 1326
2233 1601
3578 180
3823 521
1208 2023
3309 1331
2543 993
1036 207
1891 1845
1867 3642
1672 565
3142 3160
1849 517
1115 3070
2499 2340
1110 1301
3290 3027
3466 3265
366 2903
390 62
3877 2629
3583 1568
269 3988
3559 825
797 1249
2798 3510
2671 1783
368 3460
3992 1436
3574 3371
1478 2011
1065 2630
1946 737
3371 2709
1776 3384
2675 808
352 3568
2229 115
3415 3655
2777 1030
3341 1671
3036 278
3100 1109
1520 2441
3374 2503
3760 3145
903 3467
1814 3402
3193 1260
2473 3719
2588 3558
1121 1742
1919 1966
362 613
3411 425
3518 262
2478 770
3299 1818
1096 3303
492 2455
3134 3831
1825 2889
2039 3247
293 3699
172 2878
2273 3955
2496 996
2437 1321
3807 2458
2101 2272
592 291
1311 111
1622 646
802 2791
758 3500
81 3897
2054 2964
1155 1427
185 1810
1287 192
3365 1739
2946 1124
3419 3098
3414 2340
384 1556
1609 1589
1154 746
1193 328
448 1174
1354 3929
2778 1652
2971 3593
3716 2648
1457 2911
3138 2128
575 1983
423 3345
1979 2733
619 3182
884 1432
2689 90
3151 1388
2740 2055
3326 1812
2225 3395
2744 2517
1018 965
3068 16
2323 675
3382 2903
3368 3914
109 1082
658 3691
2997 3462
3094 923
3152 3390
3208 2021
3585 2785
1238 3754
3842 1988
2377 1190
1805 395
335 3950
1331 792
807 2378
2081 3675
3336 2335
2656 3868
439 2620
659 2744
1818 1329
2870 3352
1575 3481
3972 3021
838 1318
2908 3821
1480 3375
808 1271
737 3488
1683 2568
904 1542
3214 3316
2132 2787
1464 2793
1260 424
578 664
403 2333
3434 2293
394 53
160 1772
1645 100
616 2962
2063 2162
3264 1218
2292 2289
443 1797
171 1333
554 818
2042 1939
3929 838
251 1201
1599 2083
1288 1551
3083 2747
3909 1418
1766 1619
1223 2635
2299 272
2045 174
2441 1083
1365 3412
628 3271
2501 1971
582 3359
1992 3768
850 956
3546 890
2624 979
1945 716
751 3654
3074 359
3888 790
2308 394
3346 266
2686 1599
680 2429
3618 3765
3772 1777
651 560
876 1407
2284 3753
2452 118
3821 2774
729 2773
284 2899
375 1561
1775 378
3063 2529
1902 890
3444 972
2767 378
2346 3768
712 3497
2435 472
3354 2848
557 296
2609 1162
2648 1867
1912 1681
3506 3413
1364 1717
2383 1472
1251 713
3597 2574
3011 2466
1312 140
1628 2537
3542 749
1307 1183
2780 2242
2460 1016
893 2897
1780 3325
2146 612
1249 325
3653 261
565 1510
1303 2306
2610 3965
1044 1257
3047 731
3883 1534
148 3837
941 123
2886 1669
2330 2588
3540 2619
1908 437
2424 2690
1555 767
775 2535
2275 2199
1714 1854
3222 3470
2159 170
1748 1985
767 2203
3133 68
771 3769
480 2999
118 735
691 265
2641 705
944 2649
2506 2270
3985 824
2903 1592
215 334
1759 3988
779 2400
3168 2045
1406 3345
3564 2709
1658 3071
2626 3618
1657 797
3456 3077
3430 10
2069 3593
768 2779
3837 3713
2872 830
3462 3298
702 876
1148 747
3552 94
3187 3010
28 964
3471 3237
2969 886
2861 3204
1213 350
2961 258
2801 2907
416 1098
3942 494
3692 713
978 592
519 1854
622 1667
1736 2046
412 269
3544 1733
3868 2220
2654 271
3016 663
2841 3607
2256 1195
3957 125
3485 3176
340 1080
789 2160
3280 176
688 1061
1318 3051
3458 3009
1220 3706
2484 2976
2141 442
2779 646
3042 1903
1294 579
3724 3495
1164 881
3013 3265
1137 3730
2019 1080
107 1069
2128 1986
1534 2976
1911 3874
1717 3893
3651 2740
1050 1741
569 484
235 682
321 615
1716 2918
2488 2614
434 1226
1467 1692
1620 2512
1623 3054
2208 2096
82 2864
1567 1510
1043 3618
1604 1452
3752 1168
1574 259
3118 3366
3738 2571
3848 2860
3145 3575
1180 3887
3828 1428
2158 993
868 1163
934 3566
2559 2219
507 478
1199 2509
408 1167
1105 777
120 482
952 1318
2670 2824
1904 1736
2988 620
885 2074
290 2304
2305 2353
2727 2703
696 3583
940 3699
3998 1158
3320 1543
461 1222
889 2572
17 2395
2085 1811
2066 3
1062 661
474 533
2954 1592
1465 3567
228 2905
438 3002
3545 339
3018 1265
602 1192
2750 2338
954 2929
3017 2715
2091 2401
3242 6
1203 2787
509 1540
2192 877
2253 2028
2541 1162
1969 2065
583 772
2139 3437
3729 2460
742 2221
2203 2344
2951 3663
1189 2411
287 2930
2224 2564
200 2444
1332 3025
3439 119
3032 1285
3604 2868
2211 1772
3490 500
278 3975
2852 824
2664 46
2410 1019
3903 3814
781 740
2352 3615
1692 833
3159 2358
3587 1314
1300 1695
1924 1609
695 3692
1156 2539
2074 3304
1240 653
2335 868
2845 2194
953 1601
3500 3911
1712 2718
1400 395
402 1309
165 3115
1696 386
285 2418
3192 3121
2525 220
1898 3028
730 3038
3808 238
2646 1553
3799 3107
1768 1442
3796 936
3994 1220
589 2380
2604 791
1178 131
3254 2874
1039 2791
1416 1929
3056 1676
3243 2140
2899 302
2685 3991
1441 1696
2661 369
3933 943
1083 2215
3953 1095
3706 2285
733 1805
3212 2028
2850 40
3910 618
1935 3592
225 2130
1266 3969
409 3417
851 2809
3433 1295
1414 1721
2135 993
1054 2943
2137 872
2640 412
1930 2789
2505 793
1523 787
2955 830
1848 3746
2677 1656
3622 1347
1615 2817
3931 2920
1055 2160
288 2979
783 2392
2148 2608
1101 2843
3538 1112
1118 23
990 3021
1119 3410
3822 561
371 565
3039 1806
2821 2154
3069 1531
3668 774
3955 764
486 1408
3927 1965
2226 3454
1550 836
2581 2518
3905 3629
125 3550
2389 2708
134 3041
907 3971
442 2913
2556 842
1806 1142
89 339
239 3912
1291 1116
3588 1909
1561 3060
2991 732
1680 1996
2979 1514
958 1245
2262 507
867 2874
3129 1645
1905 3625
786 2564
1923 802
950 3129
3060 1087
1394 2848
655 1622
1368 881
1052 3634
3421 2184
3144 3769
2163 3790
676 2283
1162 2091
1379 3729
40 3116
3010 349
2985 1204
59 37
1435 3538
242 3431
3747 3003
1660 3979
1957 3614
2362 1907
3901 3817
2023 1765
2769 462
612 2483
827 1994
3795 1960
70 981
3180 3131
2757 2650
2531 3959
1113 1557
2079 3976
1337 2134
150 1248
2243 538
1592 1956
1788 3903
2602 2787
3493 2708
2732 1966
1715 1630
2702 3835
2373 962
330 1102
342 3514
491 2557
3659 1491
3107 2677
823 705
816 2641
1963 2196
3328 1316
2522 2567
71 133
444 245
2440 89
2834 2455
417 2646
2945 3567
3420 3122
295 267
1398 1000
1267 2612
1367 3711
309 2592
1149 1713
2825 778
1360 792
252 3680
1691 961
905 3126
2240 3320
2562 529
1664 389
1214 1518
3023 2230
249 2456
2906 2656
1939 839
3227 3475
605 176
47 85
1324 3354
2840 718
493 2036
3584 2950
441 3868
3834 1298
2228 319
949 1771
331 923
1944 2620
3084 3961
3675 1235
1412 2417
1037 2785
998 2660
1129 3196
2592 1398
1913 1115
778 408
1708 3427
3015 2789
3688 2591
1671 652
1390 786
2596 3789
2416 1666
275 126
936 753
3569 2541
2027 1837
1652 3661
488 208
2182 101
764 2130
848 2623
2649 634
2520 3712
1471 3287
3639 1366
3567 1018
3064 2597
2678 882
1749 1177
1091 3660
750 1974
1605 3720
595 1207
508 2858
708 1922
1069 3968
1188 3634
2214 332
1377 3900
3501 3148
1000 1652
1798 328
1632 581
3921 3312
921 1608
2171 784
2285 446
3557 1786
2823 3922
844 1342
681 1095
715 1797
994 1750
818 119
2322 2578
3952 1729
1564 3625
1274 1960
3196 483
2470 846
3292 482
3492 309
415 2257
534 3671
3728 1786
2271 630
397 1597
2426 3209
3334 3188
1158 3640
2006 1783
2195 1999
1454 3612
1391 2974
667 3788
3860 765
3386 3699
3624 2280
3332 3978
3973 516
456 730
1896 1383
1210 450
524 3690
3487 3302
1371 1318
1654 1433
1533 2142
2127 1107
372 3591
745 3506
90 2007
2639 3493
2051 1328
1836 1416
3251 1934
1488 454
3935 597
3696 2318
1648 177
2502 149
3422 1807
3178 2708
3783 3351
1760 678
2231 861
1947 2480
3930 295
1984 2559
3041 1569
3464 1360
718 3793
2911 3545
1663 529
1143 2991
2792 2560
1346 2357
959 3666
721 3483
2900 3786
1851 352
1706 1605
1772 2014
2124 650
723 449
1067 3365
2446 480
1040 2129
139 3971
3407 2297
3027 3895
1548 829
1086 2415
2989 3681
2905 3693
2401 2163
1846 2083
2800 2393
2390 680
3228 1840
1916 2920
131 2119
2920 716
1915 1526
3091 158
1265 1686
1302 3664
179 597
3767 3442
3399 154
194 886
55 1499
3088 3808
3009 1618
2862 1463
1634 3978
2100 3785
260 2204
310 2775
2058 2546
13 2760
1831 3895
3050 861
566 3887
92 3963
1046 2406
2813 1316
2874 2170
553 1869
603 1033
3722 3056
2089 1048
1031 3171
3266 2142
1835 2143
3608 2739
347 992
213 2259
483 774
1436 925
1705 3342
2868 243
3090 2938
2837 2955
671 3076
102 3688
1815 1454
3978 531
3268 479
3838 358
2699 36
3051 11
1003 2460
2398 1649
2968 1292
2716 3229
739 1341
1508 1347
3244 1715
855 3518
3352 3783
3431 2197
2000 3292
1184 3690
3947 759
2209 1155
1885 1949
217 2712
1243 1201
588 770
3746 110
1525 3962
1828 2121
1206 529
1857 3768
2068 1565
1827 2898
3078 2097
3817 1908
2179 763
1608 2940
25 1730
1348 3538
3923 1985
3452 503
809 1401
2550 239
1094 2516
3384 993
2314 609
1953 810
2719 3245
2150 3882
341 2581
349 1452
