4000 3998
3323 2713
2194 3308
1961 737
3068 2979
140 2100
3138 883
3376 1436
386 3099
3967 3336
1278 207
2834 1475
1256 3034
3494 719
3984 1079
3880 1797
2084 3426
3448 108
2493 605
1583 3297
2730 3301
2916 3311
351 2211
1298 3293
406 1322
1657 2724
3418 2731
1417 1632
1139 2905
2781 2
2816 23
1452 1559
2775 3111
2427 903
2452 1300
251 3414
725 620
3688 2360
506 682
3615 2265
174 3440
785 1192
134 1526
1007 958
29 432
3266 1421
1514 1343
2557 686
1937 1193
2629 1835
2509 1262
3636 665
2978 1093
3049 123
2118 3046
3550 3208
2418 3757
69 2897
3878 2852
2181 3947
1565 309
3049 2692
3908 3840
3605 3454
2649 2779
1999 3967
3728 3209
624 2168
341 17
349 2855
3921 3134
2006 3779
3117 27
1880 1799
2571 1878
1122 1617
1691 1215
1326 453
1736 3296
605 3493
3873 1462
3521 2550
163 864
3571 1191
287 916
2548 1204
3018 3036
1184 3999
1264 1547
2133 709
2431 2142
2942 854
2510 3631
1014 1071
2870 1899
270 2840
5 2952
1369 764
1679 158
3515 849
414 2000
1441 583
49 1418
2454 112
3569 1375
52 614
2500 1682
379 2942
897 3586
3031 3448
3379 3378
2210 3666
3503 1081
2068 1119
430 3349
1254 3690
3631 971
290 1742
3979 1612
1799 2036
407 3678
3096 1012
977 1565
604 1350
1632 2646
1900 59
1064 3703
710 117
2469 1644
1430 418
3232 1402
3978 118
2293 1110
590 3571
3114 2107
1975 3030
2621 3530
3212 1427
2193 1381
3567 1268
1639 3800
3196 3283
177 187
3640 2007
1693 1904
2683 1118
838 2499
344 2805
3325 3565
3426 3912
3716 623
1470 2560
3740 1599
2702 1712
2851 3897
1252 3144
898 746
2132 3677
219 3547
1291 2018
1485 3513
2919 3476
399 2918
3691 3381
1331 2487
3375 887
358 2459
2917 657
901 1001
3641 510
130 242
3919 1606
3343 1607
1782 1112
2949 1373
3716 1116
3492 3538
1265 1919
3398 181
1346 529
3730 1236
2475 1815
1915 3884
2216 3415
2348 2189
2791 1705
1480 3795
2470 2406
2744 2792
568 3682
729 952
249 2673
1653 3657
518 2462
220 2196
3308 1830
303 2180
1629 1778
439 2413
462 2369
2052 2980
3887 2960
264 2113
3442 3043
3972 2743
2039 2707
2675 1716
3356 2202
309 256
213 991
2911 2225
158 3348
3904 1498
1977 2279
1584 1316
2928 1842
569 87
134 2427
9 2999
3238 3894
3818 1432
2624 1179
3733 2626
469 1410
2460 1230
2178 1419
3507 1584
3 2919
3144 443
1751 701
975 1751
2611 2395
3549 2307
2608 3804
3872 3920
3006 2956
1993 2668
1529 552
2419 154
487 1147
1496 3833
2719 610
3297 3798
2748 2816
2204 1903
411 1522
3113 3435
3667 1291
1128 984
86 1814
154 3704
3095 758
1604 999
3945 301
950 2357
3197 2683
1515 1398
3885 3684
3333 1890
2489 3331
523 754
1902 1836
212 3597
553 2126
2032 2297
3889 1264
826 3271
1283 3477
3033 297
1613 3280
2234 3003
1164 2460
1130 3633
1686 1831
3845 761
371 1129
1558 1780
1745 1386
315 2784
1044 1454
268 1622
581 66
3313 1997
1352 461
1587 2879
1948 564
471 2787
1586 3859
1023 1140
621 1661
2309 2192
2970 2809
3110 2896
841 3752
1466 2188
2211 3880
686 601
1922 1727
2909 342
1240 302
984 1426
3127 3810
668 1698
3679 3272
816 2664
3313 936
3590 1781
2604 1430
122 2885
612 2301
3287 1328
2503 726
1383 2035
3934 736
1397 651
2639 3323
1416 134
1930 834
3035 1323
3686 1946
1829 3935
796 2748
2217 595
1783 922
2886 1003
2598 1542
3602 1616
3714 2043
367 2611
273 884
2496 941
1661 2356
187 707
1277 1813
2270 3201
2272 3165
1017 3393
2752 279
2191 840
481 3817
3500 3315
1290 3069
997 890
1523 248
3468 3876
2264 1947
238 2655
2992 3203
2936 2648
871 2720
3219 1437
3369 1220
1025 2073
2520 1868
884 650
2793 1431
1239 1721
2022 63
585 2402
1173 2749
3970 1390
467 358
3396 1944
2064 3605
3406 647
3453 3192
866 1883
694 387
2373 1448
1545 1962
2248 260
2331 2232
3230 1468
505 2344
1925 2911
3123 2738
3201 3851
2315 1121
3966 386
2823 1825
3339 2829
1222 3635
2958 2461
242 2500
2244 79
741 1623
2833 3561
3769 1288
531 2440
1513 357
3254 1379
2828 3419
3844 2125
3868 2350
3623 1027
3372 3839
2785 1728
2494 3891
1022 2134
3162 2270
246 1503
1318 1848
24 2042
1986 217
3353 517
253 1988
2371 1297
864 2128
850 1063
3843 3918
2703 3563
1640 1130
1878 1699
3257 2388
1891 602
1338 1951
3032 2789
1289 3199
2355 606
2614 645
149 934
994 3546
3493 3696
1531 3994
2610 3469
3750 2309
1041 1006
1297 3680
2704 3105
1666 3338
528 3802
2383 1949
2455 2424
187 3625
2530 2038
3038 3388
2832 1217
3596 2458
2057 2095
2798 3648
698 1552
671 3660
3225 3042
2203 208
835 1296
3576 3980
409 400
125 410
1841 2975
3815 2332
3856 499
2760 625
3608 1601
340 640
2307 2988
1188 987
306 1967
972 2235
808 348
2289 1817
1199 3564
2083 2064
3918 2690
172 3478
745 1566
1376 3875
1131 3185
3265 2685
3075 1346
395 264
3164 1521
3907 285
229 3593
137 2877
2550 3497
1235 2412
1458 2561
1647 409
2497 2884
2545 3929
473 1311
946 1837
2763 3567
2029 896
743 2410
2777 3363
2937 64
1198 2549
1273 767
1589 1362
1815 3570
963 1127
591 1978
3544 3903
1099 2299
2391 2812
1293 1816
579 2767
2723 379
127 2754
3630 2394
990 3156
2339 1507
3522 1143
472 3356
2547 3449
1428 1961
2617 876
3145 728
3141 1744
2325 3157
3085 652
991 2495
2333 1354
51 1420
1072 2102
3671 3871
3989 147
640 3182
3393 3942
1419 1678
1377 1729
662 1423
302 2488
2433 1829
3439 3118
1847 636
1669 3766
184 2654
1363 2552
1688 2446
1422 2719
2724 223
868 3225
661 1132
879 2433
3086 1888
3654 3115
1129 1809
1841 3653
2158 3093
2427 398
2338 3971
2140 1269
542 3787
3258 491
2570 1444
2740 2578
2463 3608
1934 1188
3468 1446
3322 3496
2136 2101
1141 572
1717 277
3798 3770
85 2426
3368 2567
2908 1087
1305 1332
2623 2643
986 793
2061 2970
3547 3194
2110 37
1607 2321
1958 2945
2014 198
1134 215
2170 988
1308 1114
3772 3210
3386 744
713 25
2426 2823
3649 1573
1392 1397
3628 3691
2385 3400
501 1792
3340 2868
460 2727
474 962
7 1747
1372 1295
217 323
3955 1178
186 3483
2327 1412
3895 2258
2809 2962
3898 2634
162 1802
550 691
2830 2863
2878 3915
3765 1633
3153 856
3759 1395
939 950
2799 632
1734 3113
1316 2343
1968 3354
440 1761
2780 933
2154 1923
613 50
552 2349
3447 85
450 295
1779 722
1933 3422
602 2292
2466 1038
1534 1872
1153 1941
1832 2728
60 3481
2410 3520
1149 3058
718 2968
3916 1767
437 1585
2209 21
413 2331
3205 1560
683 3656
3790 413
2770 3279
1506 2864
1940 3197
3450 1467
3748 180
2268 3534
2906 1948
1851 1218
2468 2588
2651 3251
3796 1228
1174 2276
2677 2920
218 2317
3923 1969
1730 2551
1788 1260
1598 3934
1121 2182
256 1675
2007 2566
2000 1439
875 1028
58 1642
152 1666
2446 3911
3223 1525
3656 2753
2137 2467
2540 2109
2531 2205
3156 3750
385 1309
1143 407
2661 504
397 1501
2897 2290
1152 2908
2854 3075
2552 1879
2838 2176
2185 254
1474 1275
1193 2939
2711 222
2480 2227
3673 52
3700 1413
2508 3305
183 3511
3383 1252
266 2159
2597 2986
77 3450
1848 1581
3449 2183
276 372
3410 3928
3182 2387
2372 402
2555 2857
3855 2291
672 1927
2321 3261
2888 3743
3862 875
1116 1701
663 2454
1548 3234
69 401
1611 913
2090 119
169 600
1904 3078
3125 3644
1654 488
3390 1516
3440 3683
1056 2921
1784 582
3737 320
620 1963
3844 3005
3992 810
263 3053
3762 3507
3533 1270
3417 1493
3120 3679
254 2721
3214 2179
609 2346
2034 3070
1379 421
159 811
1001 2836
3312 502
3293 1860
525 3566
1221 1970
2182 1329
307 2185
3705 368
1721 142
556 2266
804 1308
938 18
2043 549
3850 1106
3028 1753
2796 2322
1697 3490
2895 1660
3137 2034
105 1164
166 403
2247 3574
587 3302
2140 2772
1497 2872
2102 2845
1663 1952
603 182
3567 1203
1255 393
453 2936
2002 2628
1048 41
1435 3176
1869 1733
1720 1211
332 2493
546 720
1695 2457
1079 2890
3105 70
904 2229
3877 80
1576 2439
3839 3775
3703 1955
2019 206
1724 2972
679 608
2343 394
2525 548
2246 986
3609 3274
1828 3637
2644 3240
666 3759
2939 3632
533 1054
2458 2814
74 3325
3294 2544
3087 1095
2882 3004
1120 1864
170 2632
1464 2642
3070 1276
3681 310
615 2893
3009 3436
1021 471
1731 2408
126 3295
459 3238
2694 846
3471 1339
833 1662
1205 3793
892 3846
143 3519
909 493
377 1593
2268 1920
2394 2017
2968 3636
3922 125
896 1553
918 2327
1638 3258
3044 1595
2222 1914
2542 3896
2008 996
906 1708
3597 77
3899 326
1742 1376
3484 2070
3713 912
39 1103
2266 2214
2245 831
3282 1244
230 415
2411 3195
1162 3844
3003 3843
2808 486
13 2244
2990 1648
904 1026
1243 1580
1195 3357
3826 2148
272 361
2095 3116
3058 3128
3470 2046
1322 1911
3964 3705
181 3536
1350 3834
2366 558
2827 3094
3952 3320
1336 1020
1709 3751
3495 1843
2258 3622
2758 2938
562 3417
3401 2207
1213 2384
1327 1852
2691 3788
763 151
3828 3205
1668 269
1404 3031
1130 1676
967 1284
1591 2337
3330 3557
1542 3741
573 1690
2735 711
3104 677
2902 1360
2634 1125
3364 791
651 3604
2046 2679
692 3773
3179 904
2668 3824
3091 369
603 557
3386 2682
1939 3424
2227 1822
650 3509
790 534
2195 2210
2249 1239
633 852
1633 1161
3708 3222
1887 772
116 5
1357 2997
3962 3095
1569 1100
538 1895
1782 1479
770 74
2900 3160
1896 3623
1217 137
3310 1571
2505 654
1911 3146
433 155
2467 1047
2071 3932
1287 1138
3352 2730
3875 2264
1169 3114
2745 1936
2582 1319
2720 1485
761 2706
2616 2160
1909 1041
3884 1540
873 2557
3155 1007
176 2024
3397 454
1438 1670
1562 460
1609 3460
1328 1523
1804 1120
2238 1338
238 1706
1707 1088
1952 1206
138 2538
2705 1064
2566 618
3594 1689
55 40
3459 2340
843 2733
3649 81
639 3973
836 1084
625 888
339 800
915 2089
2622 947
1747 985
2301 2314
1381 3487
2891 1005
960 1855
2314 2389
165 513
2761 2716
2984 2081
2524 54
3893 1537
2531 1984
432 96
3303 3908
2453 1677
2439 2224
2445 2475
3359 1892
871 316
1708 3374
1006 2477
3497 2249
352 231
2837 3813
1172 3852
661 2009
33 165
2698 895
1805 2568
2098 740
1870 2367
1468 3066
1793 367
2856 2992
40 3193
2792 1618
747 3545
3580 441
1323 440
1670 2596
3351 1812
2679 2503
305 670
3059 1163
34 804
3745 2449
3585 3626
1626 718
1075 879
2152 1253
1821 3324
2513 1736
1071 1243
1885 1534
276 3389
3545 1370
1836 527
23 3162
435 1713
3760 1025
583 866
461 762
3948 3083
278 2989
3377 3711
153 2252
979 3437
2440 1186
976 84
819 2221
1773 2575
655 3471
1578 2473
3650 3047
3530 2154
695 2914
737 974
2821 1051
3663 1151
1906 3889
155 2641
2601 3438
10 2474
3112 1838
1389 931
3175 2068
3833 3000
1660 1277
248 505
2794 3954
545 484
1890 3132
3953 2352
3754 646
711 2666
1384 1972
216 1931
1330 2023
2432 2026
944 3958
3527 622
2105 3503
1492 3317
1863 3701
1314 3287
131 2994
3234 2277
899 2957
503 783
2449 3259
1672 613
544 2647
3505 2247
2665 2570
204 1790
3307 1810
736 1760
3392 906
2825 843
105 1833
3151 3737
1329 3761
853 2078
1355 715
1215 3611
1195 3145
1142 3028
1642 3097
988 1628
27 554
3458 1768
326 2580
2907 2763
3766 659
1178 1517
63 2954
1176 2212
1755 3791
1500 669
67 1539
1 1222
1106 833
96 2949
1124 2267
999 2620
79 2899
2883 1880
2380 2115
2155 2766
3587 2085
1467 1656
171 292
2267 1364
1817 3451
3319 2519
1101 328
675 1850
252 2669
2998 967
3553 1901
3921 3313
3233 3516
1244 2464
2334 2030
522 1029
308 2623
280 2116
2519 1849
3579 3883
3724 116
1860 1738
1260 3944
2858 1405
195 3370
3960 139
1825 3485
3719 1626
3803 12
209 2386
989 3598
2869 89
3712 874
3139 627
3520 3671
3180 2851
981 2875
3989 1725
2183 3396
2671 710
3362 1340
2862 3707
175 918
1292 174
1368 687
1347 2079
2981 3385
1989 3738
1759 3237
1356 303
1771 2438
3121 173
3174 2866
955 2755
1875 1092
483 130
3305 1643
564 28
2404 2553
2324 3016
51 2543
799 339
2218 2606
945 2184
1573 956
3291 195
1080 2693
1567 3510
1824 585
2736 2756
2238 3284
3388 1002
791 2860
2273 2964
3302 1349
2228 483
2944 382
3649 898
1070 2585
1757 1674
1020 1974
2296 1499
2120 2316
2002 2618
2896 3254
2123 2592
2867 2223
1969 2261
1951 3392
1191 2040
2403 814
1339 1433
1750 1704
221 2238
380 3086
1161 3463
1344 2802
1917 2545
3000 2164
1535 3640
1787 3722
3100 787
2846 65
3172 975
1059 820
834 150
3443 1065
2986 586
1437 3963
458 3242
2126 210
1267 3270
720 1743
2389 232
1963 199
3917 1367
1481 2554
2672 1496
331 259
1810 2639
2810 2336
3830 1301
2876 2471
416 2783
2690 2203
513 2701
1062 341
3853 2645
3918 1136
3848 886
3518 1111
2074 1774
928 1403
2271 672
1400 1229
185 2509
563 273
970 3753
1892 3482
823 3310
205 836
569 2129
631 166
1181 567
3648 3758
323 773
2134 3733
693 989
2296 2001
1442 1957
1310 1745
426 1293
535 3838
1461 2681
1037 3391
1398 3713
1158 2480
3514 3371
815 2935
1835 2662
2791 1494
148 3845
1030 3579
3048 3919
3116 3913
861 2974
3166 3303
239 284
3452 1886
2451 3555
3020 3899
1619 3277
2254 3512
3248 891
425 3969
854 2110
3149 2260
350 2688
644 2021
722 3904
1520 881
1028 1885
2153 1638
1937 3216
894 1862
1073 751
3309 3575
1111 3339
196 423
2857 226
3986 1285
795 1994
872 3150
2884 2099
898 2903
455 1011
3055 2195
2390 332
3652 1639
1315 1980
2472 1245
2240 500
456 873
1016 2372
922 1075
1649 2325
1684 2603
1163 785
365 433
1130 2764
1802 3548
2931 802
3835 1916
1502 993
887 1777
2328 1185
2915 2378
2291 2399
3806 2625
2322 1965
2995 1394
2999 3540
1088 1126
3189 3484
2988 1484
1541 1568
2615 138
3998 3996
2985 3140
1159 869
3795 3309
584 473
1627 1922
2801 1248
2365 2506
913 2995
658 3907
1333 3551
2577 3187
1246 725
2847 1279
3090 3077
1258 2817
1588 3790
2739 3154
1343 227
1487 1924
3598 3288
288 3329
277 1489
2636 3937
2330 1368
3273 311
2237 850
3460 3412
1076 3342
730 638
3595 2466
3574 1824
806 442
1173 2653
2316 86
1635 238
324 3152
3472 973
3894 3850
2122 2667
2964 1796
3423 2112
2130 495
3047 2869
2774 2381
1689 855
2375 706
1394 3386
2922 1157
480 3071
3529 2915
940 616
1556 1344
1850 282
2476 3492
748 317
106 2120
1993 2226
202 2324
2889 48
3342 2651
2473 1057
3756 2776
802 541
708 244
829 1641
262 3736
1074 2527
2367 3966
3675 2582
1722 1714
1761 807
2729 294
3896 575
555 2940
2450 3902
3603 1906
423 3375
1209 1184
1897 448
2013 2124
3136 3961
182 43
3444 1851
3837 2031
628 1392
1029 2143
14 1290
20 1458
463 2137
2053 3529
2103 3730
50 2715
3974 2197
2876 1194
3461 2219
2573 68
382 420
1295 3670
157 626
2502 3218
3374 1651
294 1200
3279 778
1212 1208
2265 2496
2495 1834
3711 3702
2464 373
353 3910
470 2782
2950 2891
2551 1070
2175 3213
3025 794
992 2377
3672 3607
3947 1998
965 2961
2655 2569
3474 3428
1797 1298
1399 3933
3911 3267
383 786
103 2617
3501 1913
3524 3612
3210 2791
2197 3515
2075 2966
962 2233
2786 246
1498 2453
606 2504
245 490
2485 1158
1694 3444
1299 3467
514 2425
3572 1513
1954 893
2198 356
297 2781
1052 3376
334 1008
2841 319
1623 2295
1010 185
900 237
1204 3352
1998 544
364 3724
401 1491
2591 1238
2506 2257
1317 2912
1831 994
3699 354
2881 1021
3957 2348
2995 2773
2831 3877
3480 2574
1532 1750
3283 2848
3084 2794
402 2117
811 2103
548 574
392 734
2413 2130
70 3537
1227 3067
729 3215
2415 1128
3108 3164
830 1840
342 39
594 901
3627 2429
2457 347
1726 100
2920 1080
2929 644
3432 2016
697 3227
2790 2605
404 509
479 122
756 1055
102 364
2381 3489
1281 19
2261 2118
1483 3914
1490 3353
194 2002
1493 1520
2717 2025
1665 2136
2799 1004
1087 2051
1568 3198
3559 798
717 3109
2769 698
559 267
2843 209
851 2674
1840 1072
738 1645
1431 841
3535 3439
275 3103
3345 2162
3847 3344
2223 3740
234 3241
3725 1685
3552 2328
687 1247
333 2206
1901 1069
1104 2375
653 299
2934 184
64 2708
744 3977
1119 436
1242 1326
3780 2604
2002 1109
3336 170
3050 2251
1102 3960
3482 1818
726 2502
1373 395
2036 200
1950 1015
1156 724
951 3401
862 2638
2049 2971
198 1348
1034 2470
728 411
3007 3643
3229 2548
2712 2590
2935 1887
727 2854
1839 624
2686 825
1165 135
1011 131
681 3816
951 3925
2543 466
3403 976
1738 3252
3193 3504
1145 2610
3710 3831
387 1278
1408 2760
451 2838
1708 51
3811 2237
2288 2135
749 1959
2135 3243
436 3664
4000 3590
3684 1483
2317 2722
599 3951
3915 2827
893 3879
1774 3106
2548 954
3800 880
3510 3092
1140 3264
1382 3900
924 3811
3267 111
2643 3351
1762 2948
194 1563
3697 2541
1107 3008
150 2922
831 2571
3882 957
846 2022
2296 766
3548 1307
3082 1133
3124 1219
3489 2984
3929 1805
2563 276
2842 2663
3417 1255
2541 2141
1596 1672
961 1315
611 2895
1664 3769
3716 2441
3404 2739
2026 2370
3071 362
3600 2285
2664 1256
2678 1671
1689 3728
3734 708
362 1703
1864 3064
2326 2157
911 3300
550 3457
3062 741
3434 3558
2425 3638
3950 2593
814 1803
3417 381
133 3029
2546 1043
2332 2484
73 671
3099 530
3990 3233
2244 902
161 2437
2229 1590
714 2635
1552 1045
3924 2820
250 3108
491 1549
3560 191
2868 1731
1269 523
626 3531
2278 2333
789 3975
18 3646
2491 3373
388 3013
1320 828
2866 3857
2344 2444
1580 1337
2850 2636
3334 2072
160 1532
2396 2392
891 1441
3414 3528
1294 2841
2613 1909
3246 1589
3073 3057
41 424
1965 225
37 216
2631 2909
3016 3868
320 105
2933 1707
3147 1654
1625 1973
2283 163
1449 128
1888 1306
2690 2003
3735 3990
3207 2272
3360 2894
375 3211
3617 1272
2568 3026
1061 3533
3685 1719
1737 1865
2783 2678
3433 2380
3066 2411
1816 2717
3191 2795
2131 1474
199 2680
1640 3488
2037 663
3208 296
3192 3860
1866 183
1402 2665
3127 3434
2347 507
22 3200
783 3023
2633 1646
3365 788
1206 1039
3857 2122
26 3425
1914 2998
21 2396
1097 1510
3049 153
768 2153
2966 383
3170 705
3927 3776
1321 2780
1077 430
2510 1173
3363 545
1808 588
2596 860
3541 2759
2697 1679
925 547
465 3663
3801 1793
553 278
1640 56
1179 520
1538 3754
3840 1225
2940 1473
500 1587
457 3863
1257 109
2826 3946
3413 3173
3259 3432
2795 3662
764 1107
2106 1588
3171 1873
3602 2289
2865 851
298 76
1765 3119
3422 2057
3912 676
1401 2800
3508 390
629 366
1241 2241
3295 188
575 2695
2619 2977
206 1374
664 1324
17 1898
354 521
3277 235
3338 1882
3428 93
3228 559
2718 2702
281 683
1387 2354
2203 516
477 3459
1154 3735
2124 1652
2595 2629
428 1859
3806 1907
2388 3848
3349 3372
1897 738
283 2862
1268 1086
2536 1773
540 842
1370 3620
3102 3291
560 2803
2737 2644
2018 3909
902 3818
490 2174
1262 2941
2232 1572
1910 3647
753 871
627 566
3367 3924
2202 1696
3290 2492
2435 789
1045 713
2042 363
3539 3874
2062 3645
2148 3427
1698 1154
2402 49
2863 3245
2127 2736
3168 2209
99 172
3240 1739
427 1175
355 2086
3348 2512
3581 1313
2329 2305
1202 1059
647 2595
935 812
1610 3052
902 867
2171 1289
3224 853
2392 1910
1525 2821
2315 2351
1546 3613
3161 2705
3546 2801
1367 2612
2335 2768
2242 3054
1972 1250
3027 3658
1856 3734
921 1101
2941 2050
3304 1874
2050 2147
2620 1334
3729 2105
128 3782
3999 3409
322 2870
2585 229
2734 1067
3143 1171
3755 1975
3660 1242
958 2505
343 3628
3993 3796
3523 2839
3448 2287
670 1752
769 371
1168 717
449 55
667 634
3517 3001
1197 1085
3430 3398
3533 1600
3159 3972
1259 882
311 1305
907 2263
1482 1330
2488 928
3097 1401
147 271
1046 1987
2771 1991
3891 3505
1177 2844
636 376
1537 3214
3271 336
1966 3931
507 263
845 2888
517 1442
3252 806
2274 3367
2848 857
3901 219
1454 1417
2956 757
1571 324
1916 2587
255 3430
1359 352
1347 1224
454 3550
3692 1030
3185 2584
1306 4
2220 2019
3484 2228
3677 2831
2100 427
1410 2826
3897 1759
827 3589
2162 1789
3328 1460
536 1497
705 3801
3008 2065
2073 805
225 2631
1051 3781
1477 2280
1093 3120
3642 1960
2448 3573
2587 2990
498 915
784 3068
3533 1335
570 1786
1775 3087
1312 2093
1650 1985
1656 3102
673 425
703 813
1929 3175
1845 674
561 370
2762 1889
3841 1783
2602 3826
3005 3506
438 653
1544 2579
1634 2268
1095 3697
109 3783
937 1
1216 233
3499 3667
3419 38
1564 1469
1676 3808
2416 1893
1114 75
3220 1053
2822 3221
1301 1372
317 2833
589 569
696 2318
3782 3079
3557 1443
295 1170
3451 1664
1873 3629
1643 57
2728 935
1226 1317
2376 1077
2145 492
1125 774
2556 2630
2918 3854
794 2306
2733 2761
200 456
2297 3923
774 2521
45 2139
2685 1438
1520 3229
3533 2242
2783 1231
2377 951
3753 2083
1920 1710
1746 3474
1047 949
3951 3654
2428 1620
1553 1198
1066 2158
3852 2652
16 2850
1126 2846
787 966
1280 1640
1791 1261
3573 1912
2228 1429
3213 1146
1311 1726
1868 3767
1560 1687
2079 1214
2914 1089
2787 763
1551 3304
2436 2599
1529 3989
3607 3018
405 3429
2224 1232
2584 892
2755 1603
3081 3771
870 2382
1854 3714
3454 2288
1823 2883
1457 2600
291 1023
2721 920
685 3380
3221 3062
42 2533
3577 2432
2167 3501
3936 861
2804 3673
1354 1964
2387 3369
1811 428
3886 700
3076 2178
3983 2602
3317 2607
2538 827
1390 2014
2319 102
852 283
2656 2250
2871 3581
321 1567
3793 2892
2320 779
2160 2572
2294 2422
1865 2987
2408 2825
3645 750
3386 1422
721 1259
1739 2254
2308 3416
2945 1989
3931 649
1895 3033
847 3618
3407 1658
2658 2311
3741 3044
65 1668
2113 1435
3386 1621
1039 1982
550 714
151 2951
3920 205
1881 3183
1919 1190
1544 396
3332 2045
318 2698
2797 241
889 458
1592 555
3566 3950
3467 462
690 2111
3980 2777
936 997
2406 1548
3838 289
3502 1569
601 1017
3145 2528
723 1415
2114 742
1160 2878
329 3472
2482 1999
1223 506
146 3322
3013 1325
978 375
2169 1930
1266 288
3738 515
3799 3659
792 2982
3625 641
3824 101
2947 2149
422 3377
3218 1506
677 2793
1909 3045
3052 1544
733 3803
3154 3577
734 22
2013 2946
1946 872
1275 2121
3023 3983
1618 1866
3825 2478
1164 3685
91 817
755 2052
68 1209
2368 3559
813 2573
1719 194
1861 3541
3653 894
934 3423
1728 639
2563 2684
2512 2751
2668 940
121 2097
2111 2172
139 1122
2575 1149
1361 1115
420 3155
1795 479
1585 3121
2033 2409
3063 948
2279 512
1812 107
715 3825
3157 3289
2176 3447
2751 3180
3475 99
2961 1562
487 2589
2544 2790
442 2015
607 1461
3184 3433
742 1156
261 799
1979 1531
3394 1853
2527 2508
446 2633
3682 3350
812 3464
415 2245
3131 1037
586 2092
2713 3991
232 2657
3859 1896
1091 1650
2092 3554
2069 739
3779 2771
3736 2882
1440 1000
2814 1235
1057 1044
3565 3997
3814 1543
237 2531
2404 1227
580 3731
3769 1302
274 2039
2311 3694
3347 2522
3487 3651
3567 1785
3787 2658
2172 823
3476 58
1673 30
1990 95
2962 3878
1325 230
3637 2308
532 1016
1826 3830
2442 2925
1460 1763
3928 1619
1495 2712
2078 3956
3183 2524
3785 1440
2238 1512
2085 3255
534 1424
1338 1049
359 818
1060 24
1983 1891
3017 3576
378 917
349 3021
90 2834
894 1635
1481 2608
1879 190
3540 447
3366 2542
2241 2910
3805 2856
304 2271
3272 514
3578 408
3298 2881
2946 1594
858 780
3051 3778
3721 1775
1955 1414
3958 1756
62 3153
2384 668
15 730
3244 1034
2912 8
3949 3985
3212 333
3638 1331
1594 3764
3591 1113
547 3717
2024 1074
2200 2619
2663 11
1307 1314
646 980
1210 1388
178 179
2788 1826
2861 1046
2025 946
1957 803
3036 3050
2430 3207
3158 1165
2015 1068
3783 2362
752 3784
1522 69
1033 3268
828 3494
2562 1935
1054 1770
2807 801
2213 3334
2578 1487
2921 1681
1208 1737
610 1241
310 1564
1599 1629
3851 587
908 3399
504 2293
1801 1361
3227 977
2028 769
3956 581
3988 536
3481 178
3678 1821
1877 3953
1340 2583
2996 385
1478 3807
3959 692
2939 1396
1884 1312
2560 78
1197 1221
3424 1535
910 821
1015 1384
1391 2304
2982 619
1912 482
2146 312
1138 2973
3342 44
877 2898
1857 2818
2750 1172
2336 889
2177 1841
3822 2904
2976 438
1180 1557
1995 417
3043 937
1300 2108
2275 3361
529 3110
3747 220
2901 1996
1195 197
2955 538
2971 2436
2943 1318
2142 3556
3391 1741
2893 3539
2674 275
3275 3837
1932 126
3504 162
3486 2699
1852 1762
1540 1509
1436 3231
476 251
3378 3582
2507 3890
2637 3167
2800 2273
3247 1048
1342 1060
1820 35
421 3495
2890 3101
3722 945
2409 2240
1083 3096
3335 298
2256 73
410 592
1002 3867
1100 446
3789 3976
3968 518
1371 3290
3867 1251
706 656
2044 3257
224 2163
2047 1577
2836 3171
3942 3814
3456 661
2154 350
572 391
1058 1014
3622 3869
1453 1266
3866 727
3563 2481
1130 660
903 2797
3531 2191
2072 1655
3269 1801
2359 439
384 723
936 1615
1003 721
3289 1784
1834 522
2108 3368
1272 83
608 3359
1789 2243
1885 1748
885 1282
2141 532
2757 1303
3426 1167
3202 1144
2369 3815
863 2927
1993 3819
2599 2947
2675 2799
2533 1449
3337 2170
147 1056
1250 3239
3821 3748
1858 1845
69 3792
3512 3603
1406 3945
2710 2943
3150 3188
3402 3968
1386 2144
2030 838
3657 2341
809 1720
2539 748
1617 3403
3421 3614
1313 451
337 2167
2606 3470
3940 2874
335 3117
1279 1180
638 942
2759 2786
3786 1665
2091 568
1928 3560
66 1447
2716 3276
3142 353
2618 2959
1718 3964
2946 3063
2318 2926
1063 2383
350 3601
3994 133
1768 1504
1233 809
3803 1393
1561 1871
2299 315
188 3744
1521 681
2350 1950
940 3772
1090 972
2116 2907
1918 2323
3932 1478
3513 3049
1013 3383
930 1169
1756 3952
588 3755
3380 3184
1055 643
732 824
1534 3127
3341 3523
1146 1614
3937 3333
1624 1602
1920 584
969 1609
2789 496
1699 3984
1790 1844
2898 2725
1767 3246
2201 943
1606 1758
1593 98
1853 15
3647 2591
779 1578
3010 3955
3361 3206
1076 3514
1036 1723
758 1134
2481 2944
412 2622
32 250
959 334
3816 845
1096 2486
2188 2691
3769 1937
3354 2661
135 911
1908 474
1121 858
2666 1823
2553 953
3119 3228
2641 3181
3039 3542
2027 1258
97 2303
3490 91
940 3009
1796 2393
2756 2597
953 487
578 45
1296 32
2572 1359
2370 1035
1612 2732
2192 2808
1466 2501
916 2586
1921 429
429 3024
3943 146
47 2220
265 829
3276 3727
3939 1083
3564 693
59 3652
1413 3196
1749 667
3420 240
1680 392
3315 2403
577 1554
1981 1226
2112 3217
3536 1465
1941 1528
1027 2361
3626 2312
356 3981
3491 1546
3739 658
3583 2080
1445 2614
707 2659
3997 2785
1332 2523
478 2236
3107 2983
1026 2559
740 2615
869 2476
2765 3404
2094 525
2035 635
1752 3441
3438 2047
1763 2577
2844 1481
2080 1875
1678 26
3634 2482
1690 2889
1794 3306
3019 3244
3037 2609
848 3286
404 562
1842 1464
3296 1735
2424 930
191 1254
2500 2140
2016 870
1443 609
3723 2104
286 2672
1065 2114
3011 465
3057 3858
3465 3957
1024 1881
2880 2640
2143 1508
227 3882
2038 106
2109 3500
3666 1828
3619 1515
802 1416
2397 2843
661 2415
680 2259
1463 2169
1274 3074
1161 1634
1218 3076
36 469
46 565
3384 2423
3890 1274
2973 3799
1455 1958
1269 2296
1931 573
724 3341
3179 1764
1819 604
3592 2133
1554 472
3612 2824
582 1939
2423 1304
1898 2916
1510 3642
1886 2847
48 2455
3416 3600
1414 2714
441 3112
2357 3823
2487 1766
592 1428
4000 2931
765 3936
2722 630
1859 796
3651 591
1284 2491
1469 3330
3732 503
502 979
2805 542
389 3230
3401 243
731 3862
2478 2190
3511 1287
2490 932
1622 2231
2421 756
1253 3253
2374 1333
793 1519
3555 2967
3026 3226
786 1459
684 42
3689 2565
3702 2420
2574 478
1353 129
2926 3040
3288 3085
2395 3661
35 193
2235 2274
2363 1342
1341 1050
1601 16
489 2435
524 3413
619 3940
1069 3921
3556 2029
2803 3809
653 3178
3203 3407
949 2555
3514 621
88 1847
1476 1341
1234 3650
618 924
1157 1104
1945 3959
3370 262
3938 468
3804 2563
3769 2012
3718 2329
3842 3865
3781 1137
2670 1425
2983 3143
2799 4000
3586 3410
689 2676
452 1286
3306 1782
1936 3949
996 1545
757 1804
2959 1905
3235 664
235 3015
3743 2087
966 1177
2444 961
3979 3100
2099 675
1754 164
119 2286
947 2053
824 2222
1133 7
1505 20
2443 211
1172 3855
3624 405
3435 3384
443 2774
2743 1846
486 3698
1248 3805
1475 1700
3212 3602
2399 959
2783 2417
89 2788
2255 2807
635 1820
3775 1536
115 2074
2282 1280
3264 2398
2021 703
2692 2613
357 3729
1019 2810
2427 330
1871 3479
931 3885
1574 2729
3195 1406
3914 908
482 62
207 790
70 169
3478 422
1078 755
1687 1746
669 3139
1309 3672
1388 2513
1403 2155
2356 3126
2853 2876
241 3025
2904 3532
3715 1918
2595 2627
3742 1754
1696 1673
2526 3402
1704 2442
1113 203
1662 2930
762 406
360 1032
1635 3382
3532 2616
1092 148
2066 3285
2967 2598
565 152
1018 1596
3975 1182
2952 2536
8 2900
289 236
496 2828
2023 2740
2280 3041
487 923
3611 1327
1508 563
2725 1310
189 3035
1539 3760
839 2201
1971 1480
1867 2058
2243 3159
3778 697
1511 859
659 2558
904 72
3976 90
1128 2798
3286 3442
1261 2750
574 2338
2310 3526
1353 3037
913 1196
2361 2044
3399 14
3270 3136
2065 759
1776 2637
2991 1471
2154 3905
3406 1486
3794 1551
1082 1583
3133 868
2957 885
156 3568
2654 3275
3300 475
1451 944
2667 3922
515 2963
2303 2281
2691 1715
1905 2624
3865 2796
1786 2865
1760 3142
820 3387
3469 3866
6 3335
2313 1945
998 3292
2221 3133
3061 171
1228 2456
1271 459
3991 1857
674 960
617 3745
2567 1856
1004 2054
2592 378
2081 1954
2549 477
3188 67
662 177
2358 2156
2076 1990
2605 2132
3129 3411
2892 340
1185 2832
2523 1669
3350 3719
3473 939
1263 3456
3791 2430
2500 2011
93 1488
2953 2145
1579 3012
1219 3019
1200 3939
279 1730
2930 2514
1833 2469
369 2709
788 2010
2887 2088
2163 2687
1992 365
447 1561
1675 2127
100 1155
100 729
968 3149
2090 3179
3706 1995
3621 603
1806 551
2877 2532
153 3606
3528 3970
3160 1271
2001 258
3004 2256
1608 189
2875 2758
700 2858
2362 1213
1927 2770
798 2217
948 3408
1238 293
3229 3595
1949 546
3900 3055
296 3543
1813 2146
3836 3596
1620 1257
821 597
707 186
550 2700
236 2813
1741 3138
1028 2689
2345 3453
652 3081
2115 3998
3241 1772
2031 535
2583 308
1942 1657
25 1094
3146 412
2462 3446
1575 3756
1151 160
3326 3390
875 1411
1830 2414
2190 3091
530 3591
2965 444
3386 374
2128 1586
2515 304
3057 863
3101 2928
3426 782
2806 2194
2707 508
3595 2056
634 3131
1778 3886
1192 1779
1269 494
1550 3588
2580 1450
501 221
3479 1598
1005 2933
1465 3137
3629 1514
3906 2181
38 2902
2709 897
1040 3943
1420 1518
488 3452
1712 1482
1715 3355
2657 2842
3040 3689
3698 3250
2107 3017
1700 144
2590 1358
192 3048
1743 1199
1247 1942
2963 286
1603 990
484 321
3199 2371
3263 2929
312 2670
1987 2330
1503 1576
3053 689
1727 141
840 1265
2364 1717
3054 1794
3625 2013
3181 1711
2199 3681
3135 543
2662 2282
3870 3669
80 3746
2603 2723
2356 1366
1903 3709
3902 3544
2946 3965
2693 1166
2586 3887
2164 3248
951 434
1913 359
2813 3517
328 3723
1637 1500
2499 3314
3707 1371
1236 322
3726 3379
805 2364
2341 1757
208 3665
1439 900
2337 2594
1201 909
173 752
2820 679
3079 344
3744 617
485 2735
1547 2671
1043 2347
418 305
2845 463
701 2006
3683 3169
682 3786
912 561
932 2752
2802 1929
3690 1124
849 3627
3562 777
927 161
2041 2741
863 224
3644 2747
2346 399
2302 981
3813 3535
2260 539
2534 2819
2236 655
3614 2175
3046 9
2537 3993
2117 690
777 3522
2168 3583
82 3141
656 450
1395 907
110 3587
3863 2564
475 982
3526 775
3844 1524
1602 599
1026 3639
267 1709
1582 1983
2954 3104
3034 3420
83 1090
3944 642
929 1321
1899 1141
2818 2472
2630 455
1733 3592
527 3619
3109 927
933 3051
1818 1181
3074 307
3030 3995
2269 3789
3318 245
862 2358
3118 2447
1444 1380
2229 3406
292 2208
942 1477
1396 1066
1450 2581
2669 82
3589 732
665 2953
856 1527
3320 124
1959 1389
1179 416
3222 3927
1723 1490
842 684
2879 1160
400 1202
3930 1223
1374 3273
1128 2675
914 2032
622 2275
2230 3609
1434 1732
3187 467
208 3873
1362 132
1459 2451
3935 1365
3098 2887
3883 3827
1409 631
3041 835
3211 1788
1269 2082
554 526
226 1811
114 2913
1727 733
1462 1347
2001 2166
1085 1740
1407 1495
553 753
3601 2230
943 577
3083 2345
1984 2084
3373 1870
3165 1018
3103 3832
1350 1237
497 3498
444 2037
2960 2525
2378 1492
3817 1925
1838 716
3092 678
3664 3486
3971 3987
78 3822
1874 167
3879 673
2648 1097
259 71
1713 1806
919 2955
3588 519
3464 1216
269 571
1479 1283
3807 3082
2438 830
3186 1145
3381 1977
2166 992
2208 1210
2066 13
1012 2694
403 3177
2840 1357
3262 1722
3590 2400
53 3739
1991 3232
2776 2710
2924 2098
3776 1234
2292 36
3542 501
2514 965
1089 355
1705 1076
231 2886
2233 136
327 1667
1944 2376
2305 1917
3426 3716
1337 335
2063 1900
319 2313
1364 760
2086 31
3701 1378
247 3978
3215 349
3751 1800
98 176
2456 694
1549 1463
948 3610
3063 1819
2420 2991
3659 1908
2754 749
390 435
3425 2547
2948 1538
1674 666
508 1062
193 337
3584 3027
2569 3785
817 97
1175 1299
2535 159
2291 3621
3973 2401
855 3039
3996 3895
117 3674
2738 1986
2059 2530
1964 776
1489 327
2938 2924
1509 570
1844 1472
2295 2703
132 314
3069 3061
2715 3812
233 3706
2353 3466
1433 3328
2593 2969
1358 3340
1041 464
11 3763
1203 528
3693 926
1229 1683
1031 929
797 1150
1425 770
1702 998
3727 3161
3094 1832
2352 2745
2412 2518
2504 938
492 2535
566 2806
1518 1966
1009 2059
2214 2298
3418 2066
1985 1233
1006 113
2980 560
1530 1058
483 3260
2067 3979
1347 201
3231 1926
2263 919
1803 2830
1504 970
1144 2055
1740 280
2231 808
1348 104
880 268
1084 1854
995 449
2632 2445
3561 3265
3861 2677
2969 1663
1611 576
3462 1592
431 696
2727 2027
3509 3480
1849 2534
691 1827
350 589
1251 1013
3177 343
3802 3151
3777 1659
1573 3468
3537 2853
2829 3219
2681 3473
2864 704
597 1956
1488 2996
2398 2061
920 437
2932 695
3014 110
2905 1884
2051 3135
2876 3720
325 2765
3015 2734
1641 149
1982 590
3829 3022
2004 2686
948 2660
190 3988
2096 1382
3021 3742
1042 329
3840 3212
3633 648
2779 964
3077 3599
1729 2368
3441 1971
3042 3930
3674 3864
1479 2621
3982 2063
2187 815
1135 94
551 2650
688 2151
2340 1940
120 1091
832 1613
1324 1502
2087 784
2640 3269
4 1558
3888 3856
2239 3676
1597 2269
2101 2849
408 1281
3358 2985
2561 1771
1053 2811
2676 615
716 2193
3406 1249
2946 3695
1171 3166
2747 816
3173 3125
3933 325
282 318
3620 1453
3130 338
3236 29
2241 878
1555 1009
614 2342
3831 476
3316 2119
571 3982
2927 3765
1655 2601
2852 1336
3661 1934
2437 1505
1661 1385
3152 1153
2860 1876
539 3007
940 1273
2298 3499
2819 3394
2257 3948
2607 1036
645 1861
1703 2726
883 3263
1953 2515
3649 2859
2564 3170
2312 3431
1814 1597
3299 3345
1269 2656
2767 797
3485 3475
2323 978
1285 3247
19 1399
94 2520
1711 261
1947 249
776 419
3261 2278
2304 3123
2097 228
985 3281
512 452
1116 1404
2872 1979
1724 3358
3385 103
1118 2958
2149 2407
1683 2419
417 3168
2817 2762
3437 2822
987 274
3466 1099
3194 1117
1186 2526
3658 1765
526 1345
3969 3524
401 550
2695 2171
222 3630
2060 2511
3324 612
595 1207
2979 3641
75 252
657 218
2259 360
676 2262
1507 2742
3785 313
3064 3191
3200 607
3217 1189
1207 3872
3635 2837
2612 1033
3575 2071
1035 1123
1943 3849
2923 1637
519 2075
1677 497
2874 2255
124 3821
1231 1798
1457 2418
3073 2901
1976 2300
3981 2965
857 3578
2558 3721
1081 2150
1473 46
2088 781
1889 192
373 2737
240 531
3122 1692
637 688
2173 3777
3012 2033
2067 2138
3052 3445
104 431
772 3708
3771 3675
2594 3502
2066 2186
3431 34
2159 1078
3680 1976
3126 3002
558 61
1183 2060
3245 3518
3797 1391
973 2319
2422 847
1605 3262
361 2483
1882 2497
2768 1570
2925 2649
810 2320
2161 2463
2104 629
2048 1529
1349 2004
993 1636
2678 1187
3763 1684
394 1915
2147 3060
2588 1943
3065 3224
3360 865
1766 88
223 1902
3115 3926
300 168
1978 389
3767 921
347 3508
2089 1383
604 3073
1000 3189
348 1582
419 234
917 2450
293 2359
3731 1691
2351 3881
3810 3148
2522 2485
3941 1267
1735 445
874 1263
2849 3366
1714 1152
1166 747
801 3992
2951 914
1098 3332
1121 1630
735 1575
1501 795
299 3668
678 1019
3551 1869
2055 983
1615 3569
3111 1686
794 2416
3311 1702
1671 2404
3757 2067
1635 2443
2987 2873
1800 1355
1524 2510
3643 2448
3616 3014
1536 633
3260 702
336 1968
3717 120
2581 598
228 3732
1439 2778
1282 3458
1772 1139
3668 3594
3827 10
244 1102
964 266
980 2546
941 968
598 2152
2486 768
3237 346
1194 3249
3926 1451
3804 1791
704 3624
2139 3718
2156 1061
3773 2028
876 2215
338 1511
1876 3006
596 511
3190 1933
2753 1769
1472 3527
3823 3327
1692 1377
2284 3828
888 384
781 819
3496 2978
1189 3235
1855 2008
1347 2090
2434 3089
1667 2131
3832 2200
1614 300
314 204
180 963
1360 2005
2151 1787
2741 1470
2281 745
818 1981
363 115
3078 291
3427 470
775 743
1385 3847
3567 1351
1334 580
2184 1174
1980 3491
1894 1098
3525 1457
510 3397
3765 92
2196 157
576 712
1123 2880
1581 1400
1421 2529
1418 3888
2242 1456
982 1749
1117 899
1345 628
3331 826
1572 2253
434 3321
1846 3011
1448 2498
1170 1292
2342 3562
1286 3337
1276 3725
30 2335
1127 1031
778 3521
2005 1408
751 2353
1220 680
76 3580
1893 3072
2180 2718
957 1052
179 1320
2708 1212
3864 3715
214 1010
334 306
719 1808
3226 2365
1956 3
2839 3974
2382 3312
739 1369
3250 3962
2518 556
3752 1096
2824 3916
3360 1201
2461 3917
983 47
895 2697
112 498
366 1795
2393 1649
3849 832
654 1755
1974 1688
1770 3552
3854 2507
2219 925
3029 1246
3484 2465
3024 60
3280 3343
284 3617
1988 3906
1147 1610
1843 3347
1893 3418
3704 2490
2276 2069
3694 121
1807 33
1631 2355
2484 1858
260 1604
101 3129
1819 3820
2913 1605
3206 1718
3860 3938
1365 3266
3662 2198
2565 1040
2225 1082
1412 765
334 1611
948 3056
3001 2363
1685 175
860 485
1203 3204
411 2216
1744 2373
2548 593
1471 1363
3306 3806
3169 3223
3405 3326
3609 2177
2253 2861
1519 1073
1566 2867
208 3395
1595 265
1922 2746
84 3294
1211 196
3278 3941
2174 3346
301 1579
3498 2284
1484 457
1924 2405
2811 3362
3543 3797
1319 247
2251 792
142 1042
1559 2161
1405 540
3582 611
926 397
1636 480
2629 3768
1335 3687
3709 3282
1837 3365
2498 1159
1658 3319
2189 1445
57 3065
3329 140
2532 1863
391 1352
3809 2199
2 2385
1570 212
1380 53
28 388
215 3762
118 3059
3242 3901
1960 2334
3080 214
2434 2517
3599 2062
2405 2310
3401 156
3327 877
648 1993
1121 2562
3021 731
691 3088
3127 579
1517 351
2479 2950
1926 3634
3903 1550
3593 1928
746 3455
3946 3841
1883 995
3954 2248
3255 3774
2642 2769
3106 3780
2782 2556
1353 1195
445 2452
2812 1694
3516 2494
3400 685
3646 1695
3757 2434
1137 594
2492 2339
750 3405
3931 1162
3712 1108
2650 3174
847 3316
3429 2246
1516 3693
54 1387
2179 3299
1758 524
2521 2213
1038 2976
2447 3615
2017 1734
2483 1452
2977 2835
643 1807
773 1240
2354 2049
1646 2744
3570 3186
3910 969
2985 1197
3292 3461
1671 2696
2646 202
3321 2315
2714 3986
111 3572
2994 213
2742 3842
2285 2302
2010 1555
3239 3256
3746 3098
1094 2390
1769 3892
1557 377
31 1135
3519 3080
2784 3462
1994 489
3281 3010
3185 2048
1659 1142
2045 1455
803 2397
1543 6
1303 1022
3355 2704
3185 2576
3314 114
2414 1877
2012 1105
2675 145
2726 2218
1822 2091
3774 1776
2885 848
2706 2106
370 3190
167 3465
2401 2173
3909 3898
3803 404
1232 2489
2645 426
2121 3220
1841 2165
424 2981
2910 3712
3784 3836
95 1591
2459 839
3256 3853
2701 2757
3176 3020
107 3090
3409 3298
951 2239
1056 553
800 2283
3604 3443
3913 2123
2215 3710
797 3525
1424 637
3052 2020
844 1476
168 3692
760 3158
3268 1205
3987 2428
3392 3655
3554 3124
499 1697
3358 1148
3346 380
3406 2516
3446 3700
2680 3421
3412 1693
368 3236
3613 2775
567 253
2474 3172
1304 2096
579 1533
882 239
807 2539
468 1653
1182 3688
3985 2431
2150 3861
2653 3649
1612 2815
2477 3553
511 3163
1628 281
1780 910
2835 127
2699 2937
3316 1131
2691 1897
396 1353
1375 3360
3869 2932
3387 2537
1038 2379
3088 1625
1809 578
3039 1938
1115 3616
2144 1541
759 1894
2429 3038
3871 3318
2976 3870
825 1839
1527 3794
3770 2804
2704 1434
1404 771
3696 272
1447 3278
3167 3202
2300 1530
1245 3130
3963 3307
822 3364
2407 1631
2993 1294
691 2234
859 3699
2360 2187
2386 3122
1378 2871
2553 905
2997 3147
2511 1168
1396 1724
3802 1176
3961 1608
3873 537
1753 2391
1329 414
2040 596
345 270
2647 1024
3243 1183
1415 2468
3060 2711
3132 2204
376 2076
3670 1624
709 844
549 1680
2766 331
2058 2094
2673 2993
61 3835
2931 3829
1050 3107
3426 837
3538 2923
3874 2479
3253 2540
909 1627
543 481
257 955
144 287
203 3893
3812 3584
974 3747
1067 822
136 2374
194 2077
495 1992
2974 290
2277 1953
71 3686
1032 3726
521 1574
1103 2366
3002 662
2873 3084
3198 2934
237 3749
1190 2326
3720 2294
1110 1647
1577 2906
3128 1356
3031 1466
2157 735
3163 3032
2529 255
3995 1932
346 143
2093 3585
1962 1556
1648 1409
3892 257
1068 2041
1148 699
642 1407
630 1867
1777 533
2626 3549
1432 862
886 2917
1528 345
285 1921
3454 3795
3421 3301
1939 255
504 3090
834 1010
1367 396
1709 3534
3637 3939
317 3513
1092 734
2158 757
126 3382
3948 1149
1139 3765
571 785
759 2155
721 216
429 2764
2698 1051
2838 316
3155 1716
2230 3168
842 2118
3477 2765
1702 2652
144 1453
1562 1350
3789 427
440 1041
3166 26
3805 2992
685 304
2983 3449
2861 595
2612 1544
3593 2236
2211 458
1010 150
3474 2893
1982 2291
3908 1419
1588 1854
1750 2949
3864 1388
2284 1005
153 719
2432 1651
623 1975
1977 3272
243 663
3233 1020
2174 319
753 1438
3557 3246
920 2381
1140 2402
1471 2163
552 168
923 451
1895 3521
3281 1117
3426 441
3568 3733
339 2416
1294 3346
2660 2762
1329 1978
3583 607
344 151
1940 69
326 3159
1105 188
2738 2963
3283 3669
1884 863
1320 2252
3833 3543
2968 1641
3435 1431
567 407
1025 3722
3356 1318
3609 417
2468 1534
2323 292
856 1234
2562 356
1902 2843
2245 2300
1792 613
1132 887
1971 2288
432 1704
1337 1948
2913 2457
1791 511
1071 388
2928 575
238 812
569 1281
15 1546
2670 528
2140 2409
1938 3173
1660 105
413 836
2182 389
207 327
666 329
1563 2822
1574 3600
772 167
2040 1261
1018 2859
2730 3207
954 178
3901 351
2693 2960
3135 2407
3515 556
497 1707
3221 3436
1038 98
609 3916
2937 1015
173 1252
316 2176
55 2087
1314 3108
1029 135
2032 1449
2267 273
2128 903
2176 2746
3655 2701
182 3481
1898 2205
25 682
507 385
384 2767
1573 1115
1746 3539
2597 31
1257 2105
3814 2188
2717 1344
2052 2275
2278 1726
3110 2046
3574 2970
379 1272
333 1123
3005 3283
3720 200
2146 3151
2380 3234
1934 2400
3162 1745
1867 1241
3408 1650
2742 1287
3847 2715
3471 229
3109 2604
1501 1576
420 1996
2623 1202
1042 1395
2434 531
1353 1367
3506 193
414 591
2725 2270
2376 844
2207 2307
1224 60
635 1227
858 2552
3003 2549
1810 824
3519 1104
1428 2256
2455 1359
1853 3613
3751 520
1980 730
2191 1467
2173 1724
3323 3589
457 1970
1736 710
3432 2286
2904 3114
3341 3667
683 2565
2161 3098
2964 1276
3649 2372
818 3965
3128 2257
3760 945
3123 286
2145 3044
1225 3402
2808 3414
1706 3064
2149 3135
155 902
3710 3095
3910 97
2053 3116
3352 3048
665 265
2805 763
3658 123
280 2785
3909 1156
1341 1944
3035 2477
3284 240
307 1954
3228 1701
2929 3826
1414 570
2647 3673
1135 2736
1163 2063
1911 917
2412 2429
1259 37
3163 2608
1799 2294
3966 3245
2743 3899
3509 3690
230 1058
3485 3632
633 2374
3828 2891
1908 3290
625 3525
111 1213
919 2249
3499 2839
53 2119
3647 1782
1661 1744
1802 681
2930 632
3869 1219
2451 1236
1638 3060
455 1037
996 1837
596 1791
3778 629
340 2553
1703 1843
2945 323
3512 2567
3532 1169
1642 2327
3603 3368
3953 2229
2160 2424
2852 3516
1907 1985
3481 954
2724 2386
2144 2748
2198 2562
1500 3633
3186 405
121 3409
1240 1958
1515 1442
46 3882
1117 3010
534 277
2565 3656
1364 563
2410 769
3673 1024
2252 828
488 855
1024 2804
787 38
22 2080
271 420
1154 2446
682 713
2349 1217
522 911
1976 2245
380 1294
355 2986
2516 133
3887 747
2436 3817
3761 2505
2575 2345
2335 1575
2774 920
1166 3887
2123 947
1576 397
2931 2361
269 1192
3821 1
1774 161
2302 521
2131 1278
820 1340
593 1807
3701 767
3189 3915
2287 3015
1209 228
3745 766
1577 27
3094 3785
1346 2503
2066 261
1488 689
1542 159
1850 594
693 602
792 1538
1618 1965
1694 1817
750 336
3043 3748
3260 1246
3846 3311
2943 3356
2454 699
944 3439
1031 848
2234 477
2199 1790
1620 3503
295 2851
3218 2854
3849 875
1590 1758
854 284
2324 1865
2274 2663
3025 163
3809 1844
2840 2238
2433 618
2474 2749
1151 264
656 1759
3208 3248
3588 1352
977 328
970 1478
2009 1662
1302 2219
2646 2873
2423 677
1811 184
409 2643
2617 215
3490 3412
2824 609
2288 1480
700 3540
1262 2169
395 1151
2498 1705
3721 3695
198 3156
1631 1087
1322 2450
3635 3952
392 1092
1814 3467
2847 3668
360 1905
967 1437
814 530
1789 2581
3248 3550
2283 3025
3996 2470
1995 3609
3374 3616
3444 2289
3339 2491
2159 1718
2356 3141
3066 434
3420 3284
3931 3310
611 3685
1748 2055
3475 881
651 2521
1424 1717
214 2922
2714 1509
2620 2320
3083 2575
846 3900
1442 3619
807 2613
3297 54
288 2834
909 581
3394 2775
2082 3907
1580 564
1084 1588
83 2603
3554 2914
3232 1446
3410 3389
2016 381
3134 1226
1321 122
110 1283
2214 2197
3161 275
1738 3092
1540 2714
3999 121
3539 1687
3344 2703
1288 172
2386 1657
1180 653
3561 2720
3440 3348
1127 3286
2699 1384
758 876
525 1422
2984 2185
194 3582
3371 3273
2883 847
749 2868
3318 3959
2157 2768
2942 3617
730 3491
1751 878
2766 759
3752 2017
3271 750
3734 3240
1899 2966
43 3485
1570 2157
1691 2807
3685 2895
1249 508
3266 1535
1652 1825
235 2287
1467 840
3787 471
3925 2328
1655 628
2591 3306
3287 250
2645 2068
3250 3831
3051 366
809 2700
1712 1805
2080 3200
91 3460
2823 1652
1941 906
2264 4
791 3204
2282 2806
1925 2436
1265 77
1070 1339
3020 2743
1413 1231
2063 3059
551 3642
3311 3056
2253 1207
2855 1399
1242 125
1493 2508
1647 3351
3917 1353
2532 744
2768 735
2489 3390
3829 1332
3877 3608
2728 2655
1191 2750
833 2009
1420 3152
690 1524
2116 3997
3237 656
3723 697
1878 1297
3653 233
164 3478
2556 1741
3370 2196
1261 596
124 1222
3117 1577
2137 289
582 3430
2690 896
373 3960
1996 3155
2538 1857
1313 923
3207 1411
3082 3458
2092 1089
942 1315
352 2889
1773 3453
1582 3598
2318 257
1619 129
3412 1697
2257 3058
1441 3397
3845 1680
1779 269
2622 2123
1027 2931
3992 3731
2836 2497
2228 1160
1434 3563
2521 3604
1601 3877
2256 1961
467 2490
3023 813
1231 3196
421 2726
2413 1061
1037 2630
2242 439
3678 567
2998 3963
84 3132
404 57
94 2127
254 2984
103 3762
1110 1812
1463 1262
2312 3063
2368 2330
788 2008
594 675
1130 3139
2571 3680
3434 1106
1985 2465
1719 611
3735 1688
1989 217
1948 335
2394 2486
2309 3970
3806 1095
3596 3867
130 1587
2557 70
3231 2784
3652 247
3624 2610
2203 2029
961 942
3880 889
118 59
3363 2741
3773 3520
3543 3000
884 2267
1119 3256
302 1455
2393 2034
523 192
1107 259
868 605
1284 3219
2025 1556
253 1143
1456 983
2529 1939
650 1124
936 3270
799 1893
1021 3787
2653 402
104 1603
1199 36
1048 394
1090 1684
403 1766
537 3029
3797 3833
3969 2918
93 2676
1061 2130
2155 1894
1927 2385
1544 1033
584 776
965 3768
719 3067
2213 651
3097 918
653 1557
3400 2271
3455 367
3320 3635
2008 3365
169 3774
3389 3928
3045 3269
145 3717
3476 765
3148 165
225 2744
3372 1733
1728 1085
1306 249
3709 3403
1890 2544
291 1418
885 1747
48 352
3380 2515
239 854
3942 2691
3430 1784
446 39
2962 3891
2954 1304
974 3736
260 2473
2367 3518
2148 2929
624 2681
1956 2974
2661 3077
1821 1181
1328 32
2055 1456
3987 2150
17 1512
3932 970
3219 967
281 1040
3191 956
2438 1060
1290 3211
2691 3814
1185 1086
2991 2517
362 3347
2348 2187
273 1364
3229 1074
1697 1693
2162 598
3650 856
3836 1251
405 1145
2938 1511
1449 2297
1332 306
3482 3324
2581 2162
2788 1912
1079 1289
3235 568
627 1280
3913 2053
3531 1656
251 3698
1400 943
2974 597
3278 3569
2810 3293
2058 610
88 403
415 1530
1826 3573
1093 1286
1726 2333
2219 1008
3871 692
555 3376
2953 1595
1963 837
3053 1488
248 835
2584 3894
1195 3917
2686 950
3122 1942
1104 143
100 2278
3819 1091
1352 1550
2339 2973
819 272
3324 1818
3612 2346
3648 359
3188 2276
1611 1952
2166 301
1755 3881
1909 807
2000 3651
1815 2246
2167 1798
85 2687
416 680
2921 3167
58 1412
3993 1053
3224 1727
674 1555
716 237
1256 1423
3269 1335
3584 1366
301 2001
2704 1017
2364 688
768 222
2994 667
242 500
3156 2014
2021 3983
1633 1139
906 1528
3200 3583
574 2920
2297 2533
78 3017
2346 2824
3263 2148
304 3380
3446 2469
1247 1377
1734 3752
3602 1218
3328 2551
2002 3378
3945 2166
196 557
2895 1164
1057 260
3620 144
1933 3317
966 3419
364 3657
2106 3714
3196 3005
2254 1856
3052 3268
2582 880
1560 2479
1657 3122
1900 118
1177 2828
3762 3385
3479 3740
1323 1006
3560 2574
3415 975
3666 3096
3015 2656
1366 3027
120 3819
777 2181
1407 3914
1444 2579
3520 2028
2710 2202
2473 1604
3355 3393
343 1331
1919 3597
21 2154
1651 2026
3586 1494
3640 3266
97 969
855 3452
2480 1502
1296 248
496 1177
338 2938
498 101
3742 3432
3120 452
3524 399
1330 2545
1781 3883
2427 3859
1255 3919
3631 3255
3537 2557
707 3364
3261 100
3226 303
1566 1760
2508 3417
3322 988
3252 3510
2754 1731
2068 3853
1205 1147
1549 2941
2630 3391
138 2818
1200 3637
426 3175
2017 1096
189 3553
2272 1049
1418 1023
2483 781
2629 1830
3306 1238
798 1046
3929 1712
3661 2989
2831 1601
1187 1913
3016 1737
1387 1082
2636 2132
1309 507
2453 1126
2586 3545
661 2917
2238 1357
857 3618
1797 2336
3033 778
3090 2293
718 149
3288 1582
3675 268
2372 2653
1014 3013
3172 3415
3014 952
2672 1391
2113 465
1993 1637
448 2956
2864 3866
3748 937
221 2997
3667 3523
3890 673
3192 2952
2064 3575
2849 2642
2719 525
3601 2209
492 3741
3079 2951
886 661
1186 676
2127 2520
1047 535
2250 3552
1401 175
1592 1436
1897 3981
2015 484
1067 2600
1276 2273
2767 723
3429 3186
891 454
2035 1270
1172 1191
1715 3942
3517 1072
1767 3557
1351 369
2531 716
2885 1031
2420 1108
1174 3188
960 2010
3451 1694
3141 1661
536 1268
3168 3601
1626 934
3822 2107
1833 2085
3126 82
1930 185
3863 201
284 2942
3002 2669
1285 3884
2369 2120
2536 3192
211 791
2428 1081
2405 45
2624 360
2036 3720
1269 2033
2911 2971
3084 1417
1273 235
875 832
531 1785
4000 2044
1813 3737
2539 2692
146 1628
11 2274
3792 2478
2837 1756
2818 2615
475 991
3039 488
2881 2658
1612 47
2961 2798
679 2389
3058 3948
1282 7
2579 1380
3947 2342
2909 2633
945 1539
2789 2844
1891 693
3830 2448
2523 3870
3300 2495
1605 1695
2797 2128
237 2193
1772 1633
2430 2730
2478 1725
1016 3649
3411 3461
3713 3353
2403 3591
1362 1564
639 1197
2138 2707
368 2649
2121 2456
3325 2907
1355 1935
180 3043
2435 2759
2129 1932
87 2420
3784 1013
2721 3489
632 2514
681 3548
1961 3004
843 2835
3759 1042
107 1110
1137 1850
2916 3846
659 72
1376 1780
1188 1426
3689 2753
3069 375
2956 2158
2424 2572
1954 3074
3114 3532
3213 738
2736 94
731 3280
366 933
2858 2999
2515 3184
3093 1619
765 2919
3529 2095
1936 2090
1685 1401
590 3855
3737 2146
2291 590
1679 3223
2803 1472
1880 2422
3034 1136
1001 2884
863 1312
1613 731
3951 2496
696 955
36 1743
151 3079
464 3494
3545 916
3676 958
2688 2838
998 3285
3007 1301
3915 1000
3369 2783
2593 2995
3714 2706
3906 777
3378 194
3461 1302
3062 2554
2325 1465
587 877
2200 2761
3185 2666
1862 2382
1465 1649
1614 1600
3443 1125
3525 888
228 1184
2262 1709
1275 694
2934 1811
3566 3386
16 2831
2109 3893
2763 3325
3978 3652
3682 3217
3656 3689
5 3938
1399 1676
2492 3799
3774 2638
2418 2760
1491 3661
937 3821
320 1813
2429 1235
149 2968
2534 1686
2263 1239
1550 461
528 1425
629 3051
1625 3825
3175 2645
3654 2265
3717 2290
550 2340
1860 678
2601 1345
1641 3636
425 3854
3456 657
1385 3697
1030 3129
324 1420
1882 1873
935 238
2522 480
3143 2547
1851 3602
154 358
3610 2771
955 431
3619 1957
2361 4000
1777 3905
737 2882
1415 3127
1713 2334
2673 3086
2707 1249
275 3727
2205 2916
3556 2203
2134 3568
1370 287
2442 432
3702 87
1003 1931
66 3360
363 20
2541 119
3075 726
3895 1034
2185 2081
2648 3857
1503 1501
1863 2899
2948 792
2231 652
2800 1685
2054 2877
2554 741
687 1729
2465 1233
3544 406
356 1897
261 3418
3775 3551
1960 551
3636 829
1241 2058
2683 411
3741 2535
1865 202
2792 225
1887 3465
1078 3206
2627 3154
3139 1640
2383 3841
3817 2599
445 1264
1688 1154
2880 2003
3580 3426
1973 3421
482 2869
2031 1047
2404 3182
3153 3650
1170 3180
3503 2428
227 46
3496 2170
779 2620
3816 1802
3478 1923
816 1167
1457 625
3092 3252
101 915
520 1800
1182 645
2604 717
3534 3751
3857 2936
1523 1296
559 313
975 2020
2072 1392
1741 2782
2952 3860
3119 2894
2817 2660
850 922
274 867
1606 1590
3815 106
911 1834
3103 3276
2005 3757
1181 3678
3824 857
1903 976
157 3291
1425 1203
2120 3815
179 2696
703 3023
1693 499
270 1338
2289 1851
1196 33
2741 2777
442 321
82 2356
3563 649
1942 1692
1060 1771
3193 2888
1508 3158
2978 3337
1169 2616
178 1827
3425 3143
1818 1821
3900 2022
2922 3080
2941 1463
1630 3744
626 3102
1947 1306
159 2598
689 93
217 3738
1680 148
2299 2482
2572 2455
3102 3531
867 2039
1184 2097
2461 1195
2882 974
2558 2901
3736 3747
481 2947
930 2160
2676 3428
767 1378
3487 2000
2759 489
143 2375
1398 517
370 1036
527 803
241 864
1394 2593
2342 1998
825 939
3690 650
358 3704
1121 3230
1369 3686
347 3314
1828 1083
2239 3586
2321 729
2352 904
51 1153
1823 3316
3754 3050
152 1343
1988 3522
2605 2636
3590 2817
2398 1824
3268 1610
3337 3496
1717 637
117 1736
3059 1900
3507 2981
3790 1084
2580 2243
516 2035
612 3482
3668 1279
2901 3721
2944 2628
2327 58
3613 3394
1148 2019
3238 2584
1517 3901
116 468
2378 3422
547 145
300 552
3187 932
3812 3558
3547 1178
1992 862
722 1668
2639 732
165 1644
3495 1703
995 3068
783 2573
2654 2857
303 2365
3286 963
81 2430
1426 987
727 3218
427 2269
2117 2510
210 3030
3498 2933
831 1976
3342 2198
385 263
562 1643
3722 3760
2548 2739
916 1370
3259 3742
1283 3587
3965 1981
3364 211
441 2084
3523 3499
2170 3322
1981 3134
3151 312
3569 3941
2007 1365
1669 714
1053 3796
308 1059
3916 1443
375 3061
1326 3922
2551 1433
2471 3238
1505 2074
3064 3178
3914 642
3125 1594
3309 2064
3861 2338
3056 1702
2893 1746
367 780
2218 421
1278 1667
1096 2394
2780 479
1921 1732
377 2976
3095 2215
247 1639
412 2592
2104 3778
808 3085
829 665
2472 740
444 494
2734 2501
3811 879
2328 2975
3600 2729
1066 1864
2542 1842
692 3671
658 2082
3057 2093
423 3810
841 1734
1720 466
435 2030
3695 1775
459 2471
1046 2217
3257 2675
1541 796
2613 2539
258 3202
3943 281
2525 2693
2745 3179
47 2563
1935 715
1419 3303
323 1989
212 2326
2659 2134
3827 865
3158 2143
513 3655
905 1793
2370 2012
2812 3451
873 3537
2073 1787
2524 3297
1778 1561
240 2434
686 3105
1477 961
1113 2403
137 2054
1670 1056
2706 2043
1756 3813
2201 1683
1768 3082
1263 218
3542 1654
1267 936
771 19
3838 2137
1161 1772
1068 545
786 2870
3280 3021
3962 3710
430 2133
1388 3674
2833 1485
1575 30
1072 3001
1644 513
3726 2618
166 88
3985 1462
1727 853
2402 3264
219 1517
2846 3904
76 3716
1859 3198
3484 2878
59 3978
2217 2861
1036 561
3930 2390
3115 3615
3070 2964
1937 1753
3755 623
1742 910
1380 2772
1834 3300
1157 3519
3403 1903
2782 3138
2773 3259
348 3288
479 1321
3589 2713
3264 585
1143 1988
1069 1608
2552 1237
2449 2773
3214 2540
1101 977
3447 2559
2919 3936
852 136
1308 187
1739 3734
1211 984
92 1991
181 3157
2700 1720
805 2151
713 3786
140 3976
544 52
3331 3326
2506 3128
3982 1163
3124 695
728 2958
2409 2500
3113 841
723 579
3740 1598
2047 554
3210 2476
1986 515
2354 2225
2649 3236
2982 2948
3330 1589
2822 3852
2247 2809
2599 481
2422 1799
766 2449
3559 1987
3964 964
2708 2350
2097 3999
3941 1615
13 1711
3696 3133
939 2686
3027 12
411 1118
1561 1629
2212 274
1176 3377
3019 3869
3028 1937
2712 3684
3896 2928
64 1950
2799 3257
495 2358
74 2763
1917 1330
2967 2103
191 3480
341 1533
2996 3053
1589 1469
2470 3895
1379 2218
1345 1655
601 2704
2569 2728
2989 1934
3565 2116
3203 3805
581 1201
3494 153
193 3621
2004 2357
515 2738
2592 2622
1758 1026
2560 3576
1678 3166
3289 181
958 3761
959 1039
1243 28
2294 2036
2347 1309
2925 29
3530 2392
1632 3084
1718 266
2884 2836
2587 1990
2781 2770
108 3160
3414 486
1608 1901
907 1721
3921 3961
1324 1822
3076 3840
3939 1828
2306 498
386 2863
1548 3998
1357 221
2496 599
1123 3820
357 109
3101 2695
3595 2024
2087 40
1436 3462
1643 404
1692 1247
96 1750
3728 1144
3074 893
1681 3006
2118 540
485 1529
490 2313
642 908
234 1634
2633 342
20 115
2359 2242
2319 1757
3146 378
743 371
992 3945
299 1180
2019 948
2848 3824
1246 156
3362 2537
931 2590
2060 670
1732 429
1348 990
3011 3176
1879 3445
287 3620
2192 3528
1667 207
2600 822
698 2101
171 2323
402 1173
3173 1486
3358 2173
2898 3201
3970 2192
1316 41
3501 1187
1307 3164
560 3527
2141 746
2980 622
3527 2980
2615 2472
10 1230
3239 3664
2446 1698
2628 382
2033 2140
1431 3113
1002 3596
2870 383
3852 3221
1248 3203
997 2295
503 68
1210 3864
3555 3730
279 1460
2713 827
215 103
1689 1886
2993 380
2221 3696
1472 560
1744 621
2682 2872
2816 2144
2139 1487
3215 2321
869 3210
505 3041
2887 1452
3738 1986
1289 3984
3757 1408
2303 3910
1468 3321
990 198
1360 2067
1253 2179
2545 1482
2485 1636
1272 2723
638 1980
418 2511
3856 3078
1683 839
255 582
2093 3073
1959 3340
2986 2086
940 3538
890 617
293 3054
268 3771
2153 2711
3319 3546
3897 295
3343 349
1082 2354
3307 2222
1564 132
3911 668
1629 1871
2923 1993
1864 1706
1392 3334
1325 1014
3957 815
52 2647
644 2602
618 1829
876 1134
44 897
2757 600
1528 3392
602 3564
1999 3466
3644 2441
1507 1138
3777 1396
305 2060
1556 2717
1193 3028
2222 1810
726 1346
2351 1413
2069 872
994 3319
3984 3199
1648 376
1616 3779
1790 3809
664 2091
3963 1914
2658 1021
2625 1186
922 2237
1754 2570
2775 2819
3327 587
2018 724
1699 2371
1869 3775
1098 928
369 892
1770 2250
201 2564
3767 309
893 1274
264 3663
3491 15
1295 539
2987 2646
1183 1752
1597 1299
938 1722
433 3818
3622 3019
2050 1549
3018 2546
2026 2126
71 1107
2776 1696
2687 2426
3242 2211
643 593
1452 2088
3716 3580
3164 1314
1344 1816
862 365
3781 282
3891 3878
2215 758
72 2558
898 1016
2747 3395
1664 2812
1918 2208
620 393
1723 912
2915 2057
671 592
407 253
811 2967
1238 1794
1725 2190
2014 3750
1492 1933
1881 3770
3044 492
267 2262
1254 3509
113 3801
2871 702
2886 573
1737 2324
1944 1476
3730 2451
3743 3193
2910 630
1404 298
1784 3398
1769 2926
3956 909
2285 1574
607 2168
3350 2112
37 882
546 2826
133 537
1665 1552
2387 2678
1520 2527
599 941
745 3142
1168 418
3788 1258
3132 3294
2635 2462
3227 3723
3558 3584
735 2335
1808 3488
419 2268
3438 526
3989 485
3763 2235
2966 1141
1654 3039
1062 2417
1126 1498
2190 2124
564 1337
3154 660
2165 659
1081 3987
2180 3226
259 3008
2075 572
2975 1185
554 3438
2363 830
2779 368
3206 2159
1142 1193
545 2041
754 2871
1886 3594
1745 23
736 1566
2379 3702
2890 2171
530 1803
471 542
646 3036
1216 3653
2338 2677
1829 2566
1167 2664
1516 2489
3875 1558
3808 1313
1955 1786
346 706
1740 1728
2457 114
900 1381
487 2892
1438 553
2246 3570
3923 42
1055 56
2340 401
460 2079
849 2518
3492 940
3029 3260
1558 2264
1138 2742
2059 1845
1658 2801
3639 1889
2280 2444
1763 279
738 1146
1837 1545
3366 1464
2662 2194
2761 2619
1384 2937
1858 2059
1539 2184
835 505
1928 478
462 2316
2702 2568
2292 1199
3804 3163
397 2439
1690 2886
3230 2315
3552 3925
3169 1679
2720 3265
2315 1468
1474 387
2519 994
3718 2578
1511 2758
3571 1172
2608 3032
3375 1132
2598 811
2520 1675
3944 3399
3017 3822
1812 1647
1475 288
2750 2040
28 1580
1427 1606
161 3106
2395 1491
3837 949
3174 1097
2917 3456
3399 1260
3390 3331
486 251
512 3120
950 2004
1141 2075
828 464
75 662
3336 751
3046 1405
2878 3189
3903 762
177 75
823 3931
9 2858
2171 1079
2697 1525
2731 1374
123 1765
1297 2571
565 227
3199 1699
3335 1404
3388 2458
3439 1451
2778 809
1705 1159
2070 1484
1916 95
1760 745
2029 2690
1484 2609
3354 3599
1446 1402
1623 997
1831 2519
115 1505
712 1804
3292 3411
2865 1064
2914 2092
1312 3057
1538 2251
1423 3034
2845 2813
1704 96
578 2405
1365 3640
978 171
3359 2301
1338 2840
3104 2423
2644 244
1377 687
2758 859
3795 3605
3353 1398
2872 1150
33 3148
2729 3416
3786 1045
2999 700
1331 3628
1233 2778
2441 2747
2905 2927
2585 3471
964 3705
925 1764
3567 74
3348 3683
410 671
1190 212
3184 1953
2995 2969
2862 962
1915 1285
2689 1876
1855 788
184 226
2084 3112
813 783
3750 1390
1007 3676
3510 806
1798 3501
1733 3839
2385 672
3950 1394
2577 2752
1232 1516
3843 1198
378 412
803 1836
660 3577
892 2709
229 655
2971 1925
2286 2016
3870 1669
739 1946
963 3442
1017 3355
982 213
972 3763
2475 986
1106 3140
14 1788
3986 1540
973 1674
494 2037
3377 2226
1402 3251
2499 390
3445 190
1598 2223
2992 2856
3096 2210
150 214
2638 1776
3293 1019
3256 436
1363 858
1875 22
3450 1265
1198 3003
1437 2998
2500 2240
438 377
2477 1323
769 743
933 1795
1795 2780
105 1277
2012 1035
3907 3606
1494 3410
3296 2671
2081 307
1913 3648
476 3250
2656 2734
3274 3213
1932 3834
1524 2111
2049 2911
2813 2102
2718 3026
3881 3791
3823 3302
3705 2779
2384 111
3276 3832
837 199
1464 2542
3275 2555
3500 203
640 2404
776 1920
1804 3468
3770 3183
278 3404
3308 2629
2184 67
147 860
991 982
2844 496
3772 3492
870 1862
1893 339
514 1977
2041 3363
2526 1225
610 2094
1534 2588
3303 1678
3878 2494
2902 3979
3361 1078
790 1489
2163 1363
483 2879
1487 3718
2486 3630
511 3804
763 344
3585 604
865 10
1861 789
3085 348
3599 2661
3807 1768
1035 333
1771 24
2079 2727
877 3851
1158 993
1 124
762 3544
1714 938
1785 2440
1634 3241
2175 3274
306 2523
1711 2066
2950 3828
1305 3829
953 340
233 1841
2711 1638
3302 3327
539 1372
470 883
912 1490
3940 1852
2411 951
2401 3358
3071 2522
917 3146
2997 501
1028 3849
1839 3473
80 2463
3674 2513
1841 3706
669 1130
1052 555
2537 2811
1838 2531
839 2419
3551 1536
3098 1559
860 3989
702 3581
265 2953
2178 3908
3212 3076
3708 1874
3021 3343
2820 232
2530 1858
156 725
1990 2990
3346 2841
2034 1796
2637 2921
2495 475
2024 3229
290 821
1731 749
1640 627
3279 2781
3912 3087
976 2204
2417 341
3796 3220
2549 2234
2444 1477
927 3780
272 2221
3223 2697
443 437
2206 1672
1970 3863
2675 2388
2990 2076
1386 2816
1087 2355
2976 1593
3980 2560
3975 1861
331 2065
2269 1175
1788 1290
79 518
1389 1358
3089 2680
3541 2435
1429 1018
2088 2483
3669 2848
372 3988
1144 1748
1521 1307
538 2550
3665 2532
1801 589
2641 2244
518 2635
408 569
2152 3299
1602 968
3629 1666
1983 989
2535 1542
3834 126
2396 3530
2204 84
63 2096
1957 527
542 2787
2425 3381
1116 76
3904 65
2456 1275
1716 1007
1012 2195
3766 2165
1122 3282
1624 3149
132 310
3799 2339
2981 1584
3030 1997
1846 3020
142 907
1108 2991
1796 3070
1593 1038
2834 3329
3249 3549
371 775
1293 1929
3783 357
2345 1773
826 3405
2240 242
2715 2011
381 870
989 1891
1666 1514
740 1245
2091 3235
3000 296
224 50
2210 1012
1967 3312
3684 1495
29 2442
2042 1458
3273 2443
262 220
2610 704
3314 3508
3952 2837
1536 1333
1343 565
3681 204
250 1328
2695 2890
1609 91
2493 3042
2270 1310
309 921
1381 1439
3598 1983
1286 2978
2908 606
3959 3871
2798 1562
3409 3694
1984 1838
1203 770
3850 3434
3265 871
3417 3305
3024 1224
1171 3425
3397 583
1498 2846
3758 1777
2752 1763
1022 2659
3457 1531
2701 3764
614 544
2301 1892
2772 53
3245 2367
2096 2954
2343 1048
3277 1273
840 3450
2906 3117
1051 318
2195 2694
533 3687
2298 3974
1929 426
2186 3850
3427 3263
822 707
2020 1751
1599 3479
170 1073
2078 1627
2827 1440
2749 3172
2679 3110
3949 1347
202 2987
209 2724
1780 3875
3393 1715
2051 1631
2748 1541
1830 2595
1923 422
720 1410
158 3169
1532 1373
1440 3094
3954 1044
3633 669
1698 3911
1152 2504
1478 1504
2821 2698
2135 1971
1483 1407
3617 379
3614 3357
1450 1789
3918 1553
3549 2207
815 2348
1206 959
436 3239
521 2285
1776 3088
1339 2585
2959 3726
2589 1055
2801 3407
2181 3562
389 1121
3511 3865
2631 1646
3886 447
3731 801
3365 996
285 971
19 2855
3220 1228
2311 2881
1039 2399
2684 408
2606 1379
532 898
2381 2721
1480 3454
572 519
2208 3715
1509 1414
2322 1618
1165 1029
695 3554
1687 3874
1040 683
3144 1585
3177 2487
463 236
1569 2366
3780 3109
406 3902
3831 3962
3879 3890
724 1291
266 3964
3840 2178
172 164
2655 935
3195 2377
3578 2684
3608 80
949 2031
3616 3448
2947 543
3152 51
952 110
2094 2719
3798 2524
1572 3872
1481 2789
1783 850
3663 2113
1639 1319
1852 619
1872 3827
616 2454
793 2475
1226 374
3844 2172
2949 1532
580 3992
1842 3896
1371 1908
1074 1520
2271 685
23 1386
3170 330
1077 709
684 2261
257 696
847 1880
2518 3627
2481 2651
294 2308
3150 2069
577 1400
3340 1389
1964 584
3802 2670
3851 2898
3367 2842
2603 1090
2255 3611
327 790
2216 3662
1291 3341
394 3247
1076 2498
541 2930
1244 1122
2732 502
1112 2167
2095 2915
3464 894
1219 2932
3794 3927
1998 614
2111 3844
3395 816
1684 972
3605 3309
2046 2896
2814 3388
501 3147
889 1797
2550 1895
1583 1387
1162 823
872 739
595 2253
439 3533
329 3759
1111 3373
2098 3130
216 1259
2677 574
3299 1253
3927 1551
2674 3161
2795 2216
2771 92
1885 1943
461 3903
3680 831
3990 1974
1578 999
3594 2847
2258 3244
655 3593
2650 1510
3063 3431
1050 3396
2304 2672
3860 5
30 3756
2099 1001
2249 2955
2295 3344
3712 2722
1412 3476
760 1508
185 834
3333 2790
3431 2946
3138 470
2248 1057
2105 1620
1213 3572
3776 3794
2355 2908
1659 2939
3920 2331
2960 1166
3345 2152
3255 169
3067 1808
2061 3574
1922 2078
2482 1099
1223 1094
60 182
387 2131
575 3101
1073 2632
1466 6
3922 1242
678 1738
3099 2830
734 1875
3326 826
3008 331
3894 2186
2010 1855
3994 2516
3182 1671
2559 85
3546 1658
1268 1497
617 2903
784 55
1530 230
2709 44
517 1515
2437 1774
1192 571
1874 772
2151 2073
1816 2802
741 509
3442 180
3968 79
3711 2379
2469 3700
1876 1681
1568 1859
3416 294
361 819
797 384
3157 3536
2926 3892
2888 3504
3118 3926
1635 3464
1299 1814
1656 2191
1218 3212
3290 3659
1844 2803
2224 3693
3081 2231
3159 2580
336 3645
1349 3823
2293 107
3488 588
3538 2668
1522 2683
256 3767
77 1919
3988 1645
2006 1616
1164 1660
999 779
335 2906
2760 1457
3618 3578
1009 674
1958 773
1514 152
2490 3187
1722 18
1662 541
3480 1254
3771 1622
1065 2634
1354 473
3198 428
2071 3753
2564 3977
1848 1554
1458 363
3522 3906
621 2373
1473 957
90 140
3305 562
3131 455
921 1565
1006 440
1743 469
328 3227
2103 3555
2188 1543
566 2282
2126 2370
252 3002
1836 2397
2466 176
3396 1341
3526 1809
3295 1105
3533 2413
73 1428
3855 3571
1849 1831
70 686
109 3729
941 1602
1459 322
1525 895
2770 2
3683 158
2329 2740
1128 3848
175 3097
3050 646
773 2945
802 1027
3316 2883
3038 2814
3719 3423
1448 1076
2268 234
2815 2988
3049 317
2614 1182
3382 3295
1931 721
1228 2121
2463 3746
122 929
388 1243
3404 2548
585 2398
913 1663
68 3732
190 372
962 3707
393 1963
453 2667
131 634
899 3281
2503 529
3100 2902
2392 2621
1220 416
3974 2214
619 1762
1227 1820
630 2241
2388 1128
2514 3022
3282 1617
812 1635
701 2077
1945 3318
41 2343
1153 1708
1545 946
3055 846
1607 3215
3401 35
3086 2993
1496 3797
1013 752
946 1962
2334 1806
1023 49
3641 1883
3627 2412
902 2641
1097 2866
3623 802
3422 1492
3068 449
2972 3413
704 3469
2130 2156
223 209
1596 2206
3671 3773
2985 2401
3686 764
478 3560
2850 3677
1840 2363
2390 1223
365 1432
1433 1070
2988 2070
1972 2699
1782 2591
836 3790
2450 1911
2924 338
1696 2710
3349 3592
2313 245
1905 1032
1581 577
1120 1066
2308 1200
2187 2189
3402 782
2517 1471
752 3383
424 1316
2703 1434
383 1899
3934 2867
2879 2228
1766 3177
2634 2114
474 1371
3662 3342
848 1127
62 3047
2533 3923
310 314
7 885
232 679
1759 450
2896 3470
3452 1689
540 3046
2685 753
2796 1866
1594 3644
1595 2145
2512 3440
1513 3783
449 784
454 1441
3769 2391
2090 3949
1676 3933
1969 684
1432 433
2578 2329
319 490
65 722
1567 442
1721 2263
3298 2311
605 3225
2958 3145
1871 1599
697 2104
2086 2597
3576 78
450 3897
647 1877
830 1342
2406 3996
1175 1597
1747 2957
50 3847
2666 1131
3246 3330
2642 3366
3550 891
3379 2002
1397 2213
2802 1293
298 1116
1604 1578
742 3909
3553 3035
924 2433
3859 134
1586 2427
1043 3672
3489 254
349 1607
2142 208
1794 293
3715 1210
2969 913
2876 456
1894 1403
244 2737
312 3802
263 2996
557 423
119 2141
1134 2617
2912 3209
134 1896
2107 2904
3205 2950
2918 3524
2663 3367
1156 2018
1701 559
1374 3371
2358 1992
1460 1730
69 3197
1405 9
3937 2605
2889 231
42 1969
3688 2614
2194 1835
2891 2284
1686 1849
1049 3165
2939 1142
2102 3517
2305 2023
2755 104
3334 1397
3733 1393
1178 219
95 2587
2296 3012
1749 2994
3926 2447
2825 127
114 347
3022 965
2022 1382
3368 3512
1786 3703
2259 2624
824 2639
1085 639
282 1137
1133 1282
1095 1385
2488 2045
2085 3631
932 2577
3606 285
2115 1548
1236 1459
810 580
510 866
904 2745
2344 2280
3458 1133
3244 3622
3505 2962
67 1174
231 1690
1373 160
3703 2865
774 3443
1817 3444
2502 3075
3180 1292
2414 647
1870 1111
502 3876
947 3913
465 1435
910 1376
1775 3912
1149 3083
1008 925
1682 1256
1264 2452
641 1305
2039 2138
887 3758
2970 2247
2596 147
3145 2461
2561 2042
3116 3529
1250 3486
3670 2260
1707 1677
3216 2395
3459 550
2350 1212
136 283
1966 1571
1645 536
3247 1915
3236 2925
3615 3654
1054 3463
390 838
2843 223
2875 3699
680 1179
3047 3153
2236 1928
12 3658
1129 3526
880 3675
3706 2177
1476 2376
649 2481
979 3072
1217 1194
2859 1596
45 1924
985 899
276 2089
2740 2305
3497 538
604 3626
3998 2406
148 392
2790 3937
711 3185
3960 2464
3107 2183
3800 2582
1854 2106
3873 2142
3065 733
563 760
2611 3216
2555 3837
775 1129
2513 117
1279 299
1547 445
717 1430
2568 2718
3842 3511
2460 3232
3697 1221
1700 1266
981 354
2955 3497
3012 1269
3898 742
3779 3610
1527 3776
1455 1240
2132 2850
27 2047
2260 1295
894 1216
345 1951
313 267
3391 2556
2528 654
1924 2139
2391 1664
732 3323
1347 3985
2667 1326
579 1415
821 1742
2172 1162
3826 644
1952 334
1304 3104
1892 612
1621 658
897 2239
1375 3278
3902 1322
3587 1833
204 2199
1502 2227
3782 914
54 1583
3813 3958
1649 3137
2112 3719
558 2594
751 170
508 1214
3976 2100
2668 2923
785 3982
3176 1846
2829 1284
524 2972
1495 1483
2057 2378
3575 2083
993 2480
3592 3372
1372 3007
2746 3447
1497 2682
2447 3115
2927 1884
3768 2961
2869 62
1214 1062
2023 1917
1103 1569
3946 2383
2504 1714
1461 624
2382 1967
89 482
2897 444
3183 3798
794 2283
2739 2627
1622 3081
1270 635
2765 278
1099 1999
2317 3712
2479 3205
506 25
1356 2506
400 2623
1674 3472
1045 1665
1075 3811
1926 315
2273 3725
608 2314
2237 1075
636 631
2330 3559
838 435
1518 324
987 2212
2399 1982
2669 3126
2484 2530
1489 534
662 252
2251 3754
2177 1995
458 3880
3225 2493
3121 3144
337 1112
3634 2299
297 3279
3535 944
2336 1298
2900 108
2307 2815
3885 2712
3862 1613
1803 3099
631 1847
3657 102
3579 1781
553 1670
2501 1067
3747 262
2366 3502
3803 3065
1526 3692
1708 1941
3140 833
1089 586
86 462
2664 1682
477 691
3679 512
195 157
2261 842
2001 1579
3981 2576
2083 2071
206 2731
1968 2062
1552 2136
49 1140
1094 506
3693 1232
2842 3924
1565 1101
1949 3946
321 2015
3698 476
3383 173
1033 3052
3010 3194
2202 2943
3112 1984
1361 1573
2678 3369
1519 2445
1146 1109
1827 179
3009 1355
2232 3920
3632 3475
473 1964
2899 3701
3462 3231
588 186
3508 2499
1543 1466
1857 138
112 2306
2764 3024
3645 1968
3054 2359
1358 931
598 3345
3564 2292
543 2149
1877 3406
1600 300
509 1623
1173 2117
733 3224
3386 3950
354 2302
2809 3505
1393 2626
2209 350
382 271
188 1630
1765 603
286 2304
3428 615
1230 2474
2119 3739
3405 3271
1201 66
3729 1257
200 2876
2197 2266
3468 1120
1359 48
845 162
3933 3749
246 795
203 3315
26 1171
2640 3045
3312 2732
3694 3298
956 2795
1761 1909
2588 1885
971 1921
2652 998
3893 3500
2681 1839
3419 787
1390 2309
399 3612
622 2052
597 290
883 3427
208 3556
1835 3308
1422 3566
928 3332
61 2337
1258 3590
3664 1250
1114 177
2110 239
3078 3888
1729 1368
2452 3889
1102 373
3692 2056
1125 1065
1439 3487
1485 3561
519 391
1410 546
3211 3069
2225 2049
1215 2255
654 398
699 112
1845 1009
3866 1506
1406 992
827 3991
3072 3437
2920 548
694 1474
315 3634
1083 3666
988 146
330 705
1910 1479
3209 8
3820 2880
3472 666
583 510
451 2688
40 3743
3958 3535
3294 1890
2602 2021
3267 2384
673 2507
3105 601
3040 1769
1179 2259
1411 2272
1975 210
1239 919
2407 2051
1587 483
3088 2637
1235 3038
2448 1826
3106 927
3321 3066
1889 523
817 1609
1015 64
1086 2832
3643 3830
2431 3873
3707 474
948 206
677 3384
3848 2415
1204 3446
3304 3708
744 1863
2357 1349
493 459
1150 1979
3315 1113
1032 2959
1391 1496
220 3370
3178 3191
3839 1869
1395 142
2124 3091
2696 1320
3621 337
468 3724
874 2317
3042 332
592 73
3793 487
3313 3136
3882 1473
896 3918
2977 843
3080 1157
431 2755
2694 3055
2570 3858
3469 2864
903 1586
183 2796
3483 620
3258 2147
761 549
878 701
757 712
2464 139
2333 1311
2619 2733
6 3031
2229 2352
2753 3040
125 3660
2337 3835
2784 1926
2511 305
2832 2349
1997 3995
3254 2606
3127 2468
3202 3728
2573 503
3201 2725
249 1888
2811 3993
2567 2254
1610 1205
3919 1427
3785 1832
980 3018
3160 3037
1212 3868
3961 1069
3453 2536
637 2364
1843 362
3570 3429
778 297
351 3242
3465 2935
3473 825
1300 1906
2590 3885
3204 2860
3591 814
1340 3387
3317 3190
2785 1740
2903 3745
1825 43
3272 2279
3955 3547
3036 980
1335 1801
3646 1605
2540 1537
3744 890
3108 3287
1585 443
2507 425
3691 2425
353 2303
628 2072
2154 2396
1637 648
3181 13
1222 3320
1730 3328
3171 1882
2443 311
218 874
844 1077
882 2110
746 532
1469 1362
2400 1188
1710 3994
1546 1853
3004 737
3611 2874
1673 2776
3291 626
859 2875
1207 1572
1409 636
806 1567
199 3089
2527 1493
2371 1878
3625 1308
3868 1208
2509 1930
401 1940
2491 2829
706 3237
1979 3457
163 241
2415 886
292 1918
561 1723
3825 3792
2037 243
648 1500
1535 1421
3032 1481
2935 3957
1847 166
3832 2716
1866 2322
3888 291
3449 3107
3687 1054
1298 2810
968 1624
187 1114
915 276
3147 3542
1615 1267
3756 1673
1221 2541
2553 640
1946 1369
708 2644
2266 3515
1671 2387
3351 409
1416 3623
1646 2909
3001 1840
1271 493
3222 3304
2243 1450
1584 424
283 2233
176 3595
3041 2344
374 1317
3165 1429
1333 633
127 2408
770 3567
1499 2027
969 817
484 1068
24 2561
3746 2161
1856 1739
8 1004
1888 2673
38 3100
1208 3016
2762 3639
715 1625
645 3975
1189 3682
39 1100
1159 2791
710 3296
2866 2648
2223 3934
1793 3455
2043 761
2196 195
3518 1870
102 2341
1430 1168
236 2845
1237 1879
3466 3967
2777 1470
3470 3254
2265 3951
2632 1519
1091 3408
1005 3498
2244 3181
2543 1383
1281 771
3133 3493
3433 2277
1447 1375
3436 3062
2226 3711
1809 2310
141 2912
342 446
1155 1022
1000 2827
2320 1334
129 3277
2873 1632
1088 2453
3540 3886
318 3781
3889 1300
1109 1614
1951 270
3406 3953
1950 2708
1901 189
3983 703
675 901
3874 1560
3179 1936
1118 728
3884 3986
2733 2977
2062 3354
1482 3929
1504 3807
2156 495
1115 3374
3791 81
2101 2769
2854 2502
705 113
2497 3171
2594 61
934 718
350 21
1571 1518
456 2853
2868 1959
2609 457
895 2821
3398 3289
3516 1336
3562 3947
1145 3624
1462 2431
3514 1448
1234 1527
1506 727
3381 514
2408 2754
3251 2665
3190 2607
2839 2298
139 1244
3536 2325
871 2685
881 99
2936 2122
1368 2368
1274 3879
2957 985
18 3262
2426 197
3938 116
951 3195
2744 2631
1319 3800
1787 1025
2013 804
2341 2319
1064 851
3727 3103
3332 2488
1554 1581
2933 497
1603 1348
2787 2805
3628 3638
1251 3784
3234 2115
1627 3956
2 1927
499 1904
2963 3123
466 1211
2241 1867
2027 3788
1445 3688
3651 414
2973 1507
1124 884
573 1003
1579 2296
2932 3124
1059 2583
535 2467
32 1523
2616 930
391 3588
1303 1155
2077 2006
2233 2862
1131 1823
2643 400
2419 2459
1757 973
1443 1767
3753 3932
1904 3856
2979 995
2133 3349
99 1288
296 2164
1260 14
1334 810
1327 3940
2794 1454
781 361
2179 3253
1553 3843
2574 191
2727 1499
3413 1938
3091 1351
2038 2484
1287 3842
756 2589
2806 2662
3577 576
983 1612
2946 34
3026 2180
2723 83
2310 578
2276 3150
1636 1158
2626 3249
3991 2538
3463 1770
1301 3643
1819 2312
447 1778
98 2466
428 2934
226 2654
3977 3170
2377 1406
168 1526
804 3625
1034 2258
1537 2109
2326 1570
2389 608
1675 1868
1868 256
1807 1196
782 3968
864 2797
31 2756
2583 820
3972 326
3262 3646
568 1189
1805 2702
3936 3
2416 800
197 2823
2651 2944
943 1229
3876 979
3385 3507
1764 547
1277 320
3854 3969
2332 2038
2074 2437
314 3681
2877 3665
2125 818
2621 1910
851 2705
2193 900
3467 86
3801 905
2692 748
1529 2735
480 2485
2841 2174
1991 2460
1479 3647
3285 3292
755 3361
3626 1819
359 2125
795 1503
3672 2347
289 463
634 1011
1408 2418
570 1955
3194 3955
3240 708
529 2679
1317 141
3130 2924
3149 3670
2227 1324
213 1749
2143 1165
2791 869
1531 1710
3424 2529
3387 3362
688 805
2618 3379
162 3816
2314 3359
1617 3709
2189 2360
2089 2543
2067 2005
3111 2534
3136 3921
2362 1513
3967 2353
2459 154
3724 1653
2030 1713
3835 1591
1896 1416
2353 3336
591 1329
729 3261
2735 2048
556 849
2164 3208
491 2050
1965 2792
1994 246
3037 1271
861 1956
1229 2201
3865 183
3581 3808
2316 2369
3573 2788
908 3944
3087 3806
3418 799
2965 2897
3338 3629
332 3930
901 2099
3329 90
2122 453
2716 2200
1906 2108
1194 137
984 196
1396 1659
277 1424
672 3400
245 1945
1311 1354
2290 120
1350 460
1280 566
3935 2007
1800 3009
2487 343
1160 3484
603 3119
3129 3579
1004 2900
3995 2129
1591 1916
186 3755
3217 3350
1454 3954
2003 2640
957 2940
3810 3375
1822 664
2360 1445
2830 386
1435 3011
2045 302
1735 1547
2462 1204
3739 1621
1762 2982
2726 3495
600 1303
1832 2569
1914 3307
615 3474
3630 768
1490 3713
1292 2751
2737 1102
2907 3565
1382 63
801 1691
3301 3614
3867 3836
3060 3258
1978 2182
2510 690
914 128
747 2586
1551 3222
548 1080
2439 926
422 1176
1044 2248
1336 3233
3700 2351
2108 3603
3347 3071
3437 1563
1315 638
3638 3691
1555 960
1510 3174
1987 798
1695 2913
3572 2362
3073 3585
1403 1098
3883 1872
3521 3033
1136 3420
3528 2808
2835 2825
796 1568
2705 2674
2828 966
2793 3435
888 797
2494 2852
3642 2650
2397 1902
2819 3111
2476 3772
3973 2985
2100 3789
3892 2318
437 2774
1920 419
469 720
2445 793
325 3477
2365 1356
489 2786
3373 3339
2860 2689
3732 1209
789 3541
2281 353
2440 2625
1056 2596
709 430
2680 1973
2665 1754
1912 89
3841 1063
376 1409
2044 2799
714 3766
3441 2135
3486 1972
2331 205
1752 3243
3597 1190
1677 1088
3270 3313
3241 1161
398 1755
2874 1327
2065 2766
472 1848
3392 345
167 1887
2375 346
2147 491
3310 1966
4 1947
2863 3966
1873 3338
2114 3898
3905 533
1342 2438
34 2013
2183 1050
2563 2220
576 2432
1421 3424
1318 472
1943 1028
668 3267
3749 325
2894 3228
725 3483
1453 1700
3243 3441
500 130
1470 3980
3660 410
3928 3093
3872 2232
1310 3162
1147 3793
3061 978
2804 1881
3607 1043
3971 3861
3659 2492
2786 1994
2544 3333
780 2611
2168 1461
2467 3838
106 2332
3031 3335
2595 2414
322 786
3502 558
2756 1135
2546 3607
3504 845
1653 364
1883 2979
205 413
3725 2800
1202 308
1650 1907
3858 1444
1245 2098
3764 2757
2783 1220
1451 3118
929 2885
2300 415
2851 1170
3423 1626
417 2230
657 1263
3997 280
613 224
3167 258
1020 3990
3677 16
56 643
3013 1071
434 2411
3448 3014
986 1815
396 2612
3006 448
2056 1030
1663 1611
1383 516
2169 2509
2374 852
2235 11
3407 1248
1486 3125
1019 1860
800 794
2373 3514
452 1093
1011 3131
866 3641
2458 1002
926 2224
3197 1522
1962 2025
652 808
2751 174
2671 1735
832 3862
1026 524
1417 2794
1063 1783
1753 3769
2769 2849
3704 467
676 2526
2150 3971
2277 2380
2892 953
3048 1255
2657 2820
3853 1119
1557 438
879 924
1197 3973
3699 981
2505 2528
1058 1325
2275 755
35 3506
853 1922
1668 1779
667 131
2807 1215
918 1642
2607 370
3582 1719
2566 3935
2076 1648
57 3803
2722 2910
2011 3812
1724 3777
1533 17
3142 2281
1266 1475
3357 2175
3899 3972
589 1361
3604 774
1512 1898
2220 1148
2279 3679
3360 1447
3 861
1974 3735
135 522
1672 1792
3818 155
3384 2793
670 1183
3460 3490
192 3352
174 2512
3137 2393
2547 2983
549 3845
3548 1521
3253 3214
1041 1761
3979 1360
2940 1052
526 2601
1100 1103
3924 2657
586 355
2826 1949
2951 3782
3493 868
2028 2410
3077 504
3376 1592
128 2032
3765 2905
764 71
1806 1960
2048 711
691 3459
1252 3121
334 1206
1628 3943
1824 2061
160 395
2853 873
3513 2833
1378 754
663 616
606 1152
2867 736
222 2153
2857 3275
2136 698
311 641
748 3049
1820 3401
1559 2887
1080 2525
2576 2965
1953 3433
