4000 2997
30 712
2631 2081
762 1678
168 676
30 3655
3796 3916
30 2966
3794 1524
30 567
30 853
3442 244
1042 1939
30 1292
2442 643
60 552
333 826
3679 337
3978 1406
30 3479
30 2694
30 3261
30 2335
30 1701
3864 3697
3605 3264
30 2261
30 3612
30 322
1647 3641
30 2111
602 1391
3526 170
30 3726
3521 1108
3891 1048
30 703
3586 587
30 2255
30 3417
30 564
30 3253
30 596
30 2030
30 3260
801 831
214 1241
30 3123
202 829
30 117
30 2556
2394 1426
30 121
30 3812
30 3691
30 2510
1011 513
30 1915
30 1359
30 2171
30 351
30 3243
3146 1506
903 882
30 2118
3951 876
30 3900
2330 996
3325 711
621 2410
587 816
30 3127
2698 1761
3176 1049
30 3967
2896 672
30 3196
30 798
30 3173
2969 2439
30 2575
3571 1676
3070 1583
30 977
416 3458
30 2500
30 811
1164 2861
30 2541
3947 585
3232 2230
1797 296
30 3073
30 2708
30 1174
692 627
30 1930
788 2458
30 1850
3725 3570
30 1010
30 1265
30 2425
3907 1713
2651 243
30 2908
30 1315
1848 3441
938 3634
30 193
492 2848
30 3642
1563 3998
3551 617
30 2903
2080 2819
30 2105
30 1101
965 3032
30 1987
30 718
1822 127
30 2180
30 592
3789 218
30 1193
2817 1343
3235 114
30 2956
30 3210
30 3710
30 1321
30 248
30 2548
1594 2672
30 2430
30 2090
30 3017
30 3836
956 2942
30 2815
1415 970
30 1036
30 3661
2236 22
30 3723
30 3296
347 1852
3483 1717
30 1723
30 1098
189 2063
30 3911
2222 246
30 759
2163 1611
30 1578
1800 1278
30 417
2382 2504
3003 231
929 1546
30 3540
114 3388
30 3323
19 3757
30 2321
30 1399
30 3206
2997 3086
30 2169
30 482
943 1888
2049 3987
3985 2420
30 1170
30 1288
30 3316
30 725
30 86
30 3217
30 3213
2399 2912
30 3157
890 2502
30 2079
891 3154
717 1400
2904 1858
2210 763
30 682
30 1799
30 1370
1712 3184
76 1514
30 3429
30 1788
898 36
30 1269
2318 1181
30 74
30 279
30 3833
1448 2506
1445 1100
3570 3803
30 1259
30 3593
2703 3500
30 3801
30 3868
30 3010
3132 761
28 116
2889 1999
30 2462
3630 1376
30 591
2722 1624
30 2939
30 2623
30 3366
1678 3575
30 679
3995 2460
495 1566
30 460
162 825
1566 3909
30 518
1985 820
2240 3744
2213 2604
30 613
1462 3515
398 3353
30 1503
30 3770
2168 2351
30 3512
1472 1849
30 441
30 2375
30 2723
30 3081
2822 368
30 3590
431 3024
30 2930
2066 742
2390 1522
30 2986
30 2374
2014 305
30 931
30 3543
1245 3685
1782 3555
30 2265
30 2519
30 1129
149 2836
2059 1261
30 2673
3954 784
30 1846
30 912
1084 3422
30 1253
30 394
30 1529
30 3268
30 3368
30 1438
1488 2704
2914 1234
1004 3494
30 1310
155 2283
30 2119
2848 764
2345 3781
2397 2759
30 568
30 1940
1491 3727
3578 3089
1402 565
218 489
2042 2026
30 3775
30 3454
1809 2595
30 3959
2283 58
30 61
1528 1418
30 2391
30 1966
843 788
870 577
2324 1082
30 7
2427 570
3114 461
30 2267
30 935
30 438
1328 1180
1781 2786
2830 3182
30 12
30 2140
30 1459
3636 3175
2917 2607
30 3920
3120 3594
30 729
3983 2137
3041 1141
30 864
30 856
30 2806
3471 1918
2299 3351
30 408
443 875
458 3509
30 2839
396 3602
30 222
30 2154
3351 2553
3515 2715
1665 3459
30 142
30 2219
3535 3079
30 2045
183 2477
3942 915
3470 2734
2107 229
3494 841
30 2731
3634 1175
838 3116
1562 3020
100 583
30 1209
30 1564
30 1751
3786 1650
30 107
101 3904
30 2177
30 3511
30 3871
3738 625
3662 3238
1738 3507
3916 1460
30 3372
986 2804
30 174
2493 3993
2922 1680
30 987
30 715
1923 1558
30 2320
30 41
244 2630
30 2690
30 3618
229 396
3250 2441
30 1161
30 655
2596 2144
30 1620
30 2377
30 908
1921 813
30 2566
30 2724
30 1055
30 2453
3175 3194
30 3094
30 1071
30 2880
887 3340
30 1105
1814 2882
30 2422
2762 2293
30 2071
30 20
2786 3693
3649 2904
612 1012
704 1737
2849 319
206 1699
30 3015
30 2258
220 263
1038 639
3286 2158
823 1365
514 1232
3565 1256
92 1
30 3816
2873 680
2626 1349
204 2669
30 118
2549 2830
30 3247
1703 590
535 2085
1546 838
993 1736
30 2877
30 941
411 1020
3538 1533
30 141
30 1743
30 2670
257 3109
30 3433
30 1721
30 1283
30 2788
3140 823
30 2784
30 56
1015 1316
30 2531
22 1466
2859 2289
30 560
30 732
2570 2333
1634 404
216 2150
2911 2273
30 1958
30 2189
30 1916
919 2066
1590 1467
67 2902
1507 1097
3409 3108
3475 1830
30 1290
30 3337
1271 756
30 3806
30 2713
764 3445
3013 1548
30 1806
3048 192
30 2869
1377 2599
405 334
30 2407
3155 2549
3644 2971
1490 101
30 800
287 801
2667 3551
1088 3734
30 3287
30 2524
30 2589
125 2932
30 534
3778 1719
1320 3899
30 3973
2597 1739
2595 1412
2732 683
1862 3955
737 1366
1336 3056
30 502
30 471
30 2710
30 3215
30 1565
1348 1130
30 2812
1498 2631
1412 988
30 3894
964 1373
30 1469
1763 1346
30 3077
30 1932
30 2290
215 1021
1063 2113
1122 3355
1537 1063
30 1356
30 994
1645 1508
30 1437
30 2567
1014 3940
30 269
1024 1425
30 2991
30 2056
30 939
1181 1642
363 2885
30 1482
182 1304
30 196
569 3970
1257 2304
30 3170
30 3326
30 2331
773 3504
30 3102
30 293
3835 1643
30 3040
1535 3864
30 2431
1054 3525
30 1244
1373 3954
3764 1351
30 1682
30 3181
30 2936
30 790
30 42
30 3966
30 3583
3288 2755
30 1157
2284 1576
3125 1586
3990 1772
30 1211
3 3805
30 1579
30 379
2837 115
30 1623
30 2487
2018 515
30 3795
30 2190
30 3212
1149 323
30 1520
30 546
328 1031
30 1298
30 1635
30 1379
30 1663
1795 3228
30 1076
862 746
3781 863
30 3918
30 3528
1815 1192
30 866
2238 216
2230 1921
30 35
30 3651
30 1970
30 3829
30 1823
30 2174
1761 815
30 669
30 2735
2525 3470
30 648
30 2579
2958 1397
30 1787
30 2746
30 3564
1717 307
30 2632
1700 699
2542 3378
30 2086
30 2239
1319 3898
2656 43
30 344
3124 3343
30 1487
30 833
30 1905
2403 3994
30 427
30 1407
1807 1285
2007 1492
30 3853
30 905
30 352
30 2501
30 3016
1144 1427
30 3103
30 3060
445 94
3970 3667
1294 38
30 3625
1750 3999
3791 3866
30 2191
2309 2758
30 3139
30 1741
30 2201
1229 3235
3563 3357
30 2091
30 3418
30 2300
1941 1750
1049 2210
30 1303
378 2324
30 2928
3663 1295
30 3269
1302 2254
30 3819
688 783
1693 2789
30 2826
30 1411
1372 1855
30 3074
336 928
30 370
904 1077
30 599
884 2256
30 1052
30 1206
30 2652
30 185
1956 2194
30 842
30 3177
30 3489
1266 392
2158 543
1130 904
1532 1693
122 1488
30 3505
30 511
30 1641
187 2874
30 302
30 581
30 1187
1680 1669
30 508
2502 1027
2451 3409
3145 1203
3098 258
30 3126
154 3035
2178 3307
1197 3820
30 3274
1397 1015
3099 1499
583 1415
30 389
2886 1735
30 1976
30 2790
30 3746
30 1006
1357 283
1096 2126
3582 3439
30 3199
30 3265
30 2821
2854 1588
382 220
30 2960
30 1972
30 1385
1885 3254
30 1184
2162 1795
742 1758
171 93
795 150
3468 3008
30 1191
747 1534
30 211
30 1610
30 1000
30 3552
30 1547
30 2647
30 2657
721 3301
30 3197
30 1267
30 3101
30 3772
3230 3325
30 2338
1090 3424
30 228
30 946
30 3183
30 1686
30 871
3788 2596
30 527
30 3988
30 1301
2630 621
30 1671
30 3846
30 284
1558 2288
1424 1542
2599 1229
1664 194
2895 2327
30 2642
30 1069
30 2455
30 2757
1171 1796
30 89
1737 3361
3069 3013
30 1483
30 3584
3275 1401
428 1511
30 2707
1816 3896
30 3518
3086 993
1012 3738
30 312
30 2523
30 148
30 3130
696 1679
2833 1450
30 745
2728 30
3702 2432
3969 1562
636 787
30 249
30 2373
30 3826
3397 1104
30 706
30 219
30 563
30 1651
30 2468
2783 965
1425 2981
30 1726
2084 2683
30 2252
936 3664
3525 464
2294 125
2583 3267
30 364
1865 3715
30 3431
30 452
30 3825
506 1151
30 1851
3307 3202
83 188
30 3364
30 1410
541 2112
30 1392
30 2198
2276 2054
657 316
334 366
30 2829
2972 1451
30 1252
2313 3044
3575 2639
30 867
30 3705
2506 1306
30 152
1003 2718
3773 2010
1314 3483
30 2412
1729 289
30 622
30 2594
2756 2427
30 558
1497 1186
1830 3931
2478 929
205 848
1120 1497
30 809
30 476
30 3708
30 652
30 3258
30 3574
30 1802
30 69
30 1967
2129 2613
30 1023
1426 1941
30 1606
30 3450
30 1046
30 1247
30 2943
30 3295
30 2392
30 2614
30 3569
1719 1135
30 2689
3857 2866
30 2884
3335 186
685 1070
30 3297
30 2106
1020 3646
30 3523
2441 2695
3168 2716
30 2740
30 3716
290 1078
1280 1190
30 2271
30 2554
2679 1561
1518 3053
3043 369
30 1691
3352 2522
1713 2570
30 557
3264 1769
30 2610
30 1817
1268 3118
2544 2582
30 1715
30 837
63 3840
1857 556
3752 1044
1427 2257
30 3589
30 2992
30 3572
30 2147
30 3743
2015 21
1371 3321
30 633
98 3789
2514 3308
1569 1019
30 3224
30 1074
30 278
3827 147
30 103
30 1080
30 33
3813 134
1281 2543
30 2979
30 3637
30 1550
30 804
30 824
30 3345
30 3814
841 3319
30 2209
30 782
3713 402
30 1860
3744 132
30 1200
3231 870
30 3131
30 1764
30 566
3689 2796
1478 1308
30 818
3422 3544
30 3119
1523 1933
30 1961
30 3837
30 2901
651 2728
30 1369
138 495
2142 707
30 3225
1195 852
2791 2107
30 2064
2678 2204
459 2678
1896 3849
30 3567
3035 2650
3914 2537
30 1770
30 2920
30 1312
30 3280
1592 950
30 298
3917 1815
1343 3615
30 3980
3066 2138
3285 754
2319 2851
30 2379
30 2944
30 2505
2289 2562
3939 1099
30 1028
3300 1885
30 780
30 1275
30 2742
30 413
2245 2747
30 638
637 2525
30 2099
30 1509
30 3811
30 2737
30 3421
30 3937
30 227
30 2754
3227 1863
3609 1938
2615 341
30 3290
30 3877
3798 3471
3499 73
875 2359
2366 3917
30 3802
30 3828
1103 13
3623 678
2947 938
232 424
30 2364
2759 943
30 1622
1911 2159
30 1177
2269 859
2437 1362
30 792
940 154
3361 425
3246 1323
3577 3684
116 1627
30 2278
3388 1917
2456 1591
30 3542
30 2195
1032 2787
30 173
30 2602
30 3841
30 3129
1868 855
3748 2696
30 2036
1058 3876
30 3585
30 1746
360 1329
30 3071
30 3052
30 1661
3971 1382
30 2077
3519 1353
30 702
30 1165
30 3322
30 3354
30 880
2882 618
2937 1363
2600 47
2661 1264
30 2764
590 1330
2624 358
30 200
2122 226
917 233
748 830
1845 1803
550 3763
2204 586
624 3935
1358 3310
139 2482
30 3448
30 620
958 775
2994 3885
2029 2593
30 3436
30 1513
2925 1886
30 2179
3800 659
719 2390
30 2539
252 3002
1466 1946
3025 1029
30 2131
3667 1629
30 3545
3614 2108
3906 2023
30 1709
30 580
30 2323
30 1270
44 1718
30 2277
30 549
3005 964
3378 2017
30 727
1473 2382
30 2620
30 937
30 2287
30 1653
30 752
30 899
947 2483
2517 1188
30 1597
30 1969
3536 1126
265 242
584 2488
1214 2828
30 70
3279 3865
3529 304
1863 1041
30 772
30 3112
184 1639
30 1136
2675 2572
30 3481
325 183
30 3273
30 3190
30 406
3457 538
30 925
1044 1582
30 1213
2902 2332
30 321
30 113
2386 690
2243 2982
1996 1473
30 3804
263 295
30 3598
1068 1417
30 390
859 3141
30 3760
2371 3292
30 3469
30 3771
3408 2120
707 1196
320 2545
30 1766
556 3189
530 2955
30 2767
369 2097
30 3859
30 356
30 2526
30 3075
30 2187
3758 2748
3292 2456
1087 2128
3346 2168
1694 1948
30 1810
627 555
2561 3288
30 2033
30 3669
30 2797
2973 2527
3753 1094
30 1388
30 442
30 2984
2836 2206
30 2061
821 2403
30 3402
30 2035
3308 2350
1627 2370
30 3638
2260 3061
1335 2805
3162 3719
30 1577
1735 1319
30 990
208 3925
1739 1603
30 933
2700 2042
2489 2571
30 421
30 3191
2672 3499
869 2125
198 1553
834 2911
1139 2873
30 3848
2498 2049
30 3072
30 608
30 401
2047 1120
3632 2437
2733 932
30 2292
30 237
30 1454
345 2383
2026 9
30 2031
30 1844
178 1707
30 2800
30 979
304 2849
942 1518
30 2945
1514 721
339 3527
30 2536
30 1128
477 3420
30 744
3544 3765
30 221
456 1125
30 2400
30 997
2959 1720
30 365
30 991
30 781
58 347
30 2440
3493 2185
3357 1936
123 310
30 1899
848 758
30 3022
93 3949
1376 3065
1581 1138
2835 906
30 3440
30 77
1322 432
30 3163
30 329
95 2386
30 3597
2411 182
30 2348
1556 1928
30 261
210 3480
30 3331
30 1731
30 191
30 3513
30 3076
1108 2656
1406 1325
1889 3087
30 1457
30 2591
30 1123
3885 16
30 3046
30 3822
30 449
1043 1734
1048 1075
1295 1195
1025 986
3832 3304
30 3704
160 843
2041 1601
515 3014
51 3392
2361 2919
30 868
30 3169
3720 3631
1551 2636
1888 1147
2695 2891
30 2083
30 1968
30 3782
30 2871
30 3487
3799 1268
1051 1829
3950 3093
47 265
30 3324
30 3777
195 14
301 3400
1605 1789
30 3639
30 3085
30 3407
30 607
2847 1873
30 1420
30 3214
30 1568
30 2372
2355 1762
30 1856
30 2389
1871 3382
1316 3701
30 3665
1363 1084
758 3659
3277 3827
3143 3124
30 3193
873 3907
30 1674
30 34
813 1927
30 1832
30 909
331 2223
523 3222
2072 1414
234 2542
1625 3699
1794 3031
1506 11
305 3475
30 2343
3874 2181
881 1891
30 751
30 2818
2971 612
2232 1017
30 1178
1762 2872
30 3621
1278 498
30 2344
30 2334
30 934
30 1040
787 336
30 335
1698 889
30 2803
30 1818
30 1053
30 2250
1150 2973
30 2726
877 949
73 3541
30 1337
30 2640
30 2845
30 1327
1223 1555
30 3850
30 3380
30 2976
30 3861
30 1475
30 705
299 110
30 722
30 1030
1859 3914
30 1727
30 349
127 524
30 2096
30 1667
3616 2703
30 2853
3201 3529
119 736
2112 924
30 3750
2772 2733
2208 1785
30 3766
1926 2072
2115 3548
30 1072
30 2717
2218 611
30 3858
167 3498
1132 896
3320 3863
30 2272
3555 363
30 1604
289 610
3768 806
2117 572
3113 3776
30 3561
3581 167
2102 1525
30 3349
30 3936
30 2499
2571 1656
30 1291
30 836
30 3318
944 3390
30 1179
2254 598
1104 1944
3797 2611
30 1875
30 3430
30 3749
30 1333
30 967
30 436
2116 3788
30 3783
30 2268
1282 187
3532 2205
2748 2974
30 2934
2923 603
2340 3488
30 769
30 2770
2799 259
2957 2860
30 2264
30 3011
1118 3468
3480 601
3913 3810
2221 1249
30 3360
380 582
30 1974
30 225
831 2301
1611 3753
30 1616
30 3924
30 1066
851 1662
30 677
30 2050
30 57
30 3968
30 3028
30 2643
2779 547
30 3271
2043 3679
30 3152
30 1158
30 3654
3455 195
30 2933
2385 1166
30 1724
30 1124
30 2558
30 346
30 3091
2572 2388
30 1435
2755 2700
30 2962
3080 1781
30 2166
30 3438
2999 3444
2611 3888
2808 3227
30 82
3776 3880
3439 2345
1201 767
734 2750
3350 3048
2974 911
30 2040
3006 3477
3683 3873
802 1059
3202 388
80 1377
30 3428
30 893
2924 2276
30 3620
30 2307
3703 1122
1353 1997
2718 887
1249 1563
1073 2843
30 3083
2470 2667
30 1378
582 2070
1749 5
4000 1581
30 3068
2165 741
2851 3241
30 3692
30 457
30 504
1031 1432
30 62
1917 2452
30 6
30 551
30 2311
1304 492
3580 2100
2144 1590
30 1768
2633 67
30 3688
30 697
2669 2929
30 2418
2257 2183
30 2832
2302 1864
552 3356
30 315
30 3128
30 2588
30 180
30 1895
2607 514
3982 1033
30 1842
2304 3607
2023 350
507 2357
30 26
1598 102
30 1808
2358 898
30 3610
30 362
2734 3724
3446 3854
3375 1239
30 3553
30 2515
30 3677
2719 468
30 3759
30 2393
3019 1908
354 3443
30 55
3686 1118
3135 1992
30 309
48 320
30 2229
3228 2847
2961 694
1458 1704
30 1531
285 530
3482 834
739 1465
30 2965
3863 2693
30 517
30 266
2621 1825
467 100
412 2503
30 1217
30 2834
3362 2988
3498 1416
3171 1985
30 2347
366 2286
30 2952
30 3338
30 537
659 1962
30 656
30 1779
8 2775
30 3256
30 982
30 361
1534 1043
30 23
3321 3408
30 2629
1673 879
30 723
3002 1022
1 3207
1093 3200
30 1480
30 272
1756 238
2020 1574
1918 851
2654 3636
30 2212
30 1894
30 49
30 2753
30 78
720 1631
2273 453
615 3442
30 1595
130 1655
30 2471
3319 1887
30 1160
395 1081
3165 3111
30 1978
30 497
2750 2129
609 3303
1375 3842
30 1560
883 3350
2164 470
2778 3707
39 240
3466 2322
194 3396
30 2766
30 1456
30 1792
30 3240
30 2067
1570 1235
3724 2269
2235 1934
30 2878
30 1208
2946 3978
30 393
2181 858
617 1755
350 802
960 1065
30 3330
30 3486
30 1037
779 2170
30 2396
30 819
3092 1660
30 1230
32 416
30 1907
30 177
30 1878
94 3794
1879 181
30 1026
2545 584
2993 2497
683 2551
3626 3648
30 3845
30 532
30 2233
30 1107
2535 2857
30 317
30 3293
2175 1901
30 3736
3182 2980
30 1221
30 3188
3946 1937
30 1914
30 526
30 2065
30 2725
671 748
30 1847
2696 2470
30 631
30 2534
30 1512
3111 2078
30 2141
2156 1991
1939 205
30 2475
785 428
2775 2964
531 301
1293 3275
30 948
30 3503
2982 169
30 1835
30 3867
1572 1801
2581 944
30 753
30 713
30 500
1979 3381
30 85
30 3472
565 1840
1755 153
30 959
2368 954
3622 179
30 1387
30 1207
1962 1011
30 3365
226 1535
3690 247
1134 2387
243 1615
30 2494
1938 325
2697 1883
2002 1648
30 3673
30 2182
30 2741
901 456
3757 3041
1323 3251
30 1702
3862 3164
145 3690
2192 789
387 3666
30 2538
30 553
30 2295
2095 3482
30 203
1239 2316
30 3696
30 1361
1786 1116
30 1453
30 3306
30 1199
30 2242
30 1035
30 578
30 488
30 2671
1106 646
30 1300
30 314
2777 1786
2078 3107
30 998
3049 1284
2809 3731
30 650
3153 1430
30 1228
30 1706
30 3122
30 632
2167 1354
30 1767
2552 1311
3987 2008
1931 3506
30 2160
310 2235
30 3792
1273 1587
30 137
30 1942
30 3398
678 68
30 3341
771 1282
2771 2948
30 2424
274 569
2113 3457
2653 3179
30 1742
30 1318
30 2529
807 60
30 3714
2170 357
30 3997
30 3755
30 1912
30 503
30 1477
2073 123
1450 3990
30 628
30 888
1510 2371
2370 2603
3507 1664
3355 3051
1126 2633
30 2909
30 466
288 2913
2450 2719
3860 3971
498 1216
794 3891
30 1413
3036 168
2637 2937
1081 4000
2587 3405
30 1696
30 381
3998 287
1991 477
30 2721
30 2326
3926 2361
3185 2004
1418 32
30 2590
3615 3768
30 757
30 3953
30 1882
647 645
1419 75
30 2130
2941 2809
1175 1150
932 1424
30 1089
16 2317
190 297
30 3834
30 1421
1057 3563
2114 444
1545 2791
3426 1281
2416 3335
3711 976
896 2186
2811 2946
635 2442
1163 1225
30 1774
3488 919
1241 3764
3838 80
1773 2041
3897 2886
2781 1458
1589 660
1789 3286
889 2550
1242 1551
1725 573
30 810
30 983
30 3371
30 2555
3595 523
3700 467
30 3892
1005 3571
911 190
30 1516
30 151
513 119
2483 3985
30 2406
30 2648
3495 662
694 2038
188 1532
30 213
30 3462
520 1498
2381 1943
2899 1773
3382 1594
30 2996
30 3938
928 299
2617 3232
30 2709
30 667
2530 2983
3963 3305
625 1103
30 2022
1692 3233
30 797
30 2532
30 3984
30 1831
30 3784
2360 2859
3108 917
30 3952
246 348
1331 3259
14 2808
30 2774
439 2020
432 975
1400 3807
30 414
1543 3493
957 747
3912 2340
3311 1144
30 661
30 3769
30 849
1928 2224
30 589
3178 1054
30 2938
30 2841
30 2274
30 1389
30 1557
30 3929
30 1250
30 3991
30 3790
736 1096
3229 2048
2421 3653
30 860
1612 2970
1621 647
30 3992
3065 1510
3079 2134
30 3272
30 1332
1100 2802
3032 3946
30 1567
30 3465
30 3839
30 1367
30 2850
2897 1348
2650 1839
2503 2037
30 377
30 1995
30 3534
3031 333
30 2628
2048 3711
2027 1227
106 3614
2183 2559
2738 331
3647 2218
30 3151
30 2699
30 3097
30 327
30 895
1017 3798
30 3270
1780 3007
30 2019
30 2864
30 2608
30 3490
2200 3670
2981 40
30 1690
3808 2399
30 2763
3559 1530
30 2711
30 2352
30 972
30 1683
30 1652
2443 1780
989 2220
30 2574
2038 615
2860 1419
30 2337
1999 3362
30 1446
30 2663
3658 971
1745 1694
1311 105
13 1612
30 1614
1600 2899
258 3125
30 2876
1365 485
30 3675
3195 1287
3116 3658
3166 3786
3405 3681
3886 136
1548 2385
30 1821
30 2395
30 714
30 2761
319 779
30 91
296 3913
3603 3334
3865 2600
2916 2897
3387 2084
30 3517
3344 1302
30 3476
30 2691
30 955
1125 1344
30 1251
30 3384
30 3933
1948 3629
1352 3975
30 3138
30 3547
30 1668
242 465
30 3161
30 2003
30 3298
30 3815
30 760
30 10
30 50
1354 1621
21 3221
30 2148
1351 3928
2964 1352
30 3608
30 1866
30 294
30 359
30 3180
30 2577
30 3370
30 2840
3680 2176
2508 189
3979 3145
30 1697
3765 2661
3901 155
3477 3951
2383 3446
2291 1331
3659 3835
30 1484
30 435
2537 1868
3154 2080
30 96
30 1317
30 1156
1783 2368
30 642
2063 1572
30 3037
999 3843
728 1057
30 2749
30 817
30 1263
30 2215
3392 3539
1927 3496
30 2702
30 2153
30 223
1919 531
815 2972
3500 2157
30 2280
3012 2793
3144 3947
30 2743
1720 529
3994 2047
3693 2959
3600 2445
1541 288
30 619
30 2486
1511 3942
924 1201
30 3817
30 1504
3989 2798
30 3172
1839 2443
30 3284
2929 1700
30 649
30 59
966 1919
1891 3832
30 778
30 3294
2714 3852
3919 1523
30 1521
30 3211
3599 688
30 157
1669 3478
2747 3205
30 3449
30 3467
2125 3983
743 2923
30 3566
1449 1299
2214 1328
30 25
30 3242
30 2082
30 2448
30 2729
30 2145
2874 274
30 1843
30 2612
3558 3576
2796 2401
484 2214
30 3167
512 2617
30 2446
30 3281
2736 2203
30 2237
3504 2674
2100 92
573 2568
30 494
30 576
30 27
30 3709
1801 3565
30 897
3222 1903
348 1132
30 1986
2716 3019
30 1900
30 481
36 3700
30 3856
30 397
30 2516
1648 637
30 1146
30 2314
3962 2222
1502 3874
30 3895
30 3676
30 1924
1813 3761
3419 873
1676 2514
3934 2234
30 1386
1840 3808
2037 2868
30 681
2134 640
326 1809
879 1541
30 1805
1416 878
2559 3144
540 2192
402 2846
30 3383
858 734
133 1865
30 3447
3780 2679
30 2124
30 3252
30 2197
30 2638
30 3956
2159 3033
1593 2122
30 1433
30 239
30 693
30 770
30 2838
1540 704
2522 178
30 1733
1971 1314
2388 795
30 2518
1734 3702
30 217
3312 1593
1344 3733
921 2738
30 1444
30 542
30 2465
30 1403
3061 2581
1602 1926
2488 3754
468 130
30 3831
30 814
2193 44
30 2306
646 846
30 3302
2613 657
30 2745
30 3739
30 3767
3602 1286
1309 2951
30 1390
30 1854
3403 3519
3611 2772
259 1276
3030 1797
2127 922
30 2658
30 1963
2814 3070
2256 3799
3251 1212
30 112
30 2109
3459 439
30 3110
1065 957
3149 3249
3568 2870
30 2092
30 2565
30 111
2861 3996
610 3717
1395 717
2568 1598
207 3229
30 386
586 1016
43 8
2482 3601
2046 1093
30 1765
30 3847
2008 2117
30 1489
30 3226
662 739
2103 857
30 3358
30 2751
30 3451
2246 2583
404 2454
30 367
30 1793
247 635
30 2021
30 3376
3805 2480
2354 2811
30 3329
2857 2058
1173 412
2423 1091
30 2883
30 3887
30 2730
30 1039
474 3236
30 3883
30 1841
2062 48
3441 689
30 600
30 3556
3940 2823
30 1394
30 3404
640 2535
30 2296
1451 1813
2905 2173
30 985
3899 3230
3390 2653
30 2438
30 1204
324 1625
1587 2240
789 2993
30 3579
30 3687
1944 3277
30 3427
1236 2914
30 1791
30 974
2592 318
30 521
1212 2720
689 1468
30 1981
30 2476
30 654
30 292
1629 474
3381 3359
30 1613
1286 2484
2798 1372
30 2563
2301 1197
30 2057
1953 771
2138 579
30 2940
1391 2692
30 251
30 4
30 2463
30 1368
3730 1592
134 3535
2551 3120
3721 1911
30 3064
2058 37
1240 445
3458 1687
30 2308
30 1811
30 1341
170 1633
1561 2624
1708 2394
2011 1996
1748 1971
30 3218
30 1906
30 2953
30 1172
136 1142
2150 1262
2293 883
30 1552
1747 3893
2336 1375
30 282
1393 2813
2918 3003
30 3573
3820 232
2668 1965
30 126
1825 3246
674 1554
2126 2736
30 260
2521 3497
1662 960
626 3872
2203 1448
2275 509
30 3742
2341 3537
3179 1953
30 2680
30 2881
30 303
3353 3603
30 544
30 1640
30 3520
2133 1857
2004 3423
3975 3950
1409 207
2513 3626
30 385
2247 1355
1555 3069
30 2616
3908 252
2789 791
201 1654
30 262
1070 2862
30 2560
30 2053
30 65
30 1584
3548 2243
2009 2236
357 3134
2980 3403
2458 1507
30 1824
3685 2302
30 1056
30 1464
3248 202
2866 2046
3394 847
1141 2842
1329 257
30 1752
3958 2336
30 1898
30 2645
3706 1171
3233 1879
30 3389
30 927
30 1954
30 1429
30 499
2186 559
2188 2029
2332 2310
30 2987
1342 387
3697 2068
30 3549
368 724
30 3160
30 1381
30 812
318 2309
30 3456
1198 2015
30 2303
660 1005
1883 1223
1185 241
3107 2662
30 604
793 1600
3200 236
30 1018
30 2975
146 3039
30 2461
2085 2676
30 1408
30 3078
1077 3036
1499 2597
2068 1409
30 3464
30 2888
3259 2762
30 1205
1116 3137
30 2963
30 3903
30 2496
30 2132
30 1345
30 668
1980 1820
30 3785
538 2521
485 2654
2805 3526
3807 1884
529 738
3204 3647
30 665
1656 1245
830 3327
1196 2358
30 2921
30 313
1828 19
30 2380
30 3728
30 2666
115 3787
3024 3930
2586 3818
1639 1335
30 2356
1687 3901
30 3133
30 199
30 1681
826 339
30 3104
30 3910
68 1673
30 1109
30 1338
30 165
30 2780
2692 1559
30 3502
30 250
3420 663
30 281
3310 3657
2527 3426
3715 3115
30 3266
995 1782
3664 1822
30 1289
30 3779
30 593
509 2776
30 235
238 1009
30 446
30 1575
1886 1277
30 2028
1234 3662
30 2879
1975 3143
1812 2917
3118 2297
30 3972
30 3881
30 2426
3254 3231
30 45
969 535
1654 2167
1887 3114
30 2511
1937 3419
763 2216
1659 1231
338 1025
30 2739
2207 1090
30 64
30 3735
3391 2238
3955 2163
341 989
1803 1573
30 574
30 803
1432 2116
371 2291
30 3824
30 3159
3216 2622
1027 2969
30 1897
30 1485
30 1258
30 2226
30 2467
30 2473
30 945
30 422
75 995
3109 2900
1633 3
30 2098
2010 1502
30 3198
3941 3153
30 2684
30 1486
1829 1861
30 641
3100 3312
30 3117
30 17
3414 2039
1041 2569
2926 3962
1624 3851
30 286
2823 1665
746 1543
30 2417
30 2000
30 3650
30 1526
30 2816
30 1112
30 1983
30 536
30 1728
30 3147
30 3244
30 1360
2317 3162
30 3432
30 2093
30 805
30 3890
3945 3751
30 131
1655 83
30 2135
3873 3562
30 496
30 3514
2900 2104
3719 3912
30 81
3909 2014
2604 3282
30 571
30 3237
3134 2466
1849 2615
30 3821
1034 3695
970 1775
3356 958
30 3063
2927 978
30 2434
30 54
209 3706
3305 1776
3657 903
3843 122
30 907
102 3939
30 1549
1902 1154
30 1334
738 1749
30 519
450 881
2935 215
2248 1114
9 345
1495 1670
30 894
30 1079
973 886
2872 3632
846 1569
2701 3026
30 686
2051 3414
1404 208
30 1439
645 2493
2758 3886
30 3415
524 951
30 3588
786 3059
3276 1738
30 3604
1945 1517
3393 3006
2206 1003
3876 1322
1135 2675
268 1149
30 2139
3348 3367
30 2016
30 2481
761 2513
3734 2175
30 2601
30 3187
30 2573
30 1973
236 3838
30 2605
30 2801
3607 1189
1325 306
2942 1859
3026 528
30 900
30 1463
30 1881
30 3964
30 1646
874 602
3699 1909
30 510
3509 793
30 3921
2625 2947
30 1960
475 3208
490 3155
30 1677
30 440
30 3336
2562 2925
2420 2376
30 2546
30 1644
30 1447
433 3945
1224 3568
1114 391
3301 1745
2844 2918
30 735
505 636
30 3712
30 3373
30 1405
2205 1923
30 730
2951 2698
291 3965
3203 2074
30 2444
30 3136
570 1143
30 3027
1707 2896
2216 2926
30 1716
3299 2363
30 245
3524 554
1796 2668
1530 3982
3516 701
3670 2910
577 3149
30 24
30 3671
2715 395
30 2512
30 2528
30 545
2983 3725
1876 206
30 3314
30 2094
30 1993
30 3328
30 3263
1384 1236
30 2584
2477 3908
1858 2133
30 3660
415 28
3930 39
30 930
676 2398
30 3386
30 630
30 3142
2988 3995
1189 479
2688 423
30 1215
30 2428
2704 3348
3880 2059
2970 1198
2787 2027
40 2552
2824 2246
2622 430
30 3342
30 72
2146 204
30 664
30 256
996 1790
3928 2822
30 2312
2398 2009
30 766
1588 700
30 3309
30 2052
30 1220
30 2479
30 3889
489 626
1855 1320
179 1980
2593 338
392 1013
30 2687
3282 3168
30 3617
30 2634
30 828
30 1474
30 799
3684 726
2460 973
30 844
672 164
1431 3599
1776 3748
1203 1602
30 2184
691 1994
2828 3780
3236 1637
711 1956
2683 3352
1460 2404
1582 2961
30 1364
30 3645
295 448
323 1173
1143 210
240 2211
30 447
2363 2771
3594 2557
30 1296
30 1675
2172 3582
30 1838
30 264
3641 2051
1636 3146
30 835
430 2459
30 2325
585 822
30 1949
30 2852
1554 1087
30 1062
1688 76
605 2313
163 3791
3396 160
30 1519
30 658
3707 1589
3576 3926
767 2164
30 749
30 516
3347 2686
30 3219
316 786
30 2342
3893 2744
30 3262
30 79
30 3054
2128 1570
30 2785
391 1472
1138 1134
30 3156
1988 947
30 2490
2504 1002
30 755
30 710
30 2433
30 548
618 1342
30 3174
2820 342
30 1168
30 2429
30 1618
1059 691
30 3944
30 872
30 2006
1744 807
680 1763
30 143
978 2413
2387 1828
30 15
30 3050
791 133
30 3000
30 1819
3115 124
1362 2002
30 2155
30 594
30 1754
1943 1814
822 2146
3339 2299
2769 1242
30 796
30 2641
1349 541
30 653
1496 1490
2603 1945
30 1340
30 3619
30 2727
2891 3300
30 2088
1760 1845
1836 2837
99 2349
1133 98
30 832
30 3084
1222 3320
806 1688
1313 106
2915 1313
2224 794
30 2121
3051 3461
3898 99
30 2001
2196 3257
949 2722
30 3546
30 2795
30 3484
3866 2587
30 473
306 326
30 3884
852 507
30 2367
30 1989
30 434
486 2341
30 2782
1951 1240
3878 2102
2910 1947
30 2995
30 892
84 1092
30 478
1022 2854
30 2855
2768 3387
30 962
30 3732
1095 451
1092 1224
30 3557
30 3923
30 1925
30 3452
1330 1959
30 462
30 1045
2484 3605
559 2354
419 378
30 1585
2662 2781
3416 3578
30 3463
1933 2165
1078 90
30 2644
30 3718
30 3624
241 2999
1166 1462
30 1722
1276 1266
176 1537
30 1632
1083 3057
3137 3630
30 3029
1718 743
30 1226
30 1710
1775 1703
30 1326
30 1501
1366 3176
30 1452
3731 3279
886 3906
30 1339
3754 505
639 472
2885 2062
30 2075
2846 1083
164 1404
30 614
30 2664
1908 234
30 491
2120 3963
30 3377
3014 2651
3332 2895
3905 3092
30 3960
30 3870
2968 31
30 410
1235 3730
30 992
1699 398
30 1990
2773 1757
30 2655
3053 3416
3993 285
30 1538
30 1685
30 695
1772 291
3591 3347
425 268
2618 1371
30 1913
30 2161
30 2060
30 1890
1934 3532
30 2712
1440 684
30 2990
3020 380
2705 2411
30 1874
1873 3049
2639 1853
30 2013
1064 1647
30 2606
400 1834
30 271
579 2626
2802 2714
30 616
2452 2924
3643 2756
30 2794
3315 1748
30 3034
543 999
2369 3391
663 3313
1631 2892
30 3747
3257 629
1147 273
1470 1605
2074 1051
30 3395
1246 1556
30 108
30 2954
30 1877
2870 2114
3681 3066
186 2244
30 525
30 253
2279 1964
30 2867
30 1067
2185 3862
1307 821
30 926
3506 1140
30 1396
277 3591
30 575
30 159
30 128
2674 1889
30 2202
30 1254
30 1910
1852 3897
1536 2355
233 916
30 2402
954 2381
1637 255
30 2485
342 3538
950 382
878 2994
3334 3778
30 2101
3851 1695
1964 443
726 2922
30 2682
30 2405
30 3530
2349 2863
2070 2315
30 2087
30 3045
1306 84
1232 2508
1346 2043
30 3977
30 3055
30 1984
701 1273
30 2076
30 1599
3842 2625
30 403
30 1422
30 1935
30 1176
30 3915
30 3830
30 3592
30 166
30 984
30 3412
30 670
3445 3609
30 3291
132 1988
3823 2259
30 88
30 374
110 2592
1374 3559
1151 3315
30 3435
30 1494
3400 3878
30 3741
30 2199
1893 624
30 666
30 2576
951 673
30 3948
3646 3399
30 3278
30 1771
30 66
30 3453
30 3413
2582 969
2339 2520
2137 1443
30 372
3810 2769
754 1812
30 1481
3733 1214
30 1117
3194 2958
741 1113
30 562
30 2619
30 1047
30 2055
30 3560
30 1527
30 606
30 2251
30 3633
30 3434
915 1470
30 1609
30 2580
2220 1434
30 3740
829 2103
30 1086
1757 2188
3367 1496
2868 1800
1297 1309
337 3600
30 1500
2776 163
2244 2820
30 1596
3343 2232
30 455
30 1929
30 1711
30 3082
3141 1164
1430 1783
1127 1698
30 980
2316 1431
30 595
3949 1280
698 3095
30 3875
30 2609
30 212
1414 2213
3444 1645
30 3406
38 540
1790 2773
2413 277
1853 3495
30 3902
30 768
30 808
916 3680
30 2408
30 3722
30 1202
3220 3958
30 2898
30 3058
451 1004
30 487
30 2472
1959 1931
1758 3339
673 3203
1019 3941
2439 1449
3039 3797
1467 254
231 3721
30 2495
30 2069
30 3927
30 1867
3629 696
1016 3100
30 3018
30 776
30 3369
30 2032
2693 1836
30 1428
3695 2835
2025 2915
2686 1271
423 2275
850 874
2310 458
30 3762
30 407
30 1455
3904 405
254 3694
30 2152
30 1210
30 2856
30 1162
30 463
30 716
3986 267
30 3223
522 158
30 29
3497 2360
30 1219
30 2034
501 1008
30 161
30 2533
30 1153
976 609
1586 506
30 765
30 3023
1994 520
708 981
1285 138
30 2110
30 539
388 3374
675 2705
1965 2905
30 3628
30 3606
555 51
2520 1088
3359 2073
30 2977
30 311
1559 1185
1465 3521
3653 3689
876 3276
2432 674
30 1398
30 1007
2862 3649
1542 3524
2376 1634
3562 850
30 2281
30 1442
30 3239
30 1152
30 1169
2813 720
30 3533
30 135
3485 201
30 1001
30 3067
975 95
30 2865
2315 3346
30 1461
30 172
2720 1068
3999 675
30 1608
3957 1139
30 224
3245 1760
30 2509
30 87
30 3809
1492 2517
30 340
30 480
1864 2807
3849 940
2357 3752
30 1638
1539 1274
2569 1528
30 3635
30 1714
30 3411
775 2927
30 3668
30 840
30 2810
1082 3166
2081 2701
30 1479
30 2298
30 2436
1279 3644
1299 2760
375 561
30 1131
30 3672
3527 2231
30 3855
30 140
30 3550
1099 1920
30 3698
30 2457
30 1571
1901 360
30 469
30 3943
30 2492
598 501
1777 1127
30 1493
1573 1440
2445 3595
2322 2369
2157 3201
1264 2279
30 3587
1736 2294
30 1272
2211 1896
30 865
30 109
30 1950
30 1982
2842 3098
882 3586
30 1689
2288 1848
3303 1756
30 426
30 2685
1231 3979
3478 433
1660 3796
30 308
1284 2957
3501 2464
30 270
1619 692
922 3577
30 384
30 1998
1008 2319
30 3410
3840 1539
861 728
30 3882
3327 1384
690 2245
30 71
181 1794
30 2660
30 3062
1544 1395
30 3105
1936 550
3869 2935
30 2507
30 2752
2108 3195
3007 2450
30 1955
3596 1358
1180 3248
30 920
30 1061
30 2474
30 845
343 785
30 120
1884 2889
30 156
30 2263
30 3363
1192 3663
30 953
3717 1826
30 2149
1574 3989
30 409
1216 343
2176 490
1140 3623
30 1110
30 1957
750 2227
30 3961
30 1833
839 2799
2955 3030
30 3038
857 3250
124 162
30 774
30 2024
30 2378
30 2419
30 46
30 1580
1115 3536
30 3674
1097 2007
30 2858
1643 1293
1909 1777
3249 1034
1525 1649
30 3234
3283 3643
3059 375
283 3869
1946 2415
150 1402
1920 184
981 918
30 3879
30 3932
30 1476
30 3510
2804 1445
30 3531
561 1536
30 3745
1861 3299
2550 1357
144 1014
453 839
700 1876
30 2005
597 1279
3056 2339
1009 2247
30 2270
3613 3220
30 1952
470 146
2259 1979
3238 3099
2863 2260
3221 3043
373 942
1642 1862
2333 1544
30 197
2223 1545
1650 1478
30 3522
30 104
1305 280
30 1248
30 1630
255 762
30 1880
1769 3720
1649 1729
30 1684
30 3047
30 3255
3701 3934
3666 3516
30 2217
30 2598
30 1870
629 2997
3554 2659
30 2449
30 3088
3184 2018
1992 1038
105 3969
30 2044
30 3192
30 2635
30 952
3925 2266
2327 2162
3443 2777
2819 2916
30 1102
2948 2397
30 2578
30 1657
30 3774
971 3823
2401 149
1075 486
30 1233
30 1111
1615 3986
30 2978
30 2627
30 1350
30 1778
30 1628
30 2241
2744 3140
30 3793
30 854
30 383
2807 2530
3818 371
30 3974
3423 687
30 332
1255 2221
30 2123
30 1784
30 1218
906 2779
30 1827
358 3204
37 3165
461 450
30 418
554 3005
30 2875
297 671
31 1307
3008 3245
3461 1807
1670 2968
1002 3758
988 2207
30 2831
30 3437
30 2894
192 419
444 698
2459 2208
30 3682
2404 3622
1626 966
90 3613
30 1436
1142 1106
30 634
30 399
30 376
30 1922
30 1060
1553 2489
30 2469
30 2012
2234 63
1154 1024
30 2985
30 1243
2435 171
30 1798
30 1260
825 3581
30 330
30 3186
1094 1495
1188 522
30 709
169 597
2346 144
30 923
30 3121
3539 1659
30 1515
30 353
3787 1032
30 3150
30 1658
30 827
30 1121
30 914
30 3981
30 533
30 483
30 2282
30 2887
1021 2783
30 740
2793 1902
2227 901
30 1705
30 1730
30 2665
30 275
1820 2544
30 913
724 3580
30 3158
2843 3485
30 2998
30 3385
30 3333
30 3756
30 1672
30 1237
2553 1064
2104 3344
3209 1222
1977 3178
30 910
30 1872
30 429
816 2172
2151 2423
1029 2156
1583 1744
3888 1871
2039 3857
1468 2561
273 2586
2466 1975
30 2677
30 1804
3057 3596
1603 3216
30 300
1308 3813
2480 2151
30 1505
30 3096
30 3652
30 3148
30 2353
2410 3332
1695 2095
3208 1393
30 2491
2054 1042
30 3492
30 3001
30 2089
153 2127
2097 3686
30 230
2194 3466
307 475
30 1607
280 2248
30 3640
472 2778
603 1712
465 3919
158 1816
147 373
3496 1636
11 737
3931 2435
30 2225
30 3976
1227 2817
464 3135
1434 1058
30 3317
30 644
30 2950
2297 3800
30 2890
1013 3558
30 2967
687 2697
3164 2346
2760 214
756 324
30 3289
3751 1133
1903 1255
2231 1893
3095 1380
1785 3713
1533 3393
30 3473
3694 719
30 2540
3996 1073
1262 963
1679 708
30 588
2659 891
3872 2814
30 3090
30 3844
2351 3375
30 1324
30 1666
1834 750
1113 3616
30 777
1382 2025
30 2949
30 1759
1417 3285
820 198
3374 3703
30 1753
3087 3773
30 3508
30 2547
2676 773
30 175
30 437
1443 1163
2305 2200
2350 936
30 3678
611 176
30 2827
1508 877
643 869
30 2362
30 2931
30 2646
30 2585
699 3501
30 2136
3896 3113
30 2
30 355
855 1257
30 129
30 3009
5 512
2266 290
30 2384
30 1441
30 53
3093 2618
3763 2421
30 2906
3965 3080
30 2249
2497 3012
1091 3611
2913 411
267 861
3424 1977
2557 2637
3854 1246
30 1904
684 956
30 2365
3935 328
30 420
2919 2193
30 1155
30 1347
30 3627
30 731
3207 1294
3033 2142
30 1892
30 3425
30 2564
30 2328
3541 2732
30 3656
30 2907
30 2649
1225 651
1287 1095
30 2253
1524 890
479 2284
547 1540
2464 354
2932 3209
30 2285
918 2115
30 3401
1522 2478
3304 415
601 1626
448 2688
3601 1115
30 961
2173 2178
1256 431
30 1085
30 623
2892 3132
1186 3311
784 2196
847 1491
30 1159
30 1869
30 3737
3537 209
1517 1747
3727 3460
30 2989
3241 400
2454 685
30 2681
963 3455
2543 3025
30 1167
1277 459
30 1617
30 493
1704 2768
3044 3683
30 276
2359 1297
3205 1951
2415 3185
30 1182
783 3397
30 3474
1997 2824
1274 1336
1261 3957
1591 1725
30 1732
3648 139
30 3106
2286 2366
30 1837
30 2893
1947 3554
30 3491
30 1137
30 1423
1380 1374
3340 968
30 1194
424 3283
30 733
30 2414
30 1119
3852 862
30 2143
30 1471
30 3004
3803 1619
968 3860
1601 145
1033 2416
3313 3171
1355 1708
30 2228
863 2318
2017 2451
30 2262
3089 2498
1826 2305
30 3922
3460 2844
3399 2941
1401 3905
30 1238
2912 2833
30 1183
30 2409
30 2706
30 1145
528 1305
30 2765
3631 884
2636 2011
30 902
1190 921
30 1383
30 2792
1576 3394
30 3729
30 97
30 1148
30 2825
3761 1692
30 1050
30 2447
3267 484
30 885
30 454
3189 2330
30 2329
30 1740
30 18
30 3042
30 3021
572 2621
30 3379
30 52
2188 2216
1359 605
455 605
3267 2604
1437 605
3303 187
1616 605
2948 336
2032 605
42 605
906 2302
1831 605
2671 605
2447 605
64 605
2991 605
268 820
2360 3975
1588 2569
2629 605
2336 543
3571 2368
3117 605
1311 1391
386 605
1755 2679
2143 605
3660 605
3689 1849
1720 3940
230 605
1527 605
3531 605
3138 605
450 1400
2845 605
1718 2502
2035 605
87 605
975 728
1697 605
2714 1636
1922 605
2018 1240
2349 2705
3963 1537
2485 605
3364 605
807 257
2433 605
543 1375
539 605
1145 605
1478 2162
1038 387
432 1057
520 2025
1247 605
177 605
2593 2210
1336 277
3806 605
1765 605
199 605
1992 3666
214 3576
2397 787
2995 605
1490 3925
3567 605
654 605
2761 605
2556 605
2069 605
2267 605
667 605
2704 90
3893 2783
70 605
2711 605
2376 2595
564 605
2395 605
2692 40
2881 605
1132 556
1821 605
2921 605
1301 605
1385 605
3862 2617
3171 1149
3302 605
313 605
2003 605
3736 605
3564 605
1771 605
2067 605
2286 1707
2040 605
425 198
2631 3971
3760 605
3767 605
777 605
1623 605
1445 11
2790 605
3344 3872
745 605
3528 605
359 605
3942 1150
798 605
185 605
925 605
2876 605
2282 605
3894 605
3640 605
1086 605
3184 445
2251 605
2762 3555
477 2503
3516 1992
1942 605
2368 1676
3139 605
1185 1425
256 605
320 371
1199 605
3290 605
2989 605
672 405
3448 605
743 890
3159 605
3633 605
1024 2999
3274 605
2088 605
753 605
2187 605
2792 605
330 605
2946 2862
86 605
3212 605
385 605
986 1366
557 605
1925 605
3230 2912
2377 605
782 605
1137 605
317 605
1858 2354
1606 605
2292 605
1737 2489
3576 2760
1051 2309
715 605
1296 605
2900 3070
552 360
1636 2802
2190 605
2678 3521
1687 3908
2207 947
772 605
524 1106
3813 2895
1168 605
1411 605
54 605
3740 605
1154 3444
810 605
649 605
2136 605
1568 605
2816 605
2104 2814
1689 605
3545 605
3946 1517
1318 605
1276 3928
28 1713
2076 605
3792 605
1155 605
3078 605
1057 1322
2077 605
3463 605
1370 605
1404 101
3403 2542
714 605
2071 605
2677 605
1001 605
1233 605
1854 605
1344 3577
1395 3832
1899 605
438 605
3795 605
483 605
1960 605
3088 605
1886 43
559 1858
89 605
2908 605
1074 605
3214 605
2825 605
252 416
2505 605
3444 1902
954 3571
3705 605
2891 51
3839 605
3328 605
3253 605
3651 605
66 605
480 605
2217 605
311 605
3540 605
2062 1331
706 605
949 2993
3478 750
517 605
697 605
1397 1777
82 605
3207 834
2378 605
2944 605
3815 605
2365 605
2036 605
2545 3818
1228 605
951 1142
3682 605
2270 605
933 605
3063 605
1884 461
2405 605
3442 2857
3693 1665
208 1490
2993 2722
3464 605
3748 2218
3166 2847
2779 3685
1019 3664
488 605
18 605
2160 605
959 605
50 605
2184 605
3620 605
2330 348
1244 605
1004 3995
2603 1937
69 605
137 605
1608 605
3424 132
2645 605
3668 605
3131 605
1835 605
1489 605
48 2291
1434 550
1211 605
2509 605
2705 99
2462 605
3225 605
187 1756
3976 605
2576 605
1562 850
3135 3516
1663 605
3785 605
2272 605
2729 605
2724 605
476 605
393 605
2588 605
1461 605
1618 605
1184 605
1054 1587
3436 605
1267 605
302 605
3489 605
3056 2413
1733 605
3999 2863
1967 605
668 605
528 887
3376 605
1105 605
1203 3248
1206 605
1428 605
3250 1659
1216 2543
892 605
1504 605
2741 605
3411 605
3875 605
2460 1004
2331 605
3741 605
3985 988
3486 605
1108 2678
484 2213
244 2535
3575 226
1394 605
3503 605
2542 2980
3882 605
2476 605
491 605
584 2586
2175 3356
2044 605
1123 605
3726 605
1696 605
498 3025
1488 3613
2093 605
1855 3990
2028 605
2919 2439
1927 3852
725 605
3642 605
3542 605
2550 3175
2083 605
3766 605
2647 605
2274 605
602 1311
1926 1328
641 605
537 605
3179 1355
3268 605
650 605
744 605
974 605
988 2483
128 605
2090 605
420 605
1840 711
1888 3754
1943 660
1783 2514
3492 605
2890 605
946 605
2070 3044
3708 605
412 663
3048 1419
309 605
1699 2808
765 605
3534 605
2410 3079
1046 605
2152 605
682 605
2739 605
2520 2927
3110 605
619 605
1968 605
2543 498
1287 886
315 605
3937 605
2453 605
3684 1344
2670 605
1727 605
3220 3843
3923 605
3231 1619
454 605
2092 605
2608 605
2242 605
3635 605
3493 2230
1277 2656
944 1426
3077 605
1060 605
239 605
1003 1305
2431 605
1479 605
538 2618
3172 605
502 605
931 605
2021 605
713 605
733 605
271 605
2507 605
120 605
558 605
1790 2222
3188 605
3407 605
117 605
3572 605
1898 605
704 2571
1520 605
2740 605
261 605
1781 439
23 605
1691 605
2894 605
3080 2020
1791 605
2624 2667
97 605
3647 3748
1902 1645
2780 605
3136 605
2034 605
1161 605
2096 605
1924 605
3969 874
2308 605
2824 2716
877 2497
3714 605
2558 605
3342 605
658 605
1208 605
1080 605
1200 605
14 3353
3426 343
1220 605
669 605
1714 605
2100 453
2767 605
3927 605
3563 3876
1784 605
1972 605
871 605
518 605
2802 3146
615 2058
3808 3325
2409 605
493 605
3012 877
2547 605
3518 605
161 605
2660 605
290 3348
1283 605
3685 906
1528 1588
1010 605
3884 605
2386 267
2801 605
1006 605
644 605
3148 605
409 605
1704 1195
1684 605
3387 3663
3336 605
2356 605
3926 1299
1543 1921
3749 605
515 1951
814 605
2533 605
2153 605
2353 605
3860 2631
1912 605
457 605
746 813
666 605
738 144
26 605
2082 605
3907 1627
3316 605
2249 605
1954 605
3512 605
2222 996
2430 605
693 605
173 605
1910 605
3313 323
2361 1449
482 605
259 2822
1844 605
56 605
2782 605
3193 605
408 605
440 605
3142 605
2572 3391
3830 605
2135 605
2689 605
2920 605
3755 605
1866 605
2337 605
580 605
1041 1876
1347 605
3549 605
5 3164
2753 605
1472 2401
3666 1038
2438 605
3263 605
322 605
1970 605
1295 3387
1878 605
1182 605
3102 605
630 605
3228 1650
3459 3693
3348 1078
3454 605
2313 2070
1408 605
492 2886
1005 954
2549 3409
3756 605
2884 605
353 605
2273 2100
646 524
1651 605
2666 605
2682 605
958 2175
211 605
2124 605
2641 605
57 605
2879 605
1315 605
1262 1719
2425 605
3851 540
111 605
834 1
3505 605
3107 3752
2127 2828
1988 3424
3653 2615
1652 605
2121 605
2241 605
1667 605
867 605
15 605
1610 605
2646 605
2303 605
3844 605
368 259
2326 605
1724 605
3496 2714
3121 605
175 605
1029 1800
3587 605
338 1049
140 605
896 1857
1776 611
1981 605
2271 605
1999 1887
3674 605
3709 605
2198 605
868 605
1752 605
447 605
94 3184
1147 2488
501 3789
1521 605
3948 605
3360 605
1800 2156
604 605
778 605
593 605
1028 605
3011 605
75 3048
3452 605
2362 605
3114 1884
594 605
3803 3231
1399 605
2086 605
1921 746
737 986
536 605
901 2922
33 605
3801 605
2436 605
774 605
941 605
3425 605
562 605
3215 605
2469 605
399 605
1974 605
273 584
2253 605
2834 605
2829 605
840 605
1453 605
3929 605
1998 605
2149 605
2140 605
3254 692
1305 2718
1210 605
3280 605
1205 605
3932 605
2878 605
1245 2779
487 605
3924 605
275 605
1772 2798
3289 605
3192 605
1531 605
8 1886
2708 605
938 1470
2449 605
837 605
1990 605
262 605
2988 841
428 2527
763 2188
962 605
1837 605
2811 3649
2662 2357
3807 450
1913 605
227 605
3840 2686
1802 605
2979 605
3699 3701
2298 605
2745 605
2998 605
2903 605
3556 605
2823 1720
3958 999
2526 605
1303 605
1712 94
3242 605
3553 605
2589 605
2548 605
900 605
3474 605
3817 605
2497 949
943 505
2742 605
3104 605
2321 605
1274 3591
3241 3945
3603 3455
367 605
1817 605
2230 1543
973 451
3372 605
3248 1602
3733 922
1622 605
2595 2420
3555 2293
2716 1997
2373 605
379 605
3010 605
206 3227
1641 605
3649 2946
2737 605
3210 605
2571 1540
2531 605
1627 873
3712 605
2487 605
3573 605
1414 484
994 605
2985 605
511 605
1425 241
2685 605
2591 605
2422 605
2851 3751
2278 605
2656 459
854 605
3015 605
2725 605
1 2911
1709 605
655 605
1941 3061
3972 605
1635 605
505 1888
2519 605
3167 605
1381 605
3598 605
3975 2859
3072 605
790 605
1193 605
2781 507
2324 3049
2322 150
1270 605
673 136
3842 3286
2348 605
2966 605
568 605
182 1319
215 823
65 605
149 1114
873 2370
3663 2084
553 605
264 605
862 1927
446 605
2081 3860
2868 1991
2287 605
3469 605
1465 586
200 605
1405 605
2408 605
1179 605
449 605
3001 605
3262 605
2735 605
2319 1133
3350 75
3802 605
2752 605
32 1022
2953 605
20 605
3618 605
2696 3647
2472 605
947 1090
2949 605
702 605
1833 605
1275 605
1114 2836
1023 605
2623 605
3495 3312
1148 605
2169 605
2396 605
963 3778
1690 605
3562 1562
1565 605
3401 605
632 605
1322 3563
3944 605
2229 605
2518 605
37 694
2901 605
3163 605
159 605
3340 2701
525 605
1458 852
803 605
3440 605
303 605
861 975
762 3864
2185 3232
2853 605
3852 3496
3130 605
3585 605
1436 605
3379 605
952 605
2418 605
998 605
2045 605
464 701
1686 605
390 605
2192 3851
769 605
2392 605
1321 605
306 404
1272 605
103 605
343 1281
2833 1320
1419 192
1153 605
3009 605
3665 605
3769 605
1705 605
3961 605
2601 605
202 1203
3345 605
3402 605
3019 1353
3430 605
321 605
2061 605
1976 605
1319 1304
2053 605
378 1284
2727 605
1226 605
2770 605
3992 605
928 2948
1706 605
3161 605
282 605
1619 3254
1183 605
1366 1025
3305 176
662 3100
2858 605
3511 605
2329 605
1599 605
3366 605
3928 1266
842 605
2566 605
2202 605
887 3026
1230 605
2707 605
2510 605
2227 1680
3872 1302
542 605
3890 605
1128 605
3883 605
606 605
326 1634
1106 951
11 2804
332 605
3513 605
609 2874
1067 605
1253 605
1160 605
293 605
1759 605
217 605
1165 605
2690 605
2798 291
2950 605
2567 605
3240 605
3718 605
727 605
2984 605
664 605
516 605
2730 605
349 605
2863 675
1788 605
633 605
1666 605
1202 605
2247 3179
607 605
3966 605
1969 605
2747 243
1668 605
1055 605
1677 605
565 1956
1906 605
3278 605
3453 605
2147 605
2057 605
3194 1698
176 3963
3300 555
2296 605
730 605
2615 3689
2441 3539
1842 605
3473 605
3073 605
1560 605
2101 605
953 605
2529 605
2111 605
1846 605
895 605
812 605
787 2759
2718 528
965 3893
2413 2339
2448 605
3525 1273
3404 605
3180 605
1294 3482
910 605
2486 605
2642 605
3164 512
660 2381
1984 605
2765 605
631 605
1248 605
2248 2206
827 605
2357 2781
2895 134
1217 605
2079 605
729 605
1125 3684
1368 605
2065 605
3743 605
3338 605
3777 605
3725 577
1682 605
292 605
398 14
3577 3733
334 672
886 1095
85 605
2839 605
2491 605
2 605
2285 605
2923 1524
2291 2062
2699 605
3772 605
2922 456
856 605
400 433
2992 605
979 605
3071 605
3539 3250
2264 605
1685 605
3771 605
2154 605
3467 605
364 605
2980 3378
718 605
2199 605
1034 2530
2055 605
1355 2653
2592 3299
494 605
59 605
2956 605
820 425
3127 605
2857 615
106 802
1671 605
356 605
2759 636
1326 605
1207 605
3054 605
1958 605
581 605
939 605
3434 605
132 1977
3472 605
10 605
2986 605
716 605
2865 605
1014 738
3182 2017
860 605
2290 605
3081 605
1400 881
2826 605
3147 605
2134 2630
1463 605
329 605
392 3764
3032 1747
2673 605
3675 605
3427 605
127 646
1867 605
2029 763
2166 605
3287 605
445 2018
2625 1789
63 1271
3742 605
2514 1430
1524 603
1278 1029
1764 605
269 605
545 605
3732 605
3871 605
151 605
3213 605
1475 605
3412 605
1961 605
1331 2885
3239 605
880 605
2483 2207
3809 605
3984 605
935 605
3520 605
3971 1498
2258 605
2936 605
1290 605
2344 605
2245 1615
1329 807
3314 605
937 605
1973 605
841 3362
2856 605
972 605
2961 3111
3140 215
750 1669
2652 605
3295 605
540 1695
692 1885
2250 605
3794 1712
1963 605
832 605
3325 2399
72 605
2366 178
3205 2651
2089 605
3695 2807
1584 605
1798 605
731 605
3353 195
1426 2581
2785 605
3435 605
799 605
3858 605
575 605
3624 605
1252 605
51 2695
3621 605
2461 605
131 605
198 3361
3831 605
496 605
2952 605
852 1704
2911 92
3667 2048
599 605
1567 605
1512 605
3370 605
1167 605
3938 605
1485 605
3672 605
2246 3168
3837 605
3745 605
346 605
2649 605
2683 1815
2347 605
1429 605
3284 605
2424 605
2295 605
3627 605
621 2134
1891 1395
2204 1465
2999 1154
3744 3178
2800 605
2099 605
3590 605
3995 3494
2797 605
3333 605
172 605
436 605
1506 1445
1470 3634
152 605
1238 605
2239 605
2123 605
109 605
3097 605
3655 605
977 605
577 3570
1811 605
853 605
2803 605
2751 605
1907 605
3451 605
3318 605
694 3165
1995 605
3856 605
472 618
3189 1132
2407 605
1282 238
670 605
1459 605
2619 605
3181 605
3152 605
2562 2775
1757 2926
1957 605
371 48
3226 605
1194 605
881 717
989 2421
2268 605
178 2286
679 605
3456 605
2516 605
2882 3707
1423 605
2300 605
79 605
695 605
3306 605
1124 605
1240 515
1486 605
824 605
1214 2127
104 605
2832 605
2095 1294
3447 605
813 862
1838 605
34 605
3165 2961
2584 605
836 605
3819 605
1072 605
222 605
2928 605
381 605
1539 3347
1386 605
485 283
2490 605
1726 605
1614 605
2495 605
3547 605
2174 605
3588 605
2654 1357
1914 605
3174 605
2380 605
948 605
749 605
3052 605
2778 2882
358 2470
3701 1625
980 605
1596 605
1656 547
3378 3182
885 605
1369 605
2465 605
2474 605
3296 605
1430 3308
3522 605
1071 605
3169 605
808 605
3195 3906
1382 520
1260 605
1340 605
197 605
1158 605
1050 605
3199 605
2807 1034
3546 605
544 605
3108 490
3836 605
1683 605
1392 605
2804 737
384 605
914 605
3782 605
3780 1755
3950 2360
991 605
3331 605
7 605
348 3189
3075 605
1824 605
1574 3080
6 605
2328 605
1498 1382
471 605
3026 3340
1149 1985
2262 605
785 3426
2609 605
3445 347
2350 3941
1474 605
3014 3205
596 605
274 609
216 2675
3864 255
846 127
2935 1365
2333 415
2663 605
1985 268
527 605
3155 3108
2457 605
1061 605
3945 400
1146 605
756 63
3881 605
600 605
1547 605
1269 605
165 605
135 605
2684 605
1367 605
174 605
1501 605
3561 605
1950 605
3297 605
3739 605
817 605
3608 605
3365 605
620 605
1982 605
1849 2796
740 605
500 605
2749 605
2959 2823
2000 605
3334 963
3058 605
1008 98
3037 605
2630 640
3421 605
2189 605
3886 2074
775 3734
2429 605
1180 1926
3112 605
829 3145
191 605
1009 1953
418 605
3494 2988
1446 605
1409 474
3990 1372
865 605
1620 605
3361 1553
2024 605
3829 605
3747 605
2657 605
3921 605
2565 605
717 1891
1406 685
1345 605
1058 1936
490 917
2875 605
1535 762
2701 968
3029 605
1390 605
1810 605
2346 5
2367 605
391 149
3481 605
2240 1054
1537 2120
1936 1434
1480 605
270 605
1302 626
3429 605
3465 605
1169 605
3000 605
899 605
3589 605
365 605
792 605
406 605
3173 605
1986 605
1044 3107
2113 3321
2399 3230
3543 605
3291 605
99 2411
3906 1287
3897 764
705 605
3190 605
2118 605
3085 605
955 605
1026 605
2574 605
3219 605
2628 605
1119 605
3449 605
640 244
3286 2625
183 3901
2583 3282
2743 605
3249 2983
1887 2889
74 605
1471 605
3867 605
999 2336
3762 605
1908 3519
1857 2186
53 605
403 605
2411 3898
433 1834
1552 605
2909 605
3952 605
3150 605
2710 605
3270 605
3358 605
3398 605
2108 2023
1609 605
460 605
2311 605
1571 605
893 605
1650 1795
551 605
2182 605
1559 2981
555 2891
3763 989
1935 605
1231 2103
2973 428
3203 3886
913 605
3323 605
1159 605
2694 605
2665 605
3639 605
2255 605
2610 605
2722 789
3022 605
142 605
3408 2113
3903 605
164 3904
1604 605
38 2095
1388 605
2122 3575
279 605
1281 1216
3237 605
1375 2158
1789 2947
2847 3786
1000 605
3415 605
2579 605
1133 2851
3638 605
1583 2900
3206 605
1487 605
1127 1397
60 1329
3925 1496
3898 182
526 605
2156 2868
2210 2029
2306 605
2541 605
1291 605
2496 605
1742 605
108 605
2540 605
441 605
1819 605
389 605
3645 605
3068 605
3859 605
690 3986
3293 605
1157 605
3728 605
770 605
1795 1478
3853 605
2302 2835
335 605
3654 605
1410 605
3367 290
945 605
3579 605
2915 691
1079 605
3198 605
2896 334
987 605
1735 492
2265 605
1597 605
2060 605
739 1016
2031 605
2209 605
3583 605
1142 673
3833 605
336 2397
3722 605
2563 605
3096 605
3266 605
2627 605
136 3203
1308 2327
2064 605
1754 605
1351 392
1218 605
653 605
1418 2854
1767 605
3170 605
2815 605
3100 3495
2363 299
3223 605
3550 605
1021 3140
3158 605
796 605
1861 2592
1634 1809
3157 605
1529 605
1387 605
1121 605
3021 605
586 739
3879 605
78 605
3395 605
1676 1783
1036 605
1768 605
2744 1021
2342 605
1102 605
3614 350
686 605
2771 928
3122 605
3970 3711
81 605
3698 605
2145 605
2283 325
226 1678
2131 605
1880 605
3832 1544
1885 627
2327 3813
2180 605
212 605
2225 605
3352 3917
2831 605
936 1019
985 605
2379 605
134 3332
3269 605
3232 3493
2934 605
3980 605
1456 605
1823 605
1792 605
780 605
221 605
3156 605
350 2108
2233 605
589 605
3312 1853
156 605
3696 605
700 1041
3850 605
3613 122
2277 605
439 2786
2426 605
3604 605
3042 605
3386 605
1715 605
1209 605
1191 605
1389 605
665 605
362 605
723 605
2252 605
675 2349
811 605
1421 605
2260 3999
101 208
1582 2078
1989 605
1284 2324
3299 110
1722 605
628 605
401 605
2289 2964
286 605
1053 605
982 605
3457 1371
677 605
241 1024
129 605
3710 605
1827 605
4 605
2535 3442
828 605
1731 605
2098 605
1112 605
1782 883
2068 3236
1420 605
2281 605
3079 621
510 605
766 605
248 605
3967 605
298 605
2087 605
1847 605
3260 605
2489 704
2307 605
2578 605
3349 605
1538 605
2723 605
3606 605
3234 605
372 605
3901 2477
732 605
3965 1574
894 605
3673 605
3196 605
1756 1282
3652 605
2564 605
1035 605
3974 605
1056 605
2120 1063
1637 2068
238 771
1412 3985
1834 3478
1457 605
417 605
3953 605
3406 605
616 605
1940 605
1516 605
3804 605
3869 485
3046 605
2651 2747
277 3056
2402 605
2731 605
1403 605
2412 605
29 605
2084 1192
2976 605
3973 605
1455 605
3101 605
1945 3946
52 605
44 1027
318 1861
1744 3109
2848 3897
3002 32
2228 605
397 605
598 218
2150 1135
996 246
504 605
703 605
1215 605
1328 2072
126 605
2532 605
90 1488
3617 605
2614 605
1500 605
1372 1772
2502 743
3609 58
3309 605
3383 605
1088 775
2527 785
1172 605
1062 605
2764 605
2931 605
2130 605
3560 605
2428 605
1675 605
2691 605
415 2570
3324 605
2658 605
1630 605
255 3697
1661 605
2712 605
771 1009
2074 2758
2406 605
314 605
2860 419
1332 605
3825 605
3977 605
634 605
1932 605
1657 605
3634 915
556 896
2293 1782
3861 605
3298 605
3669 605
3691 605
1937 1945
1707 366
1364 605
340 605
377 605
1951 3014
3061 1750
213 605
3628 605
413 605
1843 605
2983 3149
105 602
3023 605
1039 605
569 976
1170 605
3687 605
857 1231
283 2654
3377 605
224 605
1313 1059
3887 605
3458 252
98 2319
3774 605
2555 605
2617 2185
3432 605
1929 605
3997 605
712 605
2893 605
3981 605
1177 605
2467 605
507 1458
2033 605
228 605
2957 378
344 605
3821 605
58 1938
2323 605
2158 3842
642 605
1511 2973
1187 605
2421 341
1544 3304
909 605
2013 605
3636 2550
839 724
3911 605
2653 1708
1316 3699
2312 605
1298 605
3716 605
1271 3840
2977 605
3519 234
2546 605
3770 605
3517 605
3119 605
1716 605
3922 605
2334 605
1237 605
3892 605
757 605
2573 605
907 605
2796 1472
1638 605
1192 2683
1494 605
299 2771
370 605
3466 1402
2094 605
121 605
2381 1005
1173 3313
3959 605
1569 1822
917 2176
1841 605
294 605
3224 605
3236 1409
1515 605
2912 3899
2818 605
2369 795
1219 605
2254 489
818 605
257 1744
61 605
623 605
1895 605
3704 605
800 605
497 605
2965 605
2721 605
3729 605
2206 280
3272 605
2898 605
1221 605
3750 605
3308 3153
3103 605
1175 3942
3535 2410
2854 1528
926 605
2886 2848
150 3466
366 2896
249 605
2048 3970
819 605
2177 605
2434 605
3764 1013
281 605
992 605
2793 1508
2420 1412
2925 8
1150 1511
2862 3978
3523 605
3329 605
2052 605
622 605
802 3614
1254 605
3711 569
3530 605
3734 958
2773 3962
203 605
3145 202
2191 605
1994 2915
46 605
118 605
3988 605
280 1003
3566 605
2783 2744
1442 605
1874 605
1076 605
1860 605
588 605
3476 605
1579 605
1644 605
591 605
888 605
519 605
2964 2562
225 605
3016 605
3811 605
833 605
2702 605
2536 605
452 605
2384 605
701 3135
3247 605
2119 605
3259 363
1519 605
1653 605
3676 605
421 605
3261 605
3502 605
3737 605
912 605
1808 605
2877 605
91 605
2499 605
1678 1535
2940 605
250 605
3918 605
755 605
3413 605
3109 1583
1441 605
2364 605
3428 605
905 605
1402 2194
890 2923
1090 1988
2451 2549
3552 605
1045 605
1022 1418
110 2363
2439 2193
2754 605
246 2330
3420 412
1938 2283
3677 605
1259 605
2280 605
3362 3319
1324 605
1070 1406
2840 605
3917 2522
2648 605
2554 605
3597 605
1710 605
760 605
2391 605
1872 605
1066 605
453 3580
1770 605
461 3807
2726 605
3900 605
1814 1589
711 3808
1089 605
915 1175
2664 605
2570 28
3920 605
3347 1274
2867 605
1864 3695
473 605
1578 605
35 605
3491 605
3664 1569
1778 605
1464 605
416 3002
481 605
2339 978
1378 605
3754 1147
1728 605
2171 605
1350 605
795 2322
1850 605
1900 605
2473 605
3625 605
1870 605
144 1749
2766 605
1037 605
422 605
1629 3229
2343 605
2675 2238
1646 605
2580 605
1701 605
2864 605
243 2245
1288 605
3123 605
2996 605
2006 605
3410 605
3341 605
1496 2266
2810 605
3070 2104
2197 605
3431 605
2354 2904
3082 605
1078 2704
463 605
1398 605
883 995
3244 605
618 2778
1047 605
1396 605
3384 605
3487 605
1107 605
419 2957
2606 605
1916 605
1371 538
1624 2192
2768 1295
1617 605
3083 605
2883 605
3176 338
3490 605
284 605
1304 1735
3889 605
805 605
3584 605
96 605
2001 605
3843 3958
595 605
1526 605
1482 605
2237 605
614 605
2375 605
2352 605
1312 605
2954 605
1953 2247
2717 605
1334 605
3093 3497
1433 605
1561 3551
3751 3241
1595 605
2388 2369
2005 605
2757 605
2372 605
3197 605
1357 3636
3392 2441
234 3403
2261 605
967 605
3044 582
1018 605
2680 605
710 605
3047 605
1557 605
95 861
1904 605
195 3603
1732 605
3793 605
1877 605
2687 605
1875 605
2481 605
1730 605
722 605
1787 605
308 605
2602 605
3899 2833
2590 605
1753 605
312 605
3482 3207
2521 3093
2987 605
166 605
576 605
3027 605
1300 605
3271 605
3591 1336
1695 38
2969 44
1987 605
2695 3392
3697 1637
2213 3267
1553 1737
410 605
276 605
529 1014
3129 605
2417 605
1966 605
685 1325
3177 605
1702 605
2880 605
3814 605
116 3907
2889 3114
12 605
1337 605
41 605
560 605
2479 605
3357 1058
2888 605
2981 1185
1265 605
648 605
3783 605
2195 605
2713 605
2503 3420
1135 216
2639 2122
2500 605
521 605
2488 273
752 605
300 605
533 605
3688 605
2904 2811
1740 605
2179 605
2025 1994
1829 318
3227 1699
3111 1582
3943 605
566 605
3418 605
1605 938
1481 605
2850 605
3962 1790
3778 1262
157 605
2887 605
1743 605
1439 605
2967 605
1450 1855
1339 605
1881 605
2667 358
1383 605
3569 605
3592 605
2635 605
107 605
1540 1656
2836 2248
627 3300
2938 605
1263 605
459 1108
27 605
3450 605
1832 605
961 605
324 2234
3368 605
1250 605
24 605
3018 605
2990 605
148 605
2812 605
3735 605
3873 3020
153 3780
3968 605
2605 605
2444 605
141 605
325 155
927 605
43 1277
2784 605
2477 1687
1129 605
2947 1605
429 605
874 105
3707 1814
3580 839
1341 605
3385 605
3105 605
2266 3367
3354 605
532 605
2216 1757
1978 605
3409 3155
503 605
1454 605
77 605
1027 1718
3462 605
3322 605
327 605
789 1624
2440 605
3934 324
3417 605
1085 605
1452 605
2471 605
508 605
1749 2346
1178 605
192 2860
2632 605
3004 605
751 605
3723 605
3045 605
978 2520
1793 605
2706 605
3038 605
1049 2593
2309 1829
1766 605
2822 1276
3211 605
1213 605
3438 605
563 605
547 1245
17 605
1195 2768
1333 605
451 2460
889 3194
3049 1082
1444 605
3371 605
534 605
968 2081
3084 605
3149 3725
2234 756
776 605
726 1125
3187 605
3175 889
427 605
3317 605
1949 605
2586 2545
3786 3228
2050 605
3904 1404
3294 605
3671 605
1251 605
1991 2037
2577 605
897 605
1550 605
3910 605
426 605
245 605
2139 605
681 605
3218 605
764 1852
2806 605
3508 605
55 605
1413 605
3168 2824
2058 2038
2072 2214
351 605
3915 605
3775 605
456 726
1741 605
567 605
3514 605
1476 605
850 3969
3321 3457
1016 662
3533 605
1136 605
1352 2289
3683 380
2400 605
3067 605
49 605
3779 605
3330 605
3017 605
2214 1414
1956 1840
2560 605
2022 605
728 432
1747 965
1983 605
2103 3979
2030 605
3389 605
1577 605
1799 605
3186 605
1901 552
2016 605
1809 2376
3064 605
466 605
920 605
2539 605
2401 391
3678 605
3390 2394
478 605
155 183
1672 605
1804 605
2320 605
1894 605
462 605
3217 605
3433 605
1818 605
3151 605
2141 605
1575 605
2494 605
2869 605
2020 1781
2841 605
3570 870
2263 605
2176 233
1110 605
1059 106
3846 605
3812 605
1152 605
3243 605
2871 605
3380 605
3936 605
3128 605
2620 605
613 605
2370 3419
3933 605
2530 3249
1602 1180
3060 605
1342 472
2511 605
2446 605
2109 605
3870 605
652 605
663 1173
1708 3390
2091 605
2960 605
3979 829
2808 398
995 3350
2522 2366
1360 605
1176 605
1680 901
3960 605
2939 605
2552 2692
2598 605
1593 2639
2788 605
636 943
112 605
2455 605
2017 2830
3062 605
1063 3408
1892 605
1815 3352
2528 605
352 605
1853 1593
2821 605
3986 2386
3610 605
2019 605
3789 1008
434 605
661 605
2795 605
3282 2246
3989 3965
2515 605
3126 605
797 605
380 3873
3822 605
3680 916
3661 605
387 639
866 605
405 164
2655 605
260 605
2492 605
1407 605
2037 477
2926 2773
376 605
3363 605
1674 605
3841 605
1449 2919
3455 3334
3153 2350
768 605
2468 605
1774 605
2374 605
2604 2583
902 605
845 605
3964 605
2338 605
2786 3459
3281 605
3256 605
2524 605
3183 605
724 2799
1273 464
207 1629
1905 605
374 605
3790 605
2523 605
3204 2696
1069 605
1640 605
1391 2552
233 3680
1131 605
1100 1506
1806 605
922 1214
550 2220
1469 605
1509 605
2161 605
2219 605
1564 605
1052 605
1338 605
3902 605
781 605
3484 605
1007 605
2075 605
864 605
1851 605
1628 605
435 605
1589 1943
3025 1278
3521 2204
3304 2333
1292 605
1162 605
1711 605
3847 605
2201 605
2634 605
2393 605
3978 1070
2581 1941
3265 605
546 605
3557 605
2106 605
2835 1864
2238 2572
469 605
414 605
1325 2454
347 3609
582 3683
1013 1241
3612 605
278 605
2814 3344
3332 3535
2569 700
3877 605
1365 3869
2774 605
1822 846
1174 605
3510 605
2212 605
3094 605
341 3653
2638 605
45 605
3258 605
2828 153
1909 1316
1977 3744
997 605
62 605
2314 605
2930 605
3752 2662
237 605
2827 605
1580 605
592 605
3759 605
1025 3176
2616 605
3419 2603
1353 1908
143 605
3816 605
3895 605
1438 605
656 605
2709 605
474 207
3908 3458
2686 1539
990 605
2681 605
1493 605
3941 936
361 605
2975 605
1484 605
2148 605
2799 368
2078 1044
25 605
2463 605
2012 605
3356 1901
1317 605
1750 2260
2056 605
442 605
3028 605
804 605
2962 605
2963 605
1447 605
849 605
3034 605
3369 605
3784 605
934 605
2475 605
1109 605
1746 605
2470 3204
2585 605
383 605
2155 605
2215 605
1625 3934
1111 605
180 605
3160 605
759 605
2838 605
1869 605
2958 1127
3692 605
908 605
3373 605
1863 206
1258 605
2162 1308
3178 2240
823 2935
3551 2624
1587 3525
574 605
1517 3032
3229 3667
2746 605
2538 605
578 605
3828 605
2501 605
355 605
1549 605
2907 605
1890 605
1952 605
617 1561
2226 605
2594 605
1876 1863
2419 605
512 3862
3074 605
2643 605
360 60
92 2273
1117 605
976 274
638 605
1585 605
113 605
1615 690
548 605
1681 605
3940 529
1505 605
1483 605
1241 3558
1997 3019
3497 3950
1897 605
267 95
2389 605
1327 605
3637 605
1719 2150
3848 605
2023 3195
3574 605
1873 3166
1632 605
1955 605
1607 605
603 3794
1856 605
2220 3763
3558 214
2534 605
291 3989
2945 605
363 2762
1930 605
196 605
2575 605
809 605
88 605
549 605
2335 605
2133 559
923 605
3855 605
3656 605
3437 605
2933 605
1721 605
3040 605
2325 605
2679 617
3273 605
1015 1909
1243 605
1669 2227
3868 605
930 605
2978 605
2794 605
1779 605
2906 605
266 605
2775 2925
2186 2133
1204 605
253 605
3106 605
3090 605
2512 605
272 605
3191 605
1503 605
2758 1051
1882 605
235 605
1289 605
2132 605
1477 605
2193 2969
1156 605
2640 605
2927 1088
2218 1776
1422 605
639 1342
3991 605
3337 605
2644 605
870 3803
3319 1999
2414 605
3479 605
2110 605
1915 605
223 605
1098 605
3146 1100
3834 605
3055 605
3746 605
1805 605
1751 605
872 605
608 605
1508 3012
3076 605
3619 605
1993 605
835 605
3956 605
251 605
3593 605
3650 605
2885 3259
3845 605
2038 37
122 3220
1310 605
1040 605
1356 605
3326 605
2454 306
2830 2451
1659 857
3133 605
611 3305
1082 1873
1513 605
499 605
193 605
2194 565
1613 605
571 605
983 605
2859 1352
323 3171
1320 1450
3826 605
71 605
3818 320
1299 2361
844 605
984 605
1379 605
1777 1015
3020 3562
1361 605
2760 3926
1101 605
2612 605
218 501
40 1559
3824 605
489 598
3391 2388
626 2254
709 605
2763 605
691 1313
1665 2959
437 605
2852 605
1658 605
3252 605
219 605
1030 605
394 605
1713 116
1723 605
1435 605
2943 605
3091 605
1095 973
3255 605
3050 605
3876 3357
2105 605
1852 3445
1266 1351
2855 605
735 605
1698 2958
2618 2521
2394 944
2874 3303
404 326
1645 2793
407 605
