1000
341 610
167 477
207 948
705 935
404 254
776 356
686 404
962 141
346 320
698 387
903 446
845 841
256 8
301 464
71 311
310 644
909 392
413 285
435 239
727 767
381 178
204 652
765 701
139 848
428 794
474 486
691 270
615 639
876 227
24 111
446 403
952 284
45 102
862 384
388 764
578 145
555 272
691 381
565 680
793 727
949 510
426 540
175 51
442 949
793 910
482 554
622 764
264 372
756 939
587 407
971 875
216 873
107 739
219 41
692 298
714 38
165 666
71 499
758 742
625 191
632 174
829 44
558 302
906 649
232 459
111 291
102 768
407 941
751 2
66 482
717 653
17 192
219 658
532 583
140 653
2 948
588 461
640 180
737 637
650 638
968 433
798 389
188 967
224 408
433 926
28 950
323 669
502 232
454 699
811 791
529 638
40 523
122 547
237 265
780 442
427 652
645 58
949 438
801 24
551 103
52 984
983 815
285 207
45 809
509 152
121 770
864 793
899 776
164 821
57 658
846 506
553 181
192 863
543 939
23 96
308 423
114 145
824 11
609 964
844 424
542 277
450 461
318 900
306 884
170 592
75 949
331 804
408 464
992 515
40 668
546 942
141 588
887 583
689 379
175 102
840 338
608 639
131 71
930 604
847 361
783 837
681 2
76 479
493 868
478 808
946 770
564 635
196 216
43 3
903 664
75 11
419 731
170 460
49 741
432 18
235 579
507 422
819 296
866 175
172 94
389 982
325 850
743 376
125 863
947 35
840 641
693 905
352 550
984 614
760 27
177 974
249 362
964 735
841 210
565 667
972 349
748 275
217 499
821 890
612 673
709 972
158 206
20 944
425 24
750 885
201 538
993 821
509 247
396 895
701 626
656 189
272 174
359 350
263 295
248 249
111 56
532 349
180 794
5 142
821 437
960 98
464 771
452 742
506 319
309 606
796 286
977 750
799 636
406 728
763 854
111 612
361 837
827 688
981 684
934 896
472 739
363 535
706 277
46 547
631 961
859 747
966 217
106 116
627 605
681 437
272 198
194 257
38 611
17 480
632 361
53 628
322 916
971 833
437 315
185 553
871 968
751 90
888 249
326 809
752 755
733 700
978 382
596 153
621 160
449 370
836 870
952 347
360 695
631 150
766 266
152 156
422 97
38 113
582 206
574 567
909 931
927 128
157 97
614 827
800 709
726 179
729 790
352 341
204 648
348 310
167 671
481 182
91 737
948 501
860 798
422 582
745 353
201 965
969 503
852 378
682 419
953 36
153 571
639 976
732 684
544 36
458 284
457 418
655 159
504 23
200 692
930 652
598 377
601 655
311 9
354 506
505 243
114 805
802 616
344 197
652 936
968 208
683 570
419 425
831 780
908 279
466 109
530 848
122 305
44 560
39 194
660 698
77 579
771 561
155 912
356 914
455 9
461 51
140 302
9 270
252 186
493 369
228 648
632 114
211 991
192 450
954 998
995 739
751 375
460 163
520 153
260 915
258 139
708 430
422 351
558 453
292 498
798 101
995 675
229 672
163 572
18 657
984 904
278 718
99 727
737 901
565 752
138 89
156 676
667 532
819 61
886 952
842 879
141 676
618 134
976 787
38 311
382 279
315 970
174 134
51 254
743 976
115 191
12 662
188 588
475 784
221 676
109 877
264 222
193 685
440 592
365 470
708 188
262 975
912 790
872 625
402 761
565 925
519 92
809 871
160 257
338 404
762 644
402 37
286 11
701 766
583 886
609 627
803 846
188 132
697 341
659 905
436 604
195 559
64 364
167 891
606 491
817 570
209 534
660 886
112 369
973 950
971 585
221 746
983 666
107 82
959 767
755 897
762 543
906 130
450 565
564 935
716 43
331 791
275 487
119 385
984 708
929 373
689 633
387 647
665 859
727 520
819 902
716 553
67 462
836 51
9 503
53 966
451 529
608 960
4 178
213 291
918 24
996 551
33 431
416 753
328 784
358 16
357 125
2 969
870 594
572 422
470 191
345 772
266 383
258 487
299 395
85 981
867 759
799 551
54 340
216 293
626 910
316 587
454 834
785 463
333 348
692 654
693 403
335 532
264 251
818 389
354 543
332 435
757 575
584 589
402 648
306 882
573 563
4 296
246 475
334 30
810 252
459 673
47 790
787 27
663 888
305 340
324 722
831 472
166 833
773 452
167 279
613 63
108 343
709 293
76 863
770 658
377 385
351 283
964 62
834 776
9 863
397 987
641 384
981 348
3 389
623 332
833 459
312 382
134 379
36 70
811 392
90 832
134 50
872 987
604 920
413 848
352 590
377 879
690 856
720 454
872 734
112 245
403 546
138 117
973 861
538 730
639 10
862 582
842 718
578 468
394 871
521 327
35 625
2 892
322 306
485 243
518 780
529 89
449 35
301 972
240 60
879 793
597 627
834 896
369 962
280 469
742 203
838 32
535 494
921 655
552 265
774 946
193 272
979 764
36 812
156 528
302 281
187 683
938 164
930 381
323 516
478 629
642 76
338 504
956 140
811 881
412 797
861 458
729 243
453 823
455 631
323 739
946 878
518 870
596 988
729 591
555 82
257 835
421 678
627 206
633 620
553 130
787 654
282 190
980 653
453 352
799 857
442 663
630 112
506 275
502 519
361 305
530 789
386 82
777 998
447 900
978 817
640 208
50 171
58 840
763 958
975 328
257 538
26 260
291 308
596 271
510 167
149 905
177 516
160 79
961 484
244 752
35 146
455 673
261 608
205 834
849 911
260 11
71 289
683 749
205 620
593 696
830 598
230 99
132 526
230 634
802 584
868 536
715 226
253 488
786 769
788 77
735 956
804 477
184 183
12 226
335 19
99 348
417 21
621 271
346 818
325 283
626 489
497 989
862 185
167 524
953 793
291 368
93 745
494 451
848 306
295 998
549 797
492 516
158 795
490 809
674 558
878 410
32 257
457 754
639 487
627 103
134 424
928 892
662 337
521 217
958 255
878 973
586 203
259 306
35 18
949 998
454 911
345 249
171 235
240 587
771 240
69 265
655 418
797 629
387 508
411 957
91 486
125 576
426 454
975 324
590 88
100 616
905 999
839 817
434 784
480 785
861 314
698 299
882 380
183 793
190 956
479 513
137 133
724 268
382 659
500 604
963 459
255 250
228 197
878 390
385 877
663 429
474 983
468 223
400 116
901 612
236 701
141 417
396 668
899 740
241 778
573 370
707 562
227 800
132 574
545 679
7 190
485 650
128 702
405 728
891 129
581 154
527 751
816 815
269 395
508 726
833 225
924 607
746 679
409 522
428 515
244 202
1 728
937 427
768 498
963 127
982 943
431 91
255 430
42 542
935 88
767 569
671 449
926 919
786 295
690 222
168 970
239 380
723 102
616 685
116 179
806 797
84 591
869 501
192 829
161 561
707 929
672 910
524 406
767 66
5 787
175 447
663 940
440 108
8 526
274 650
778 721
529 668
859 608
428 73
652 391
126 71
68 156
231 964
265 249
656 302
394 222
457 272
162 149
677 981
869 852
287 939
165 702
908 599
537 879
280 458
990 689
237 309
982 792
294 981
789 695
418 820
399 960
884 155
989 335
261 725
831 13
826 562
223 710
433 977
414 86
607 515
847 267
512 206
184 722
53 955
625 753
31 782
851 973
687 697
703 287
541 849
707 261
683 496
322 393
549 400
775 208
525 24
445 590
465 198
392 566
455 388
244 724
256 203
992 199
737 67
858 908
736 153
304 439
41 169
886 105
300 937
59 658
613 873
828 74
704 716
209 526
457 415
777 355
359 550
418 176
185 22
75 957
337 536
781 610
915 741
696 245
255 253
16 774
913 22
688 120
944 967
533 692
588 94
122 93
713 851
840 778
65 806
397 883
651 846
878 711
866 986
317 349
857 342
531 19
473 322
251 307
11 42
157 825
556 142
913 880
828 527
763 448
419 303
689 807
16 646
580 652
643 459
874 763
236 893
78 545
755 329
203 83
95 820
124 917
813 787
339 165
375 233
110 523
51 313
932 782
795 297
873 290
881 471
433 364
855 535
31 884
652 252
234 185
548 206
376 779
279 889
683 738
961 700
945 10
94 367
768 371
273 617
58 994
919 25
595 659
38 602
133 365
374 801
330 368
205 991
828 414
351 118
923 639
151 22
456 44
933 47
241 104
15 821
912 80
725 559
853 380
541 273
888 55
715 670
997 824
476 506
922 975
827 398
708 443
873 495
136 126
619 781
794 744
182 427
522 267
215 506
334 284
985 953
784 147
143 11
917 485
304 520
338 173
819 220
601 568
448 557
378 719
934 600
264 678
242 167
7 6
756 218
254 321
14 832
757 926
947 87
34 192
921 712
833 29
969 814
238 494
661 914
420 235
581 530
366 549
116 148
457 845
577 950
539 425
554 759
825 511
349 214
336 373
288 439
865 599
483 91
81 93
843 511
894 422
89 907
728 694
285 212
276 5
321 603
720 401
467 941
1000 105
444 930
898 974
990 951
514 502
665 822
135 152
48 308
274 144
123 396
618 441
277 72
517 460
624 150
1000
579 208
250 948
916 583
881 542
557 22
76 488
86 55
728 976
159 330
440 71
384 153
795 706
873 78
360 878
159 776
891 423
842 272
673 287
459 504
972 962
719 473
409 393
113 500
269 692
509 303
548 192
174 608
770 60
208 221
472 526
93 483
620 527
985 144
897 498
882 217
468 457
443 118
177 493
763 323
835 322
94 51
657 129
958 289
652 132
90 479
745 315
339 599
871 907
70 505
113 72
362 658
834 936
938 705
246 907
534 718
336 421
695 373
981 473
963 216
454 692
68 669
652 536
128 750
269 623
577 112
766 465
152 331
502 491
632 499
168 722
270 751
255 193
391 101
842 962
807 240
572 331
571 911
433 843
703 263
938 120
389 271
632 387
895 197
797 661
517 830
23 421
213 224
816 730
333 945
905 71
385 874
205 147
442 317
805 568
215 241
379 390
741 647
70 577
602 817
800 484
313 760
631 311
296 270
850 816
633 651
98 535
891 759
948 387
447 176
481 571
184 543
915 867
251 411
704 230
994 250
615 481
216 334
3 971
432 580
806 83
120 417
285 779
264 973
178 704
825 552
864 50
207 726
370 593
749 429
440 629
17 779
41 128
116 752
129 495
849 939
87 293
356 905
141 77
700 192
257 731
312 926
130 745
301 806
525 636
645 778
46 675
80 299
399 736
394 331
63 889
688 659
38 973
50 378
282 129
207 622
448 377
900 97
210 435
52 645
944 729
320 502
162 72
328 447
593 416
267 803
614 263
332 429
278 136
740 775
534 198
386 296
68 268
100 397
514 837
764 505
334 42
661 596
489 951
856 294
926 823
431 956
416 760
27 811
663 54
518 943
667 180
491 992
957 399
69 424
117 281
842 720
65 301
602 934
544 773
576 951
570 586
776 935
30 728
743 43
142 658
24 799
406 279
462 396
266 807
758 838
849 579
5 438
110 350
160 73
541 916
360 340
373 582
554 740
889 649
712 263
732 514
934 903
418 574
507 391
163 670
95 882
925 546
459 663
273 471
787 869
29 180
745 260
51 345
323 636
690 66
307 260
508 998
294 240
683 563
311 797
891 539
737 940
499 488
136 291
463 266
691 194
345 736
898 350
315 377
473 139
173 597
330 463
361 647
369 816
204 344
217 51
174 702
277 187
854 120
310 164
447 343
938 876
882 815
796 132
530 34
202 333
894 533
462 170
418 779
287 197
484 480
302 6
75 410
171 325
814 271
27 285
624 162
703 820
328 81
13 377
515 846
153 40
594 734
78 784
330 760
62 19
296 47
34 169
477 865
255 850
560 562
642 563
344 436
406 285
460 52
607 238
116 807
606 842
840 346
643 585
298 7
585 859
658 164
22 506
727 823
655 562
175 920
67 571
26 355
6 227
718 953
664 331
874 38
250 765
929 889
352 252
265 874
426 107
810 977
50 381
149 873
185 383
981 207
373 73
987 153
97 691
233 298
839 579
374 588
35 663
843 557
473 721
341 497
246 466
971 994
276 472
443 443
174 825
286 94
616 272
418 832
544 626
768 462
357 789
721 678
888 559
261 709
373 540
513 4
712 728
325 351
281 572
786 167
932 83
959 3
368 829
983 339
204 680
89 804
106 147
628 575
415 518
106 18
287 648
501 951
519 907
222 200
458 58
102 271
250 180
923 114
551 184
639 674
76 775
475 36
87 483
719 582
441 671
764 579
705 52
883 917
469 902
151 277
863 584
110 368
847 437
96 996
110 467
190 872
423 923
503 710
18 231
175 19
118 485
274 486
922 205
712 432
201 884
724 480
286 555
476 664
756 191
52 713
398 121
774 109
445 669
240 231
561 313
201 789
672 644
659 555
52 830
855 170
39 123
47 22
317 950
107 569
232 539
74 477
567 609
937 615
644 656
677 368
973 582
604 557
795 371
958 662
791 83
357 891
199 640
762 701
574 401
670 922
491 665
549 115
55 151
609 140
471 744
854 915
414 962
5 543
883 309
234 965
109 669
771 546
239 297
494 228
724 404
418 696
153 430
144 965
656 864
957 92
177 49
966 270
449 51
695 424
392 156
222 714
376 310
444 748
859 107
386 967
253 863
683 912
134 880
171 782
384 876
943 60
37 398
960 396
669 894
347 880
881 723
32 625
624 643
352 388
826 466
599 606
403 948
54 292
197 881
410 983
163 427
632 577
209 606
183 276
190 538
259 762
557 164
604 863
899 380
115 15
289 208
511 264
277 963
43 429
696 186
908 707
418 949
743 850
998 624
957 287
231 15
48 940
261 559
184 956
798 131
191 428
554 51
403 282
556 513
428 883
868 972
642 44
673 338
529 523
114 379
852 367
701 373
842 621
46 49
589 705
241 222
756 966
233 806
874 352
128 561
945 101
595 482
434 605
811 891
417 519
624 624
37 295
330 40
155 493
342 257
729 990
437 676
527 121
260 852
106 177
446 396
790 412
73 851
136 419
200 416
84 723
999 670
242 708
196 681
615 326
813 600
273 693
502 220
574 713
333 974
237 792
712 847
124 193
826 786
463 951
165 543
556 276
870 735
591 735
288 433
858 17
12 269
201 446
324 592
412 99
364 659
389 95
754 599
825 364
333 560
433 670
736 144
957 336
171 1000
979 939
763 267
694 47
707 567
852 340
119 745
479 720
415 743
25 430
651 730
982 208
736 788
390 312
696 789
141 276
174 525
550 867
197 169
662 715
918 818
104 844
337 732
881 515
271 172
612 155
726 205
950 411
670 482
880 968
663 659
104 711
66 919
186 559
191 784
311 946
413 436
669 141
360 905
619 51
333 989
195 588
446 337
944 375
22 822
393 770
113 605
427 784
873 318
425 737
141 86
574 956
347 651
321 361
868 407
690 199
40 764
412 298
964 702
135 21
485 217
406 346
262 315
570 276
247 660
274 990
23 147
841 416
924 366
243 130
363 225
113 164
946 697
503 224
709 555
154 617
154 106
756 406
793 590
750 177
124 752
872 991
363 404
944 435
176 877
817 613
520 762
612 59
591 563
948 564
724 923
852 241
258 192
459 529
836 613
270 226
590 141
147 850
18 552
63 943
564 88
735 804
486 281
158 758
149 738
706 802
881 914
431 982
530 688
370 911
5 381
173 213
749 451
61 671
153 509
494 240
990 513
556 288
907 260
705 166
943 397
197 410
925 367
362 433
258 342
584 75
75 349
833 383
773 516
72 732
250 804
435 266
295 904
391 633
569 309
325 838
23 881
20 333
468 854
275 48
463 710
901 980
874 420
549 672
848 864
343 771
770 569
608 641
313 114
976 438
920 21
298 729
277 943
414 472
847 893
616 393
324 113
742 18
182 828
51 581
648 918
904 862
151 645
10 263
75 325
570 460
113 841
149 224
227 871
241 869
993 528
839 214
98 940
958 304
797 494
388 192
609 193
561 617
569 61
488 821
853 645
660 218
240 162
747 418
49 654
825 231
672 470
992 197
95 544
374 334
726 607
894 413
269 148
696 461
349 161
524 621
983 380
668 531
188 651
982 990
367 509
291 38
597 418
737 904
678 315
545 144
665 999
786 264
318 853
431 610
946 21
599 947
365 335
7 234
894 113
172 479
813 593
360 878
279 907
172 400
365 234
479 993
920 386
561 468
162 477
936 448
545 396
635 656
909 865
48 412
32 888
710 581
366 508
228 612
110 722
191 414
690 414
286 591
641 967
575 364
563 732
645 545
470 557
322 464
14 171
609 418
570 815
827 963
493 941
171 614
47 50
219 161
470 502
328 411
631 366
628 4
614 299
258 927
970 861
223 457
459 454
877 88
241 986
977 9
489 874
338 184
457 385
409 761
230 442
848 519
836 243
210 400
871 881
763 647
803 519
732 777
215 490
932 999
702 566
79 372
387 74
620 602
682 124
389 126
733 268
415 35
245 699
487 143
795 778
31 895
11 116
865 385
345 850
258 639
136 743
62 292
348 861
794 120
781 123
919 666
991 361
70 44
807 504
217 989
464 434
824 268
307 296
934 351
611 221
248 191
394 526
403 394
542 752
851 621
681 875
138 606
588 808
632 323
725 296
818 690
863 499
730 534
200 903
736 305
217 483
471 608
876 491
164 3
626 952
16 93
625 88
276 947
890 833
605 153
735 376
110 253
396 670
659 191
688 893
793 98
808 729
404 407
563 629
246 592
360 704
915 84
89 603
801 788
922 856
363 142
744 350
935 939
42 954
820 515
477 646
155 25
424 673
776 731
539 709
990 854
172 194
861 386
204 77
981 102
264 336
633 35
13 79
503 110
555 802
392 732
860 463
846 799
12 994
196 68
505 522
293 200
444 377
916 710
762 732
9 275
805 809
94 362
682 67
514 4
18 963
869 910
507 249
285 107
987 253
411 330
676 681
302 946
858 672
868 747
242 827
322 240
877 860
471 626
306 665
96 839
974 872
38 127
681 339
311 515
838 411
513 487
247 520
380 472
348 461
188 516
617 992
504 210
441 787
637 434
97 738
542 504
895 550
623 344
679 50
572 445
812 643
776 95
124 564
491 360
