1000
1086 1459
1665 730
1828 1430
182 205
1390 430
692 506
1155 1564
1451 294
673 639
1100 149
1952 1866
1889 878
408 611
1139 154
300 1009
1395 1019
618 1845
1195 1596
1178 1384
569 1093
1147 1208
793 704
1677 977
641 1180
1357 1010
254 96
1581 948
1212 1254
283 312
1593 944
1960 1917
360 139
582 853
935 1979
1546 1521
1283 930
871 127
1281 726
153 225
244 1746
292 515
1565 475
586 1278
1263 105
1523 1074
1187 1603
206 150
1102 1656
1888 1772
1209 972
1619 1933
768 347
894 1330
1571 1934
33 1816
773 1179
909 273
31 1460
1346 1495
1333 122
1249 298
1082 761
1798 167
1892 1687
236 1122
411 1099
830 193
728 186
535 1017
1352 1018
1732 111
619 1342
799 570
491 1348
1936 695
258 1306
1109 795
839 25
1930 1329
387 144
35 1276
1069 356
913 415
170 1810
689 1355
735 1031
1396 540
1924 862
942 1696
1407 706
922 1213
1712 1542
1259 1806
1113 557
464 1664
891 680
1256 1511
1820 1006
1517 842
157 1717
1447 980
1066 571
493 1700
1253 267
906 191
804 1663
1142 997
1045 847
928 1374
1882 1599
1240 762
450 967
1313 969
129 67
114 364
1774 394
740 1047
541 1843
502 332
1458 791
1215 786
771 875
840 763
180 1727
1295 1620
1860 37
1403 461
812 719
983 1880
1131 534
1104 796
26 576
549 1500
821 934
1386 1906
93 123
1362 589
354 1942
184 1393
1356 727
197 476
1644 1157
1219 966
1633 513
764 503
213 1613
425 1388
829 1094
112 457
1472 222
1987 1601
1365 1116
1655 1971
214 338
1514 816
246 1612
968 820
42 756
1440 52
1974 1318
973 1944
1326 459
1574 264
1527 1904
1549 1081
251 77
1148 528
458 240
785 16
710 1939
684 1941
1950 1301
1432 1309
1298 1223
1625 1849
1509 1287
1876 1629
602 146
1855 1299
1808 1279
962 1735
388 1076
604 117
141 1175
1255 640
544 538
753 95
441 1617
1483 403
681 1506
713 128
1819 1070
1360 437
1515 426
1604 296
1623 562
1648 815
1862 1143
583 720
558 1865
198 201
975 72
1674 412
1170 404
1161 306
581 1537
224 1453
1271 1
655 113
1686 854
1550 488
1584 904
484 1716
943 452
1211 1340
12 1630
1063 698
1154 36
1588 897
1490 649
1652 345
1850 892
1675 385
64 250
647 1610
1344 1123
1765 645
65 982
349 1129
1536 10
1186 1557
508 884
1794 867
1996 1868
1494 1626
865 270
626 1799
86 1704
39 1491
1351 1795
147 1879
798 1962
712 348
389 1501
848 893
288 1380
1901 1058
1561 1723
416 68
530 1021
1679 923
1300 5
915 1815
1552 168
1953 1672
382 130
1404 1248
1680 696
1345 951
135 1779
21 1857
1853 277
899 490
603 1605
1221 309
1955 1055
241 1568
970 287
1577 291
1614 952
881 963
985 1661
237 1024
1518 321
1558 858
1734 1519
175 1705
1747 1854
525 1144
1282 145
1530 1302
623 1266
1110 1487
463 580
1437 178
1578 419
1927 216
1354 1013
1457 1353
1969 417
896 156
743 243
691 1124
1103 1450
1185 301
79 688
1149 1415
1635 210
1547 340
28 295
590 507
212 1961
1270 1817
783 612
1448 1377
1782 53
1975 621
545 261
717 1554
1133 1813
978 1959
1781 1567
857 1873
1589 1220
554 1713
567 455
66 1361
1241 1210
1032 992
245 1715
1232 1915
1493 511
1997 598
1072 371
614 974
546 190
873 1694
551 1643
1503 483
947 672
352 1068
1755 1575
1698 59
1088 1760
990 779
675 1701
610 472
686 826
429 1709
207 1331
1827 958
474 399
1381 1310
1489 414
1029 1878
1073 268
1349 1372
1792 754
1758 226
1406 1080
434 358
834 280
1449 1516
1291 1392
328 1897
1370 882
299 1970
498 1842
1164 319
1020 629
1976 1858
1541 1724
1041 148
1268 869
500 446
1391 1398
1608 334
100 1245
755 1163
427 846
1426 1492
1040 1416
1651 1336
1422 1364
1525 1044
1071 126
60 1231
1375 376
1237 1134
751 1945
132 1718
1429 1990
1582 1188
1463 512
1553 1896
1084 955
1085 1288
1890 1146
701 505
248 1759
1083 266
1824 564
1627 1251
1258 510
1814 311
653 1466
1435 767
622 1399
1602 1177
1105 1120
152 1425
964 1025
526 700
1043 1594
539 529
81 903
890 269
1192 556
774 716
811 801
1151 1776
1791 1264
1126 827
1234 1064
702 1411
1442 1684
1851 242
1841 591
272 1166
1606 1528
228 1436
548 85
1838 218
1692 11
235 1328
1165 4
89 409
1327 177
1757 630
1592 1671
9 1465
833 1127
676 1443
1050 1703
32 818
386 444
397 1239
133 73
253 1292
204 994
2 902
98 401
587 1835
1513 125
794 648
1903 94
637 940
599 1485
1756 1512
1452 519
171 725
1598 1114
1115 1150
1027 256
927 1989
189 1228
1153 221
560 1647
1693 1347
1039 108
219 775
632 855
1852 1725
1733 331
1802 1682
1587 30
1622 532
814 107
745 423
1988 151
1678 808
1368 1800
788 1624
22 1580
1767 605
432 78
1563 654
807 1273
1811 524
1462 828
1371 953
1130 383
406 18
669 918
976 925
289 1771
367 1932
601 365
805 499
1590 69
396 286
872 390
1507 344
705 1293
579 1683
780 666
1320 1846
1572 137
424 58
1504 1118
876 1597
1274 342
1125 303
714 1397
749 1303
438 1297
124 787
643 1008
1420 1786
660 87
431 350
1562 393
29 1722
116 625
789 1714
188 436
537 1439
1524 817
721 1801
1497 709
1711 856
1645 849
646 1833
335 48
1028 1730
230 257
1529 1272
1591 1341
7 160
1065 71
933 1877
1928 346
1412 421
1470 1719
1200 521
813 1033
1202 731
572 1339
1739 103
1638 550
929 1805
1119 327
1826 1334
1559 110
1943 355
1907 362
1726 1579
1477 1708
314 1369
988 1181
1111 1051
1471 1797
1481 1052
263 1373
996 615
1721 520
566 1526
509 1141
1498 1954
711 1176
1869 282
759 318
1419 234
937 1893
1916 593
1401 1417
109 1913
405 1628
1246 1891
361 374
1421 1480
1958 1637
1337 1688
1993 456
1951 574
252 1898
563 88
777 142
782 1720
578 1446
864 1262
445 497
657 678
164 1926
1383 665
1972 1885
1121 46
911 1062
1847 715
1191 1332
1900 732
1305 163
1740 1570
868 1087
468 1394
1445 460
851 531
131 1012
1405 1250
1308 986
1469 1931
1057 262
56 1576
1423 1922
1358 1738
747 898
1376 1600
1914 373
1183 1832
1304 1030
1911 1022
971 758
1097 1455
1244 1737
99 1752
1090 522
1899 1335
995 616
304 231
797 1609
1035 1078
1874 1214
1172 3
398 17
1475 418
372 635
1284 1649
1673 23
516 699
1054 1956
608 82
138 413
835 1307
924 772
859 1046
1977 495
477 822
592 1821
55 232
366 659
1641 435
400 315
466 1595
494 1982
729 1379
957 1499
50 217
682 391
1837 1265
119 1189
1132 1751
1468 945
741 1699
1261 451
1787 600
518 489
440 1545
607 1586
850 97
1060 310
496 1583
143 325
1770 1322
837 1026
596 337
1324 697
1636 845
1963 1168
1763 220
809 880
159 1238
1409 1667
1670 790
1825 260
324 667
810 746
1836 1378
1037 1217
1929 1174
1788 1312
650 279
784 1834
1319 739
1316 565
1001 1710
155 588
83 1780
239 1203
748 1676
1482 1910
200 1856
523 1695
823 1325
1784 1338
27 1079
194 1224
316 1639
1488 866
1427 1418
1998 1152
1535 870
121 19
1434 1985
1061 54
806 1505
736 825
1169 1366
504 1137
297 1218
341 1980
584 369
1923 1658
1136 1159
1669 1957
671 1659
485 271
1314 1173
1095 329
259 889
998 547
1077 379
1984 1775
38 852
1252 1286
433 1762
40 1038
843 1654
674 13
1389 61
1551 1872
467 161
1363 1160
448 290
1783 1190
1387 938
1790 1566
1311 1267
886 1920
1201 724
1640 991
1681 1618
293 375
1909 628
802 895
1886 471
644 734
162 1965
1859 1205
1382 1653
208 302
1135 313
662 449
209 1467
656 879
765 1940
1473 917
1484 536
1247 1003
1277 284
1533 836
176 49
552 1968
308 960
916 428
1207 14
1560 950
760 769
1036 770
1438 609
908 979
70 1128
104 1744
1894 1544
1385 1632
577 1981
1761 965
1461 1323
920 677
1242 1225
687 34
106 941
1531 1236
1789 422
844 1822
1315 1171
1631 227
1991 1697
1321 1702
179 663
378 613
1689 1243
1156 1091
961 1290
1510 249
1059 693
158 1229
1736 1947
51 469
946 905
305 1829
233 1000
20 442
631 44
1691 1464
723 1938
1502 187
750 195
1650 778
1935 1285
1995 285
636 384
118 91
1053 1280
1056 999
370 47
1520 43
15 169
824 1964
84 888
1204 1075
1728 202
1796 1864
1895 568
1621 668
229 1785
453 1532
317 247
1067 1992
670 410
984 624
1881 1986
1543 926
1454 265
1359 1615
781 1184
1707 381
838 473
183 597
949 353
1753 910
1742 652
41 1973
1428 733
1106 443
165 1657
1777 1539
1182 555
954 1764
1522 1867
1611 1478
1197 792
1685 1848
1257 1015
1011 57
860 776
1745 1908
1034 1167
181 1818
80 1023
738 1743
1666 1479
192 326
694 351
1883 1540
478 1042
1966 1222
1456 651
1441 1555
1706 883
559 1343
1690 380
766 1194
1538 480
501 1830
1573 832
1216 185
74 1098
1400 877
173 1749
1902 1433
1809 439
322 1108
683 931
1660 900
1925 199
617 1741
707 1089
1748 1887
1269 1534
1092 115
1668 281
633 1823
395 238
956 465
1431 921
742 359
1367 1569
1863 275
1260 1117
627 744
223 527
1983 561
1004 819
901 757
363 1140
101 959
1773 454
215 1937
800 166
203 1413
1921 1196
1634 481
1607 1014
1230 1107
333 1294
307 679
718 1831
1556 330
102 1408
1978 1275
1289 1812
1994 339
336 861
1807 993
1905 543
939 1410
638 1049
533 1919
172 420
722 1193
487 274
320 255
486 1474
1946 1145
606 634
1949 595
703 863
1861 1444
1158 323
874 803
737 1870
752 1967
276 278
658 482
1884 45
1804 343
1002 357
196 553
470 1227
1875 1199
912 914
377 1768
1235 585
932 174
1585 887
140 120
620 1766
919 1206
1729 542
462 8
1548 1999
1048 447
1402 1476
92 1096
1871 1793
24 492
885 936
1769 1948
1138 981
136 1750
1233 90
1016 517
1778 987
1839 1414
1508 1226
708 392
1840 62
685 1005
1646 1101
1486 479
1803 2000
63 1496
1918 1731
575 1662
594 661
514 211
1616 402
1844 1912
134 690
989 1112
1350 1162
75 76
407 642
1642 6
1424 841
1754 368
907 1007
573 1198
831 664
1296 1317
