100 100 179
46 100
1 23
1 14
29 100
89 100
18 100
1 29
1 79
1 56
57 100
1 52
1 68
1 61
1 73
1 27
87 100
15 100
49 100
34 100
1 25
1 64
81 100
1 55
70 100
1 98
2 100
77 100
1 17
74 100
39 100
42 100
1 48
73 100
52 100
69 100
1 77
94 100
96 100
76 100
56 100
65 100
1 62
1 35
1 11
1 71
36 100
91 100
67 100
100 100
1 16
79 100
1 51
31 100
63 100
1 100
60 100
1 44
1 72
21 100
1 57
1 88
1 37
1 75
59 100
84 100
1 83
1 31
1 78
1 87
5 100
72 100
1 4
11 100
22 100
1 82
68 100
1 74
1 33
90 100
32 100
24 100
1 86
1 91
51 100
1 99
55 100
1 40
1 12
80 100
35 100
1 9
1 96
53 100
83 100
1 5
1 19
19 100
17 100
30 100
25 100
1 15
1 65
1 21
20 100
1 8
12 100
75 100
1 32
8 100
16 100
1 70
95 100
1 3
13 100
1 76
1 20
26 100
1 7
3 100
82 100
93 100
1 1
1 26
1 34
1 36
1 69
1 94
1 90
27 100
58 100
1 39
64 100
1 30
86 100
33 100
71 100
45 100
28 100
78 100
1 18
1 43
1 50
14 100
40 100
54 100
1 67
44 100
10 100
1 6
1 46
38 100
62 100
92 100
1 85
1 89
23 100
1 42
1 54
85 100
7 100
1 49
1 53
1 45
50 100
1 24
47 100
1 81
43 100
48 100
1 13
1 84
98 100
97 100
61 100
66 100
1 80
1 41
1 60
1 66
