100 81 132
100 44
100 64
2 1
12 1
100 33
56 1
11 1
63 1
100 37
41 1
44 1
100 52
16 1
100 26
100 68
100 13
100 6
100 38
100 19
18 1
27 1
100 14
54 1
35 1
100 72
81 1
100 55
37 1
53 1
99 1
70 1
100 8
100 32
69 1
100 67
64 1
51 1
100 31
50 1
61 1
48 1
100 4
8 1
100 45
71 1
100 71
43 1
95 1
100 35
100 18
73 1
100 76
84 1
77 1
83 1
100 62
6 1
67 1
14 1
42 1
94 1
100 20
17 1
22 1
38 1
100 5
100 39
100 30
19 1
100 79
79 1
92 1
100 1
100 29
100 78
52 1
3 1
33 1
100 66
100 25
100 75
100 2
88 1
46 1
78 1
100 36
100 74
29 1
39 1
76 1
100 73
30 1
100 57
100 60
100 21
82 1
100 59
100 15
100 9
100 41
100 43
32 1
62 1
85 1
66 1
100 17
100 69
100 61
100 24
68 1
98 1
72 1
100 56
57 1
100 16
24 1
36 1
100 22
1 1
100 50
97 1
45 1
96 1
87 1
100 7
15 1
75 1
100 12
100 51
100 3
21 1
100 48
