100 100 185
100 23
66 1
100 78
100 8
60 1
100 74
100 60
64 1
100 20
22 1
100 54
85 1
100 95
40 1
100 94
100 67
50 1
100 91
43 1
76 1
14 1
100 1
58 1
78 1
100 10
27 1
100 66
95 1
59 1
100 18
100 29
82 1
74 1
71 1
100 22
100 64
92 1
100 42
100 28
8 1
100 11
24 1
18 1
100 62
100 5
89 1
10 1
100 12
100 37
100 33
100 30
100 76
100 15
100 9
3 1
100 61
100 81
80 1
97 1
100 4
56 1
62 1
73 1
100 43
100 93
100 97
100 85
47 1
100 57
16 1
65 1
100 77
5 1
100 79
11 1
93 1
21 1
15 1
100 35
100 21
100 19
1 1
67 1
6 1
100 72
88 1
39 1
35 1
100 96
100 39
36 1
26 1
54 1
100 6
100 17
100 2
83 1
94 1
84 1
100 98
37 1
100 53
46 1
100 44
100 49
100 82
96 1
29 1
28 1
31 1
41 1
68 1
100 69
100 75
100 52
100 27
100 80
57 1
100 31
100 68
100 99
100 14
90 1
98 1
100 90
75 1
100 26
23 1
100 25
100 47
19 1
100 59
100 84
100 65
7 1
34 1
100 41
13 1
72 1
100 36
51 1
100 32
100 87
100 88
42 1
4 1
100 70
100 40
77 1
69 1
100 58
100 51
100 7
55 1
63 1
53 1
9 1
30 1
100 24
52 1
12 1
25 1
100 46
100 13
86 1
32 1
100 73
49 1
17 1
99 1
2 1
61 1
33 1
100 50
48 1
100 89
81 1
44 1
79 1
45 1
100 92
100 48
100 38
100 16
100 56
