100 100 198
1 4
1 56
1 36
80 1
40 1
3 100
13 1
100 1
29 1
100 51
97 100
100 98
1 28
1 88
100 54
100 100
22 100
1 92
52 1
100 35
1 10
55 100
72 100
12 100
7 100
18 1
15 100
1 52
23 1
100 61
1 47
100 2
1 76
54 100
100 70
100 95
82 1
67 100
1 86
21 100
100 86
1 46
1 15
1 77
1 37
100 69
1 44
100 92
41 1
54 1
20 1
87 100
100 93
59 100
3 1
8 100
100 13
82 100
89 100
100 20
1 60
43 1
100 24
100 12
100 19
63 1
37 100
34 100
1 34
1 25
1 57
93 100
100 43
100 94
1 1
1 20
1 93
57 1
100 36
100 48
85 100
1 91
1 49
64 100
77 100
10 1
1 33
21 1
39 100
70 100
65 1
100 91
71 1
61 1
1 8
1 65
20 100
36 1
57 100
35 100
15 1
1 73
1 39
100 32
85 1
100 62
1 27
95 1
30 100
100 97
51 100
1 40
86 100
29 100
96 1
100 68
61 100
62 1
14 1
1 11
1 24
6 100
100 90
1 63
100 33
100 37
52 100
69 1
26 100
1 29
1 48
41 100
100 30
1 23
100 87
81 100
99 1
10 100
1 85
64 1
86 1
48 100
1 81
50 1
100 27
100 64
1 14
100 75
1 7
100 16
1 26
100 56
1 22
44 1
100 44
49 1
50 100
56 1
1 96
36 100
100 15
67 1
70 1
76 1
100 74
1 100
100 47
45 100
32 1
94 1
1 12
25 1
19 100
1 51
76 100
92 1
100 31
100 10
17 100
100 17
1 95
25 100
1 45
1 59
1 69
100 39
91 100
1 42
1 99
100 89
88 1
73 100
100 28
55 1
1 82
100 8
1 61
33 1
