100 99 200
42 42
96 13
34 53
51 74
92 19
2 12
47 8
94 31
46 91
84 32
34 15
7 9
86 83
54 74
87 87
39 72
79 78
81 80
60 44
1 9
70 33
16 26
71 51
27 77
50 7
21 97
21 85
9 56
36 32
81 22
52 47
61 59
22 50
77 32
48 86
60 20
55 46
38 98
55 63
85 50
100 16
6 30
79 30
29 45
19 42
49 83
17 35
46 44
16 12
83 28
82 86
20 45
43 25
80 64
27 65
94 93
53 34
43 20
14 73
5 76
87 54
21 38
89 6
10 92
58 12
27 7
60 8
58 2
89 54
87 44
19 16
81 89
50 5
76 32
42 29
100 21
16 5
65 51
56 10
28 16
52 49
73 66
48 68
15 36
24 25
59 88
42 7
25 31
57 47
94 70
38 78
38 32
48 29
93 76
100 26
3 34
23 38
98 71
15 97
73 45
23 95
19 3
39 2
83 1
78 43
19 15
38 65
86 1
89 73
10 65
9 46
81 16
15 82
25 20
64 41
94 44
1 8
14 64
15 94
89 62
67 60
49 78
44 10
35 75
28 91
71 57
96 71
91 8
60 35
21 41
15 93
8 71
60 16
86 23
97 88
90 8
75 60
56 97
89 71
79 77
32 24
99 21
36 86
68 48
9 27
74 74
8 31
80 73
45 8
93 88
47 89
41 58
45 82
93 8
9 62
36 12
57 10
66 21
21 74
99 62
3 76
94 43
19 92
16 85
2 87
15 71
58 86
1 13
43 7
51 78
55 62
22 45
89 69
71 31
34 55
11 33
48 62
18 69
31 22
98 84
38 90
45 57
93 47
18 3
97 83
4 40
99 93
10 42
78 88
41 38
19 85
45 34
39 55
62 33
81 3
64 19
85 42
90 55
16 92
47 79
