80 52 200
1 10
80 52
9 1
74 52
1 25
63 52
8 5
21 1
54 52
69 52
60 1
63 1
48 52
1 45
1 36
1 6
80 9
70 51
15 1
80 50
73 1
61 34
22 52
78 52
80 21
50 1
1 35
80 40
1 38
80 14
42 1
1 41
71 1
45 52
45 1
2 1
38 1
62 1
23 18
18 20
3 52
31 52
80 30
20 52
80 6
22 46
65 48
14 1
80 46
50 25
26 1
48 33
1 21
1 40
1 50
80 32
80 4
26 52
61 1
6 52
29 9
28 46
1 16
80 10
64 52
46 41
80 34
80 45
76 41
80 29
49 1
21 52
1 29
36 1
13 52
5 1
1 27
80 26
80 23
80 35
57 1
1 8
80 42
18 1
60 37
1 47
1 26
1 11
80 41
53 1
9 52
80 27
1 51
46 1
18 52
3 4
2 35
19 11
52 1
46 52
52 52
32 1
19 52
33 1
76 52
80 5
1 13
1 9
40 52
42 52
50 52
66 1
6 1
33 52
69 1
42 37
1 7
16 1
1 44
53 13
4 52
53 52
29 52
1 49
80 44
77 52
1 28
1 32
12 1
65 52
32 52
80 39
46 24
37 16
7 52
32 43
50 43
19 5
37 1
64 1
49 52
80 33
22 1
28 1
1 43
10 52
5 52
24 1
62 52
68 1
80 49
19 1
34 52
37 52
35 52
1 14
1 17
73 52
75 1
70 52
21 45
1 23
39 1
80 51
80 17
80 16
13 38
34 42
80 3
25 52
65 5
61 52
79 52
55 52
47 52
56 52
1 22
34 1
80 24
51 1
73 15
65 1
70 41
56 33
7 8
44 1
1 5
43 1
27 1
1 42
47 1
80 47
39 52
11 52
67 52
74 1
67 1
68 52
1 20
72 52
