100 100 200
36 44
100 99
58 1
73 88
1 80
43 100
1 53
1 95
86 100
22 100
100 28
19 100
1 65
5 100
1 30
100 53
1 55
66 99
1 59
1 51
1 19
100 38
66 78
100 75
97 100
1 86
100 22
17 100
59 1
96 1
1 98
20 1
59 100
100 1
80 100
39 100
63 1
1 49
75 1
1 2
100 52
83 1
50 100
93 93
81 1
1 28
28 100
100 7
71 100
100 82
76 1
69 17
100 90
51 1
20 100
6 1
87 1
1 24
100 76
60 93
1 18
3 100
66 100
100 85
29 100
15 1
1 29
100 34
94 100
100 100
62 100
100 55
90 100
78 1
51 100
100 60
9 1
24 100
27 46
94 24
53 100
19 8
1 35
4 33
5 1
82 100
21 100
17 95
19 92
27 1
1 96
1 41
92 42
100 81
76 100
82 1
1 31
100 87
38 2
100 15
100 61
100 36
65 100
100 67
11 1
100 19
56 100
72 100
57 100
100 66
26 100
100 96
100 89
56 1
56 50
64 1
6 100
73 100
16 44
85 100
70 59
60 1
15 100
64 100
62 1
83 100
1 42
48 82
26 1
21 1
89 1
21 48
90 1
1 61
100 31
47 100
86 1
100 59
2 100
46 1
1 7
100 54
1 3
1 75
16 100
1 68
100 68
100 56
1 58
100 47
1 33
73 49
100 42
100 9
23 100
1 21
49 1
82 54
25 1
16 1
47 1
100 40
1 97
1 14
27 100
11 100
88 1
1 79
1 23
100 58
100 4
1 45
30 100
88 100
1 15
12 100
100 8
100 48
34 100
1 44
1 34
100 44
100 26
14 1
1 22
65 9
70 1
46 100
35 1
60 8
1 87
1 76
100 83
1 20
1 69
1 85
12 1
1 26
98 100
7 100
