100 2 169
51 2
32 2
8 2
53 1
65 1
24 2
48 2
83 2
50 1
91 2
87 2
44 2
76 2
1 2
68 1
74 2
52 1
3 2
85 1
51 1
48 1
22 2
67 2
1 1
32 1
92 1
13 2
59 1
43 1
64 1
10 1
85 2
10 2
89 2
60 2
11 2
64 2
42 2
9 1
56 1
97 1
90 2
39 2
13 1
11 1
18 1
40 1
95 2
30 1
87 1
66 1
15 2
72 1
53 2
55 2
5 2
98 1
98 2
12 1
54 2
27 2
23 1
49 2
17 1
80 2
55 1
92 2
21 2
56 2
61 2
6 2
36 2
8 1
31 2
81 2
61 1
45 2
35 1
100 2
36 1
67 1
91 1
35 2
16 2
38 1
46 2
78 1
58 2
63 1
79 2
6 1
20 2
88 2
47 2
95 1
14 2
33 1
37 1
2 1
71 2
99 2
20 1
62 1
46 1
94 2
77 1
7 2
89 1
70 2
84 1
71 1
5 1
7 1
18 2
29 1
88 1
49 1
21 1
69 2
15 1
41 1
25 1
44 1
99 1
33 2
39 1
34 2
25 2
80 1
31 1
79 1
4 1
70 1
23 2
26 1
75 2
40 2
96 1
28 1
12 2
93 1
19 2
22 1
83 1
29 2
24 1
26 2
50 2
9 2
94 1
57 1
62 2
82 1
69 1
17 2
96 2
63 2
74 1
97 2
66 2
2 2
42 1
81 1
84 2
47 1
19 1
73 1
86 2
52 2
