20 10 200
7 9
14 4
12 7
13 1
20 3
4 2
13 4
1 10
6 6
20 8
13 9
1 1
9 6
10 6
17 1
13 10
20 7
3 5
14 5
1 9
4 10
16 9
7 6
14 6
14 3
16 1
3 1
7 8
8 6
12 10
10 4
13 7
6 5
11 1
12 1
9 9
2 1
17 8
9 10
19 2
14 1
9 4
17 4
13 3
9 1
18 5
7 10
14 2
17 9
10 2
4 8
13 6
4 4
5 4
14 9
14 7
10 10
1 2
10 3
20 5
5 7
3 6
17 10
10 7
5 8
15 6
5 6
12 9
19 7
16 4
19 9
18 7
19 6
8 10
8 3
6 2
16 3
19 10
3 3
1 5
15 8
10 5
11 2
3 4
11 3
18 10
17 5
2 10
8 2
2 3
2 2
12 5
19 4
2 4
9 2
17 6
18 3
5 5
12 2
11 5
14 10
11 4
3 7
2 6
8 4
18 1
20 1
11 8
7 3
13 5
7 1
13 8
8 5
16 8
11 10
16 2
17 2
4 6
2 5
20 2
15 3
6 10
14 8
3 2
5 1
5 9
3 9
8 9
6 8
18 6
9 3
16 10
17 7
1 3
4 5
18 8
7 7
12 8
1 6
15 5
8 7
5 2
15 2
1 4
12 6
2 8
18 4
3 8
10 8
18 9
4 1
20 6
13 2
3 10
9 8
5 3
20 4
15 7
2 7
6 7
7 2
20 10
16 5
9 5
6 3
11 7
18 2
2 9
6 9
6 4
8 8
19 8
12 3
19 3
19 1
7 4
4 7
8 1
10 1
6 1
19 5
10 9
12 4
20 9
15 9
11 6
7 5
1 7
4 9
9 7
15 10
5 10
17 3
16 6
15 4
11 9
4 3
15 1
16 7
1 8
