100 100 200
24 51
96 79
12 6
24 77
96 94
36 12
96 98
84 36
60 14
36 35
84 35
48 89
72 77
36 28
96 50
36 21
96 71
96 90
12 26
48 92
84 33
12 48
36 17
12 2
24 92
36 46
60 29
24 95
36 19
12 5
24 58
60 13
36 3
24 90
96 60
72 59
48 55
36 1
60 30
48 67
12 10
84 29
84 15
36 6
96 72
84 19
72 82
24 64
48 88
96 64
84 1
84 3
24 85
84 18
60 41
72 94
36 41
36 40
72 68
84 22
72 78
60 45
72 98
84 28
84 24
12 20
36 33
84 49
84 21
72 80
84 23
48 61
72 72
12 39
72 53
96 61
60 43
72 63
36 47
24 82
72 73
24 69
24 52
12 47
72 70
24 75
84 50
24 56
60 39
60 15
24 100
24 89
72 67
84 37
72 60
96 69
12 50
60 50
84 20
48 91
48 100
60 16
84 40
72 95
24 72
84 13
60 18
12 31
24 96
48 57
96 75
60 12
36 30
12 13
48 82
84 44
36 13
72 51
72 74
60 38
60 24
36 39
60 17
72 97
60 7
84 27
72 79
36 18
24 67
96 66
36 20
24 98
36 43
48 50
96 67
96 99
60 32
84 47
84 32
12 24
48 87
60 40
24 62
12 41
96 56
36 8
96 62
84 43
48 66
72 91
12 3
60 36
84 38
84 9
84 25
72 76
36 36
12 32
72 100
72 85
72 71
48 96
60 10
72 75
72 87
48 63
48 73
72 52
24 50
36 45
84 42
48 58
96 55
36 24
12 30
24 78
12 29
12 15
72 56
96 59
84 46
84 2
36 14
48 95
60 11
12 12
36 11
48 98
84 41
60 8
96 82
60 9
96 97
48 84
96 100
36 15
96 93
72 64
96 52
96 65
