100 100 200
3 13
79 26
12 65
61 26
77 26
10 39
33 39
16 39
53 26
75 26
99 52
73 26
11 13
70 78
58 52
55 52
98 78
38 39
83 52
32 65
22 13
32 13
79 78
95 78
50 39
23 39
45 91
83 26
55 26
14 39
95 52
13 13
72 78
63 26
60 26
30 39
93 52
19 91
44 91
72 26
94 26
21 39
22 39
25 39
28 13
37 65
18 65
33 65
71 26
63 52
24 13
94 78
51 52
65 26
34 65
50 65
48 39
9 39
7 91
68 78
11 65
83 78
17 39
34 13
22 91
86 52
56 78
56 26
10 91
36 91
74 78
37 91
54 78
65 52
3 91
92 26
77 52
6 65
30 13
82 26
67 26
74 26
20 91
50 78
23 13
52 78
13 39
86 78
50 52
25 65
38 13
88 52
93 26
41 13
1 13
47 91
69 52
19 13
59 52
8 39
13 91
70 26
21 65
39 13
78 26
71 52
88 78
26 91
40 65
66 52
4 13
1 65
46 91
47 13
62 26
46 65
35 91
41 39
6 39
55 78
32 91
16 65
82 78
76 52
72 52
9 65
85 78
33 91
18 39
50 91
31 13
22 65
96 78
67 52
43 91
49 91
17 65
41 65
96 52
6 13
71 78
45 39
98 52
8 65
27 65
75 52
59 78
21 13
44 39
68 52
48 91
5 65
95 26
17 91
24 65
68 26
35 13
35 65
50 26
97 78
64 52
43 13
42 13
47 65
62 78
27 39
12 91
49 65
57 78
8 91
38 65
80 52
89 78
10 13
52 26
84 52
11 91
2 39
5 13
88 26
75 78
3 39
89 26
39 39
29 65
81 52
24 91
13 65
84 26
12 13
90 52
43 39
30 91
8 13
78 78
2 65
7 39
12 39
15 13
10 65
