100 50 150
90 47
90 33
30 42
60 14
60 15
90 23
60 45
30 8
30 4
60 17
90 19
90 2
30 39
90 5
30 32
30 3
30 38
60 41
30 15
30 10
30 34
60 19
60 32
30 36
30 16
90 7
60 13
30 49
30 33
30 6
90 30
60 48
90 25
60 12
30 43
60 4
30 25
60 7
30 18
30 11
60 47
90 40
30 47
30 9
60 35
30 17
90 45
60 23
90 9
60 8
90 10
90 31
60 34
60 16
60 29
30 45
30 13
90 13
60 22
60 25
90 12
30 14
90 3
90 49
60 42
60 40
90 32
60 26
60 43
90 38
60 38
60 9
60 39
60 49
90 37
90 41
90 28
60 24
90 18
60 5
30 7
30 31
90 36
60 28
60 33
60 10
30 40
90 15
60 21
60 46
30 21
30 26
30 46
90 11
30 30
60 36
30 22
90 16
90 4
30 35
60 44
90 34
60 2
30 2
30 20
60 18
60 1
90 44
90 17
30 5
30 50
30 1
90 50
90 24
60 27
30 27
30 23
90 8
90 20
90 46
60 20
60 6
90 43
30 29
30 44
30 19
30 41
60 50
90 1
60 31
90 29
90 22
30 37
90 27
30 12
90 6
90 26
60 11
90 42
60 30
90 39
30 48
60 3
90 35
30 24
30 28
90 48
90 14
90 21
60 37
