60 100 180
41 58
34 29
36 87
55 87
32 29
10 87
33 87
58 58
53 58
57 58
36 29
24 87
41 29
38 29
26 58
11 29
5 29
9 87
20 58
25 87
57 29
40 29
42 29
48 29
14 87
30 58
50 29
24 29
12 29
54 58
17 29
48 58
5 58
60 58
49 58
22 29
40 58
7 58
27 58
19 58
1 87
13 58
31 87
51 87
4 58
20 29
60 87
49 29
48 87
26 29
38 87
47 87
37 87
13 29
22 58
28 29
32 58
52 87
23 87
45 87
16 29
15 87
55 29
43 58
21 58
21 29
53 87
16 87
45 58
35 58
22 87
43 87
28 87
4 29
50 87
60 29
23 58
44 58
28 58
18 58
56 58
17 87
34 58
2 87
17 58
9 29
2 58
21 87
50 58
59 29
49 87
58 87
35 87
43 29
3 87
8 87
1 58
37 58
18 87
36 58
42 87
57 87
10 29
26 87
30 29
8 29
47 29
59 58
12 58
27 29
11 87
13 87
7 87
29 29
38 58
45 29
14 29
10 58
31 29
46 29
2 29
39 58
56 87
47 58
33 29
51 29
19 87
39 29
24 58
29 58
59 87
25 58
41 87
11 58
5 87
19 29
34 87
46 87
9 58
52 58
20 87
16 58
39 87
42 58
14 58
40 87
15 29
30 87
46 58
6 87
53 29
4 87
3 29
18 29
52 29
31 58
8 58
23 29
33 58
1 29
27 87
44 87
58 29
51 58
25 29
44 29
56 29
6 29
32 87
7 29
35 29
12 87
6 58
15 58
55 58
54 87
37 29
29 87
54 29
3 58
