100 100 200
34 32
40 45
62 79
68 65
68 66
33 32
65 54
35 37
64 95
28 55
23 45
62 48
33 11
80 45
33 30
63 59
35 56
39 45
35 50
79 76
77 99
67 82
37 52
76 89
29 60
38 55
69 59
61 86
71 72
78 92
79 97
63 76
30 37
66 86
78 53
26 29
63 96
38 18
26 44
71 47
62 95
32 2
67 99
32 54
35 1
38 43
61 88
70 76
76 45
39 33
70 98
69 84
61 54
27 56
31 25
67 70
66 78
72 60
30 25
73 60
25 28
23 40
76 75
70 56
39 17
67 43
80 70
67 89
64 40
30 13
75 88
67 96
33 41
38 52
37 30
27 2
72 89
36 57
62 92
67 59
73 53
30 57
75 62
32 23
76 77
29 17
66 66
36 40
34 48
78 68
37 38
37 33
70 50
66 98
64 42
66 80
31 54
36 54
78 64
63 84
24 46
64 91
73 68
31 30
69 52
37 26
71 50
67 46
65 51
67 64
74 84
69 73
36 24
36 20
75 84
36 13
36 48
30 23
28 51
80 40
67 44
34 3
64 45
28 24
23 5
80 89
70 72
69 69
69 50
78 74
64 83
66 60
26 7
72 78
61 94
80 74
22 21
37 40
36 53
80 66
65 73
73 49
38 33
25 59
33 8
28 20
72 73
36 14
23 59
76 63
35 35
68 63
23 32
71 86
61 58
67 93
38 57
66 46
77 58
69 54
30 59
36 41
24 15
34 24
73 59
67 50
25 15
31 2
21 57
33 37
23 48
37 6
27 40
78 97
25 27
61 60
26 42
40 16
63 97
78 77
33 38
78 93
26 60
69 60
21 32
76 46
32 31
68 57
65 43
61 100
66 41
39 23
72 74
24 36
77 52
26 21
36 5
22 7
72 85
77 65
