100 100 200
48 65
23 36
71 61
24 31
95 63
47 35
23 22
92 63
28 71
77 70
47 66
36 68
44 70
74 40
74 34
99 61
7 25
39 69
3 26
72 75
29 74
29 62
11 21
23 32
53 37
5 23
57 22
34 80
68 73
67 78
86 73
87 78
65 34
56 61
83 64
49 40
48 25
32 68
54 61
71 22
20 66
81 75
34 64
24 67
45 39
23 64
51 72
98 65
95 72
57 63
78 40
58 34
47 77
57 33
15 25
100 80
91 68
61 34
26 24
33 29
58 27
26 77
47 68
81 64
12 26
70 70
72 37
98 63
78 37
91 76
49 25
74 62
5 26
10 31
88 65
9 37
15 31
63 69
42 35
79 40
23 21
46 34
73 71
94 62
71 38
12 36
47 22
29 25
69 71
26 66
28 70
33 36
8 23
31 21
62 76
67 77
46 29
79 68
61 64
56 24
41 37
45 76
79 22
10 30
41 23
32 66
68 23
58 28
37 67
29 78
49 33
61 76
81 67
99 65
14 35
74 73
8 33
38 67
55 35
33 75
33 21
49 37
87 65
85 68
41 71
68 67
44 80
40 34
74 22
6 39
94 65
67 23
54 28
90 77
36 63
92 64
38 40
58 40
3 34
54 78
64 27
79 80
23 80
98 79
44 71
80 37
61 32
33 30
24 27
82 66
72 69
41 80
32 63
84 73
87 66
71 23
53 26
39 25
8 40
65 65
26 36
62 27
59 79
4 36
45 70
49 78
13 32
48 69
32 21
90 72
35 67
30 26
4 32
56 39
36 72
24 78
29 32
64 36
58 80
74 80
12 25
66 26
81 63
36 38
69 25
99 63
91 73
61 31
93 69
78 67
30 30
33 62
55 26
53 61
17 35
64 30
88 67
69 74
74 35
42 71
