100 100 200
48 3
75 25
58 94
12 52
32 49
31 51
42 37
89 65
59 42
15 29
9 32
11 20
41 1
9 58
92 66
44 19
60 69
60 61
92 72
74 29
77 29
62 69
25 49
80 60
47 23
14 11
92 70
91 83
26 96
15 39
26 51
75 33
46 51
27 54
96 92
16 21
64 86
13 34
31 48
59 60
64 94
92 89
14 52
41 31
75 34
64 70
31 59
25 74
93 100
94 99
59 97
48 44
77 37
95 84
41 57
13 14
75 21
76 52
61 53
31 72
26 42
63 55
14 15
91 41
94 53
48 46
60 86
80 21
57 74
94 93
96 78
15 41
9 6
63 88
57 95
94 44
43 19
89 96
75 31
77 52
32 89
74 19
43 51
93 72
80 58
92 62
57 79
76 14
73 41
60 87
42 3
89 52
44 4
74 35
78 27
29 70
48 51
77 51
93 68
44 34
59 67
10 53
64 45
14 39
28 87
91 57
44 26
26 45
59 93
92 51
60 53
60 58
41 54
76 51
14 1
16 33
30 44
93 79
59 99
26 78
75 53
74 57
29 67
28 49
61 75
95 83
11 27
62 97
14 51
27 50
43 36
47 45
96 90
96 51
93 82
96 94
79 10
61 95
16 14
31 56
78 42
62 81
58 83
61 72
61 49
73 27
89 69
61 63
42 9
32 78
16 28
15 43
64 40
11 38
14 50
57 58
79 15
77 28
89 45
10 41
57 68
26 89
96 68
79 32
43 57
28 72
9 31
42 14
14 3
14 19
15 37
45 42
80 12
48 9
80 47
95 41
12 26
15 1
59 64
45 49
32 90
42 7
96 63
90 44
15 44
80 7
80 3
42 54
29 55
79 1
91 50
46 15
25 43
15 9
32 43
63 87
44 40
91 93
91 71
57 40
