100 100 200
31 64
70 38
70 86
85 84
98 37
46 61
15 61
70 19
32 57
8 19
31 15
62 36
64 37
3 62
15 17
98 43
73 56
26 56
83 80
13 13
58 59
97 87
66 38
50 66
73 35
61 63
43 64
43 21
52 41
12 21
3 20
14 13
100 44
98 86
60 41
38 20
91 34
62 41
11 64
40 86
15 21
96 82
41 17
10 62
34 62
30 17
58 42
56 88
48 36
39 37
68 37
7 13
57 22
98 40
41 22
51 56
28 18
28 36
75 14
18 20
48 42
85 42
16 14
51 58
47 18
83 36
61 83
84 40
57 63
71 79
59 35
69 42
54 18
20 14
46 39
35 86
69 58
36 59
70 61
41 65
58 85
54 59
91 37
13 18
41 35
41 100
29 63
45 16
53 78
38 34
81 85
48 12
46 18
34 40
47 63
27 43
17 18
32 16
72 17
34 60
47 60
20 22
65 66
49 81
58 35
11 13
25 15
47 65
68 20
40 35
48 21
48 87
56 43
100 41
42 44
71 16
86 87
58 36
13 61
46 58
16 60
43 38
44 88
21 59
51 39
65 62
73 100
59 17
63 41
46 57
41 18
72 18
18 57
35 62
38 44
65 60
27 20
27 40
46 80
74 79
74 78
100 86
31 34
51 84
32 85
4 65
71 43
65 100
69 56
26 100
77 80
24 57
99 37
47 44
59 42
75 43
40 36
14 16
9 14
61 81
42 42
58 21
36 81
35 21
46 86
52 78
4 13
53 44
9 56
3 61
25 66
63 57
4 60
79 78
47 84
19 60
8 22
27 66
92 44
57 18
53 19
23 100
43 58
8 60
73 57
44 80
18 63
65 87
77 79
35 22
45 40
61 43
69 61
54 100
44 41
4 59
32 37
48 17
67 78
45 78
