1
11 1000
1
1 1
1 1 1 1
1 1 1 1 1 1 1 1
1 1 1 1 1 1 1 1 0 1 1 1 1 1 1 1
1 1 1 1 1 1 1 1 1 1 1 1 1 1 1 1 0 0 1 1 1 1 1 1 1 1 1 1 1 1 1 1
1 1 1 1 1 1 1 1 1 1 1 1 1 1 1 1 1 1 1 1 1 1 1 1 1 1 1 1 1 1 1 1 0 0 0 0 1 1 1 1 1 1 1 1 1 1 1 1 1 1 1 1 1 1 1 1 1 1 1 1 1 1 1 1
1 1 1 1 1 1 1 1 1 1 1 1 1 1 1 1 1 1 1 1 1 1 1 1 1 1 1 1 1 1 1 1 1 1 1 1 1 1 1 1 1 1 1 1 1 1 1 1 1 1 1 1 1 1 1 1 1 1 1 1 1 1 1 1 0 0 0 0 0 0 0 0 1 1 1 1 1 1 1 1 1 1 1 1 1 1 1 1 1 1 1 1 1 1 1 1 1 1 1 1 1 1 1 1 1 1 1 1 1 1 1 1 1 1 1 1 1 1 1 1 1 1 1 1 1 1 1 1
1 1 1 1 1 1 1 1 1 1 1 1 1 1 1 1 1 1 1 1 1 1 1 1 1 1 1 1 1 1 1 1 1 1 1 1 1 1 1 1 1 1 1 1 1 1 1 1 1 1 1 1 1 1 1 1 1 1 1 1 1 1 1 1 1 1 1 1 1 1 1 1 1 1 1 1 1 1 1 1 1 1 1 1 1 1 1 1 1 1 1 1 1 1 1 1 1 1 1 1 1 1 1 1 1 1 1 1 1 1 1 1 1 1 1 1 1 1 1 1 1 1 1 1 1 1 1 1 0 0 0 0 0 0 0 0 0 0 0 0 0 0 0 0 1 1 1 1 1 1 1 1 1 1 1 1 1 1 1 1 1 1 1 1 1 1 1 1 1 1 1 1 1 1 1 1 1 1 1 1 1 1 1 1 1 1 1 1 1 1 1 1 1 1 1 1 1 1 1 1 1 1 1 1 1 1 1 1 1 1 1 1 1 1 1 1 1 1 1 1 1 1 1 1 1 1 1 1 1 1 1 1 1 1 1 1 1 1 1 1 1 1 1 1 1 1 1 1 1 1 1 1 1 1 1 1
1 1 1 1 1 1 1 1 1 1 1 1 1 1 1 1 1 1 1 1 1 1 1 1 1 1 1 1 1 1 1 1 1 1 1 1 1 1 1 1 1 1 1 1 1 1 1 1 1 1 1 1 1 1 1 1 1 1 1 1 1 1 1 1 1 1 1 1 1 1 1 1 1 1 1 1 1 1 1 1 1 1 0 1 1 1 1 1 1 1 1 1 1 1 1 1 1 1 1 1 1 1 1 1 1 1 1 1 1 1 1 1 1 1 1 1 1 1 1 1 1 1 1 1 1 1 1 1 1 1 1 1 1 1 1 1 1 1 1 1 1 1 1 1 1 1 1 1 1 1 1 1 1 1 1 1 1 1 1 1 1 1 1 1 1 1 1 1 1 1 1 1 1 1 1 1 1 1 1 1 1 1 1 1 1 1 1 1 1 1 1 1 1 1 1 1 1 1 1 1 1 1 1 1 1 1 1 1 1 1 1 1 1 1 1 1 1 1 1 1 1 1 1 1 1 1 1 1 1 1 1 1 1 1 1 1 1 1 1 1 1 1 1 1 1 1 1 1 1 1 1 1 1 1 1 1 0 0 0 0 0 0 0 0 0 0 0 0 0 0 0 0 0 0 0 0 0 0 0 0 0 0 0 0 0 0 0 0 1 1 1 1 1 1 1 1 1 1 1 1 1 1 1 1 1 1 1 1 1 1 1 1 1 1 1 1 1 1 1 1 1 1 1 1 1 1 1 1 1 1 1 1 1 1 1 1 1 1 1 1 1 1 1 1 1 1 1 1 1 1 1 1 1 1 1 1 1 1 1 1 1 1 1 1 1 1 1 1 1 1 1 1 1 1 1 1 1 1 1 1 1 1 1 1 1 1 1 1 1 1 1 1 1 1 1 1 1 1 1 1 1 1 1 1 1 1 1 1 1 1 1 1 1 1 1 1 1 1 1 1 1 1 1 1 1 1 1 1 1 1 1 1 1 1 1 1 1 1 1 1 1 1 1 1 1 1 1 1 1 1 1 1 1 1 1 1 1 1 1 1 1 1 1 1 1 1 1 1 1 1 1 1 1 1 1 1 1 1 1 1 1 1 1 1 1 1 1 1 1 1 1 1 1 1 1 1 1 1 1 1 1 1 1 1 1 1 1 1 1 1 1 1
1 1 1 1 1 1 1 1 1 1 1 1 1 1 1 1 1 1 1 1 1 1 1 1 1 1 1 1 1 1 1 1 1 1 1 1 1 1 1 1 1 1 1 1 1 1 1 1 1 1 1 1 1 1 1 1 1 1 1 1 1 1 1 1 1 1 1 1 1 1 1 1 1 1 1 1 1 1 1 1 1 1 1 1 1 1 1 1 1 1 1 1 1 1 1 1 1 1 1 1 1 1 1 1 1 1 1 1 1 1 1 1 1 1 1 1 1 1 1 1 1 1 1 1 1 1 1 1 1 1 1 1 1 1 1 1 1 1 1 1 1 1 1 1 1 1 1 1 1 1 1 1 1 1 1 1 1 1 1 1 1 1 1 1 0 0 1 1 1 1 1 1 1 1 1 1 1 1 1 1 1 1 1 1 1 1 1 1 1 1 1 1 1 1 1 1 1 1 1 1 1 1 1 1 1 1 1 1 1 1 1 1 1 1 1 1 1 1 1 1 1 1 1 1 1 1 1 1 1 1 1 1 1 1 1 1 1 1 1 1 1 1 1 1 1 1 1 1 1 1 1 1 1 1 1 1 1 1 1 1 1 1 1 1 1 1 1 1 1 1 1 1 1 1 1 1 1 1 1 1 1 1 1 1 1 1 1 1 1 1 1 1 1 1 1 1 1 1 1 1 1 1 1 1 1 1 1 1 1 1 1 1 1 1 1 1 1 1 1 1 1 1 1 1 1 1 1 1 1 1 1 1 1 1 1 1 1 1 1 1 1 1 1 1 1 1 1 1 1 1 1 1 1 1 1 1 1 1 1 1 1 1 1 1 1 1 1 1 1 1 1 1 1 1 1 1 1 1 1 1 1 1 1 1 1 1 1 1 1 1 1 1 1 1 1 1 1 1 1 1 1 1 1 1 1 1 1 1 1 1 1 1 1 1 1 1 1 1 1 1 1 1 1 1 1 1 1 1 1 1 1 1 1 1 1 1 1 1 1 1 1 1 1 1 1 1 1 1 1 1 1 1 1 1 1 1 1 1 1 1 1 1 1 1 1 1 1 1 1 1 1 1 1 1 1 1 1 1 1 1 1 1 1 1 1 1 1 1 1 1 1 1 1 1 1 1 1 1 1 1 1 1 1 1 1 1 1 1 1 1 1 1 0 0 0 0 0 0 0 0 0 0 0 0 0 0 0 0 0 0 0 0 0 0 0 0 0 0 0 0 0 0 0 0 0 0 0 0 0 0 0 0 0 0 0 0 0 0 0 0 0 0 0 0 0 0 0 0 0 0 0 0 0 0 0 0 1 1 1 1 1 1 1 1 1 1 1 1 1 1 1 1 1 1 1 1 1 1 1 1 1 1 1 1 1 1 1 1 1 1 1 1 1 1 1 1 1 1 1 1 1 1 1 1 1 1 1 1 1 1 1 1 1 1 1 1 1 1 1 1 1 1 1 1 1 1 1 1 1 1 1 1 1 1 1 1 1 1 1 1 1 1 1 1 1 1 1 1 1 1 1 1 1 1 1 1 1 1 1 1 1 1 1 1 1 1 1 1 1 1 1 1 1 1 1 1 1 1 1 1 1 1 1 1 1 1 1 1 1 1 1 1 1 1 1 1 1 1 1 1 1 1 1 1 1 1 1 1 1 1 1 1 1 1 1 1 1 1 1 1 1 1 1 1 1 1 1 1 1 1 1 1 1 1 1 1 1 1 1 1 1 1 1 1 1 1 1 1 1 1 1 1 1 1 1 1 1 1 1 1 1 1 1 1 1 1 1 1 1 1 1 1 1 1 1 1 1 1 1 1 1 1 1 1 1 1 1 1 1 1 1 1 1 1 1 1 1 1 1 1 1 1 1 1 1 1 1 1 1 1 1 1 1 1 1 1 1 1 1 1 1 1 1 1 1 1 1 1 1 1 1 1 1 1 1 1 1 1 1 1 1 1 1 1 1 1 1 1 1 1 1 1 1 1 1 1 1 1 1 1 1 1 1 1 1 1 1 1 1 1 1 1 1 1 1 1 1 1 1 1 1 1 1 1 1 1 1 1 1 1 1 1 1 1 1 1 1 1 1 1 1 1 1 1 1 1 1 1 1 1 1 1 1 1 1 1 1 1 1 1 1 1 1 1 1 1 1 1 1 1 1 1 1 1 1 1 1 1 1 1 1 1 1 1 1 1 1 1 1 1 1 1 1 1 1 1 1 1 1 1 1 1 1 1 1 1 1 1 1 1 1 1 1 1 1 1 1 1 1 1 1 1 1 1 1 1 1 1 1 1 1 1 1 1 1 1 1 1 1 1 1 1 1 1
996
0 1 1 1 1 1 1 1 1 0 0 0 1 0 1 0 1 1 1 1 0 0 1 0 1 0 0 0 0 0 1 0 0 1 0 1 0 1 0 1 1 1 0 0 0 1 0 1 0 1 1 0 1 1 0 1 1 0 1 1 0 0 1 1 1 0 0 1 1 1 1 0 1 0 0 1 0 0 0 1 0 1 1 1 1 1 0 0 0 1 1 1 1 1 1 1 1 1 0 1 0 0 1 1 0 1 1 0 1 0 0 1 0 1 0 1 1 0 1 0 0 1 0 1 0 0 1 0 0 0 0 0 0 0 1 1 0 1 0 1 1 1 0 0 0 1 0 0 0 0 0 1 1 0 1 0 0 1 1 0 0 1 0 0 0 0 0 1 1 0 0 0 0 1 1 0 0 0 1 0 0 0 0 0 1 1 0 0 1 1 0 1 1 0 1 0 0 0 1 1 1 0 0 1 1 0 1 1 0 1 1 0 1 0 0 0 1 1 0 0 1 1 0 1 1 0 0 0 1 1 0 0 1 1 1 0 0 0 0 1 0 0 1 0 0 1 1 0 0 1 0 1 0 1 0 1 0 0 0 1 0 1 0 0 1 1 0 1 0 0 0 0 1 1 0 0 1 0 0 1 0 0 1 1 1 0 0 0 1 1 1 1 1 1 0 1 0 0 0 1 0 1 0 0 0 1 0 0 1 1 0 0 0 0 1 1 1 1 0 1 0 0 1 1 1 1 1 1 0 0 1 0 0 1 0 0 1 1 1 1 0 1 0 0 1 0 0 1 1 1 0 0 1 0 1 0 1 0 0 1 1 0 0 1 0 1 1 0 1 0 0 1 1 0 1 1 0 0 0 1 0 1 0 1 0 0 1 1 1 0 0 0 1 1 0 0 1 0 0 1 1 1 0 1 0 1 0 1 0 0 1 0 1 1 0 1 1 0 0 0 0 1 1 0 1 1 0 1 0 0 0 0 1 0 1 0 0 0 1 0 0 1 1 1 0 0 1 1 0 1 0 0 1 0 1 0 1 0 0 0 0 0 0 1 1 1 1 1 0 1 1 1 0 0 0 1 1 1 1 0 1 1 0 0 1 1 0 1 1 0 0 0 1 1 0 1 0 1 1 0 0 0 0 1 1 0 1 0 1 1 1 0 0 1 1 0 0 1 0 0 1 0 1 0 1 0 0 0 1 0 0 1 0 1 1 1 0 0 0 1 0 1 1 0 0 1 1 0 0 0 1 1 0 0 0 1 1 0 0 1 0 0 0 0 0 1 1 0 0 0 0 0 1 0 1 0 0 0 0 1 1 0 0 1 0 1 1 1 0 0 1 1 0 0 1 1 0 0 0 1 1 0 1 0 0 1 1 1 1 0 1 0 0 1 1 0 1 0 0 1 0 0 0 0 0 1 0 0 0 0 1 0 0 1 1 1 1 0 0 0 1 1 0 0 1 0 1 1 0 0 0 0 0 0 1 1 0 0 0 0 1 0 0 1 0 1 0 1 1 0 0 1 1 1 1 0 1 1 1 1 1 0 0 1 1 0 0 1 0 1 0 1 0 1 0 0 1 0 1 0 1 0 1 0 0 1 0 1 1 1 0 1 1 1 0 0 1 0 0 0 0 0 1 1 1 0 0 0 0 1 0 1 1 1 0 1 0 1 1 1 0 1 1 0 0 0 1 0 0 0 0 0 1 1 0 1 0 1 0 1 1 1 0 0 0 1 1 1 0 0 0 0 1 0 1 1 1 0 1 0 0 1 0 1 1 1 1 1 1 0 0 0 1 0 1 1 1 0 1 1 0 1 0 1 0 1 1 0 1 1 1 0 0 0 0 0 1 1 1 1 1 0 1 0 0 1 0 1 0 0 1 0 0 1 0 0 0 1 0 0 0 0 1 0 0 1 0 1 1 0 1 1 1 0 0 1 1 0 0 0 1 0 1 1 0 1 0 0 0 0 0 0 1 1 0 0 0 1 1 0 0 1 1 1 1 0 1 0 0 1 0 1 1 1 1 1 1 0 1 0 1 0 1 0 0 1 0 0 1 0 1 1 0 1 1 0 0 1 1 1 1 0 0 0 1 1 0 1 0 0 1 1 0 0 0 0 0 0 0 0 0 0 0 1 1 0 1 1 0 1 1 1 0 0 1 1 0 0 1 0 1 1 0 0 0 1 1 0 0 1 0 1 1 0 0 0 1 0 0 1 1 0 1 1 1 1 1 1 1 0 0 1 0 0 1 1
999
0 0 1 0 0 1 1 0 0 0 0 0 1 1 0 1 0 0 0 1 1 0 0 0 0 1 0 0 1 1 0 0 0 0 0 0 1 0 1 1 0 0 0 0 0 1 1 1 1 0 1 0 0 0 0 0 0 1 0 0 0 0 1 0 0 0 1 1 0 0 0 0 1 1 1 1 0 1 0 1 0 1 1 0 1 1 1 0 0 1 1 1 0 1 0 0 0 0 0 1 0 1 1 1 1 0 0 1 1 0 1 0 1 1 0 1 1 1 0 1 0 0 1 1 1 1 1 0 1 0 0 0 0 1 1 0 0 0 0 1 1 0 0 1 0 0 1 0 1 0 0 1 0 0 0 1 0 1 0 0 0 0 0 0 0 1 1 1 0 0 0 0 0 0 0 0 1 1 0 1 1 1 0 0 1 0 0 0 0 0 1 0 0 1 1 0 0 0 0 1 0 0 1 1 0 1 1 1 0 0 1 0 0 1 1 1 0 1 0 0 0 0 1 0 1 0 0 1 1 0 0 0 0 0 1 0 0 1 1 0 0 0 0 0 1 1 0 0 0 1 1 1 0 0 1 0 0 0 1 1 1 0 0 0 1 0 0 1 1 1 0 0 1 0 0 0 0 0 1 1 1 1 0 0 0 0 1 1 0 0 0 0 1 1 0 1 0 0 0 1 0 0 0 0 1 1 1 0 0 0 0 1 0 1 0 0 0 0 0 0 0 0 0 1 0 1 0 0 1 0 0 1 0 1 1 1 0 1 0 1 0 1 0 0 1 0 0 1 0 0 0 0 1 0 0 1 1 0 0 1 1 0 0 1 1 1 0 1 1 0 1 1 1 0 1 1 1 1 0 0 0 1 1 1 0 0 0 0 0 1 1 1 1 0 1 0 1 1 0 0 1 0 1 0 1 0 0 1 0 1 1 1 1 0 0 1 0 0 1 1 0 1 0 1 0 0 1 0 0 0 1 1 1 0 1 0 0 0 0 0 1 0 1 0 0 0 0 1 0 1 0 1 1 1 0 1 0 0 1 1 0 0 1 0 0 1 0 0 1 0 0 0 0 1 1 1 0 1 0 1 1 1 1 0 1 0 1 0 1 0 1 0 0 0 0 1 1 0 0 1 0 1 1 0 0 0 0 1 1 0 0 0 0 1 1 0 0 1 0 0 1 1 1 1 0 1 0 0 1 1 0 1 1 0 0 1 0 0 0 1 1 1 1 1 0 1 1 1 0 0 0 0 1 1 1 0 0 0 1 0 0 1 0 0 1 0 0 0 0 1 0 0 0 0 1 1 1 1 0 0 0 0 0 0 0 0 1 1 0 0 1 1 1 0 0 0 0 0 0 0 1 1 1 1 0 0 1 1 0 0 1 0 1 1 1 0 0 1 0 0 1 1 1 1 1 1 0 1 1 0 0 0 0 0 1 1 0 0 1 0 1 0 1 0 0 1 1 0 0 0 0 1 0 0 1 0 0 1 0 0 0 1 0 0 1 1 0 1 1 0 0 0 0 1 1 1 1 1 0 0 0 0 1 1 1 1 0 0 0 0 0 1 0 1 0 1 1 0 0 1 1 0 0 0 0 0 1 1 0 1 0 1 1 1 0 0 1 0 1 0 1 0 0 0 0 0 1 1 1 1 0 0 0 0 0 1 0 0 0 0 1 0 0 1 1 0 1 0 0 0 1 1 1 1 1 1 0 1 0 0 1 0 1 1 1 1 0 1 1 0 0 0 1 0 1 0 0 1 1 1 0 1 1 0 0 0 1 0 0 0 0 0 0 0 1 0 1 1 1 1 0 0 0 1 1 1 1 0 1 0 0 1 0 0 1 0 1 0 0 0 1 1 1 0 0 0 0 0 1 0 0 0 0 0 0 0 1 0 0 1 1 1 1 1 1 0 0 1 1 0 1 1 1 0 1 1 1 0 1 1 1 0 1 1 1 0 0 1 0 1 0 0 1 1 0 0 0 0 0 0 0 0 0 1 0 0 0 0 1 0 0 1 0 1 1 1 1 0 1 0 1 0 0 1 1 0 1 0 0 0 1 0 0 1 1 0 0 1 1 1 1 1 0 0 1 1 0 1 0 1 1 1 1 1 0 0 0 1 0 1 1 1 1 0 1 0 0 0 0 0 1 1 1 0 1 1 0 1 0 0 1 0 1 1 1 1 1 0 0 0 1 0 1 0 1 1 0 0 0 1 0 0 1 1 0 0 0 1 1 0 1 0 1 0 1 0 1 1 0
