1
10 500
1
1 1
1 0 1 1
1 1 0 0 0 1 1 1
1 1 1 1 0 0 0 0 0 0 1 1 1 1 1 1
1 1 1 1 1 1 1 1 0 0 0 0 0 0 0 0 0 0 0 0 1 1 1 1 1 1 1 1 1 1 1 1
1 1 1 1 1 1 1 1 1 1 1 1 1 1 1 1 0 0 0 0 0 0 0 0 0 0 0 0 0 0 0 0 0 0 0 0 0 0 0 0 1 1 1 1 1 1 1 1 1 1 1 1 1 1 1 1 1 1 1 1 1 1 1 1
1 1 1 1 1 1 1 1 1 1 1 1 1 1 1 1 1 1 1 1 1 1 1 1 1 1 1 1 1 1 1 1 0 0 0 0 0 0 0 0 0 0 0 0 0 0 0 0 0 0 0 0 0 0 0 0 0 0 0 0 0 0 0 0 0 0 0 0 0 0 0 0 0 0 0 0 0 0 0 0 1 1 1 1 1 1 1 1 1 1 1 1 1 1 1 1 1 1 1 1 1 1 1 1 1 1 1 1 1 1 1 1 1 1 1 1 1 1 1 1 1 1 1 1 1 1 1 1
1 1 1 1 1 1 1 1 1 1 1 1 1 1 1 1 1 1 1 1 1 1 1 1 1 1 1 1 1 1 1 1 1 1 1 1 1 1 1 1 1 1 1 1 1 1 1 1 1 1 1 1 1 1 1 1 1 1 1 1 1 1 1 1 0 0 0 0 0 0 0 0 0 0 0 0 0 0 0 0 0 0 0 0 0 0 0 0 0 0 0 0 0 0 0 0 0 0 0 0 0 0 0 0 0 0 0 0 0 0 0 0 0 0 0 0 0 0 0 0 0 0 0 0 0 0 0 0 0 0 0 0 0 0 0 0 0 0 0 0 0 0 0 0 0 0 0 0 0 0 0 0 0 0 0 0 0 0 0 0 1 1 1 1 1 1 1 1 1 1 1 1 1 1 1 1 1 1 1 1 1 1 1 1 1 1 1 1 1 1 1 1 1 1 1 1 1 1 1 1 1 1 1 1 1 1 1 1 1 1 1 1 1 1 1 1 1 1 1 1 1 1 1 1 1 1 1 1 1 1 1 1 1 1 1 1 1 1 1 1 1 1 1 1 1 1 1 1 1 1 1 1 1 1 1 1
1 1 1 1 1 1 1 1 1 1 1 1 1 1 1 1 1 1 1 1 1 1 1 1 1 1 1 1 1 1 1 1 1 1 1 1 1 1 1 1 1 1 1 1 1 1 1 1 1 1 1 1 1 1 1 1 1 1 1 1 1 1 1 1 1 1 1 1 1 1 1 1 1 1 1 1 1 1 1 1 1 1 1 1 1 1 1 1 1 1 1 1 1 1 1 1 1 1 1 1 1 1 1 1 1 1 1 1 1 1 1 1 1 1 1 1 1 1 1 1 1 1 1 1 1 1 1 1 0 0 0 0 0 0 0 0 0 0 0 0 0 0 0 0 0 0 0 0 0 0 0 0 0 0 0 0 0 0 0 0 0 0 0 0 0 0 0 0 0 0 0 0 0 0 0 0 0 0 0 0 0 0 0 0 0 0 0 0 0 0 0 0 0 0 0 0 0 0 0 0 0 0 0 0 0 0 0 0 0 0 0 0 0 0 0 0 0 0 0 0 0 0 0 0 0 0 0 0 0 0 0 0 0 0 0 0 0 0 0 0 0 0 0 0 0 0 0 0 0 0 0 0 0 0 0 0 0 0 0 0 0 0 0 0 0 0 0 0 0 0 0 0 0 0 0 0 0 0 0 0 0 0 0 0 0 0 0 0 0 0 0 0 0 0 0 0 0 0 0 0 0 0 0 0 0 0 0 0 0 0 0 0 0 0 0 0 0 0 0 0 1 1 1 1 1 1 1 1 1 1 1 1 1 1 1 1 1 1 1 1 1 1 1 1 1 1 1 1 1 1 1 1 1 1 1 1 1 1 1 1 1 1 1 1 1 1 1 1 1 1 1 1 1 1 1 1 1 1 1 1 1 1 1 1 1 1 1 1 1 1 1 1 1 1 1 1 1 1 1 1 1 1 1 1 1 1 1 1 1 1 1 1 1 1 1 1 1 1 1 1 1 1 1 1 1 1 1 1 1 1 1 1 1 1 1 1 1 1 1 1 1 1 1 1 1 1 1 1 1 1 1 1 1 1 1 1 1 1 1 1 1 1 1 1 1 1 1 1 1 1 1 1 1 1 1 1 1 1 1 1 1 1 1 1 1 1 1 1 1 1 1 1 1 1 1 1 1 1 1 1 1 1 1 1 1 1 1 1 1 1 1 1
495
1 1 1 1 0 0 1 0 1 0 0 0 1 0 0 1 0 0 0 0 1 0 1 0 0 1 1 0 1 0 0 0 1 0 1 0 0 1 0 0 1 0 1 1 1 1 0 1 0 0 1 0 1 1 0 1 0 0 1 0 1 0 1 0 1 1 0 0 0 0 0 0 1 1 1 1 1 0 1 0 0 0 0 1 1 0 1 1 1 0 1 0 1 1 0 0 0 0 0 0 0 0 0 0 1 0 1 0 1 0 0 0 1 0 0 0 1 0 1 0 1 1 1 1 0 0 1 1 1 0 0 0 0 1 0 1 0 0 0 0 0 0 0 1 1 0 1 0 0 0 1 1 0 1 0 0 0 1 0 0 1 1 0 1 1 0 0 0 0 0 0 0 1 0 1 0 0 1 0 0 0 0 1 1 0 1 1 1 0 0 0 0 0 1 1 0 1 0 1 0 1 0 1 0 0 0 0 0 0 0 1 1 1 1 1 0 1 0 1 0 0 0 0 1 0 1 0 0 1 0 1 0 1 0 1 1 1 0 1 0 0 0 1 0 0 0 1 0 0 0 0 0 0 0 1 0 0 0 0 0 1 1 1 1 1 0 0 1 0 0 0 0 1 1 1 1 1 0 0 0 1 0 1 0 1 1 1 0 0 0 0 0 1 0 1 0 1 0 1 0 1 1 0 1 0 1 1 0 1 0 0 0 0 0 0 1 0 1 0 0 0 0 1 1 1 1 0 0 1 0 0 0 0 0 1 1 0 1 0 0 0 0 1 0 0 1 1 0 0 0 1 0 1 1 1 1 1 0 1 0 0 0 1 0 1 0 0 1 0 0 0 0 1 1 1 0 0 0 1 0 0 0 1 0 0 1 1 1 0 0 1 1 0 0 0 1 0 0 1 0 1 1 0 1 0 0 1 0 0 0 1 0 1 1 1 1 1 0 0 0 1 0 1 0 0 0 1 0 1 0 1 0 1 1 0 1 0 0 1 0 0 0 1 0 1 0 0 1 0 0 0 0 0 0 1 0 0 1 1 0 1 0 1 1 1 0 0 1 0 0 0 0 0 0 1 0 0 1 1 0 1 1 0 0 1 1 1 1 1 0 1 0 1 1 0
499
0 0 0 1 1 1 0 1 0 0 0 0 1 1 1 0 1 0 1 0 1 0 1 1 0 0 0 1 1 0 1 0 1 1 1 0 1 0 1 0 1 0 1 0 1 0 0 0 0 0 1 1 0 0 0 1 1 0 0 0 1 0 1 1 1 1 0 1 1 0 1 1 1 0 1 0 0 1 1 0 0 0 0 0 0 1 0 1 1 0 0 0 1 1 1 1 0 0 0 0 0 0 0 1 1 1 0 0 0 0 0 0 0 1 1 1 1 0 0 0 0 0 0 1 1 1 0 0 0 0 1 1 0 1 1 1 1 0 0 0 0 0 0 1 1 1 1 0 1 0 0 0 0 1 0 0 1 1 0 0 1 1 0 0 0 0 0 1 0 0 0 0 0 1 0 1 0 1 1 0 1 1 0 0 0 0 1 1 0 0 1 0 1 0 1 0 1 0 0 0 0 0 1 0 0 0 1 1 0 0 0 0 0 1 0 1 1 0 1 0 1 1 0 1 0 1 0 1 1 0 1 1 0 1 0 1 0 0 1 0 1 1 0 0 1 0 1 0 0 0 1 1 0 1 1 0 0 0 1 0 1 1 1 1 1 1 0 0 0 0 1 1 0 1 1 1 1 1 1 0 0 0 0 1 1 0 1 1 1 0 1 1 1 0 0 0 1 0 0 0 0 0 0 0 1 0 0 1 0 0 0 0 0 1 0 1 1 1 0 0 1 0 1 1 1 0 1 0 1 0 0 0 1 1 0 1 1 0 1 0 0 0 1 0 0 1 1 1 1 0 1 1 1 0 1 0 0 1 0 0 0 0 1 1 1 0 0 0 0 0 1 1 1 1 1 1 1 1 0 0 1 0 1 0 0 0 1 1 0 0 1 1 1 1 1 1 1 1 0 0 1 1 0 0 0 0 0 0 0 0 1 0 1 0 1 0 0 0 1 0 0 0 1 0 0 1 0 1 1 0 1 0 1 0 1 0 1 1 1 0 0 0 0 0 1 0 0 1 1 0 1 0 1 1 0 0 1 1 0 0 1 0 1 1 1 0 1 0 0 0 0 0 0 0 1 1 1 1 1 0 1 0 1 1 1 0 1 0 0 0 0 0 1 0 0 1 1 1 1
