15 7
10000002 20000004 30000006 40000008 50000010 60000012 70000014 80000016 90000018 100000020 110000022 120000024 130000026 140000028 150000030
10 10 10 10 10 10 10 10 10 10 10 10 10 10 10
29 67 34 69 149 82 49 75 150 60
-3777284 9567705 -6622366 253060 -8221743 -4240592 5913140 4820935 9271062 -3172374
57 77 79 139 43 51 85 125 63 31
-499019 3055004 5402946 8641372 8648797 -3010343 1522834 -9183259 -4012758 2707679
66 135 70 4 146 17 111 126 72 131
-9059369 2403448 8972952 7081326 2542870 -5522670 8494928 479569 -6013693 7523152
40 15 5 62 106 114 98 58 20 21
3652309 -4591082 -5345293 9523783 82201 -6501213 835407 8283227 41104 2927904
27 74 95 53 148 6 80 56 2 140
-561237 5178859 5892080 9475876 1287888 -1130460 -4884193 -8717887 1019208 -2047197
101 7 145 137 42 143 68 142 83 104
8250905 8236452 -5473933 7088249 6636884 -9373504 -6890306 -7949506 -578953 4348745
16 50 118 113 88 84 73 39 3 92
-2506064 -9563177 -8598148 -67263 5973868 6257662 6811923 -7512682 1831875 -8486462
96 121 25 128 36 14 123 94 134 9
-8633974 8284836 4891741 -444461 2946729 3486582 -581716 8172346 4193182 -1339286
37 147 26 141 132 133 129 105 130 28
6418973 -2339561 -5148148 -905062 7847443 -6808082 1464460 2566004 -7737843 6788722
59 99 112 24 41 35 64 55 65 91
2327885 -6923137 -5903847 743873 5839622 -914013 1930471 9538769 2888876 -3502928
103 115 122 144 33 110 38 117 97 54
7409089 683469 4546547 -1729201 -6494444 1626719 -5640762 2340781 -2652195 623307
90 23 47 108 22 76 13 46 86 32
-3485168 4499579 -2598139 7972292 -409355 7469502 1186552 9072221 9041722 4589852
124 18 89 109 116 138 136 100 93 81
8717307 -7459585 -9860914 5687725 -4667416 7917871 -4198587 7012655 3628566 2917131
11 12 78 120 30 48 107 19 71 52
8047499 5175144 -7832 -6068650 -7319137 -2696794 493798 -521473 6708260 -3976810
61 87 8 1 44 10 119 127 45 102
7278933 -7079535 5874251 6484035 6226050 -527292 -5632696 -7889476 4662027 9095586
