15 15
10000002 20000004 30000006 40000008 50000010 60000012 70000014 80000016 90000018 100000020 110000022 120000024 130000026 140000028 150000030
10 10 10 10 10 10 10 10 10 10 10 10 10 10 10
103 78 19 81 149 43 45 11 87 60
1737541 -8885441 3232334 7679981 1418434 8128246 -8317542 -745143 -2263333 -6029204
141 118 131 112 146 129 25 39 134 107
-8578603 -4557920 -13006 2280335 1379794 950398 7387989 -8409738 8523464 3850570
69 72 22 142 79 108 52 4 140 49
6665001 -6536912 2331100 -2159264 -8879490 1992174 2257386 9454381 7461168 -8620291
133 89 130 98 145 135 73 5 6 91
5317028 -1178004 1738905 8372004 -4435247 4736359 5050038 9545018 6766630 -9238746
24 29 1 96 127 26 18 139 105 90
-6565545 1864141 -2427917 1100785 9186546 6575785 -3443048 5738708 -8019812 9058612
115 111 33 40 64 116 44 48 30 13
3303028 2917930 -8306740 3487172 -5942830 2418072 -5186234 4743913 -1686090 -9128936
94 100 63 132 67 121 46 110 84 65
105485 6247372 5544192 -6859016 -732937 -4171902 2522199 -9617027 7357190 -5348199
38 37 150 8 34 117 80 16 70 125
4858146 -9174232 -1958141 -3969484 -3272778 8550319 -7558654 -2887325 7359879 45875
77 56 71 106 59 148 101 137 68 83
-6302068 465199 -1937305 724223 9224540 -4896169 5788402 1358173 5672426 9214966
114 12 57 36 20 97 86 42 23 95
-1066878 -9300571 577238 -6000082 2857377 -7114916 8112194 3222838 -145583 5002003
41 143 85 76 3 51 109 58 47 74
1290769 -7866291 9398188 -6741263 -5090972 99557 -2684633 -3654795 1487155 6297419
136 54 62 113 128 66 17 93 31 27
8786132 6922302 4454550 2175703 -2670621 -7026065 -3242122 4322181 -5865810 2852508
147 55 21 15 14 126 119 35 28 82
6908024 4956437 -5082051 -5078728 7654920 -4448096 9302854 5347609 230390 6843854
88 7 144 50 75 120 10 102 123 138
-8482985 -8837744 -9303358 9862955 5978853 -941072 -9132330 -7957600 -1761769 -2787961
124 9 122 61 32 53 99 2 92 104
6161687 9343121 9999087 -2097950 -7807375 -917115 -7699349 -3212978 4179457 -9240998
