15 8
14571 19398 33093 62595 90171 102720 111747 151116 161172 161640 170433 174798 184374 187077 188628
10 10 10 10 10 10 10 10 10 10 10 10 10 10 10
95054892 218183524 166529841 543740689 733966537 932619171 784742622 515965587 146738291 462909289
-8657 2957 -12267 4756 -4174 -11979 4335 -9784 -827 -10881
43999436 296643823 134623498 178755811 754020029 296025275 64228614 36353834 458470482 283694400
4866 -3250 -2641 3944 6308 -4222 -4666 3020 -3576 6442
389801715 980580695 208632708 896271392 64293941 890510009 462848369 130435271 756954163 294529367
24978 -10958 -4996 19051 -11823 -1585 1932 -11566 19058 -8513
182720974 589803414 946368273 939161145 306469537 37678061 176719360 487408805 8836069 363427340
-29242 -24158 7838 5601 5654 -5465 8321 9852 -27214 20218
552385865 811384074 439893383 419373327 68913657 583480528 329755521 951918321 278574122 66315501
-25056 -3548 -19812 -13532 9243 1827 -22130 -26507 2167 5540
449714415 906359594 559492558 356399562 410773130 156913117 861795600 763051105 764675603 331961806
5301 3033 -10262 -10459 -7046 -4007 6506 -3934 558 -11211
532650086 247287161 848553388 167477093 708234820 458031923 172544668 405781383 547433365 505778150
10277 10409 4377 -4913 16514 -3534 -680 7765 38497 16325
387578806 102417365 323972716 12854662 478893033 768813630 124065498 595665643 881735211 923223209
3548 -32539 812 3263 -23145 7086 -38364 -11284 -36829 747
483197782 441871006 991559609 152080572 572456078 815274601 879607010 493599483 224502072 238490487
48 431 -2116 237 213 -4134 341 -134 8 28
117991184 457328006 606711576 968815550 33494275 674612930 845549823 127417769 187156910 492739576
4371 -37 7855 1299 8402 -425 -10 -274 1140 -373
338398172 164671039 185391589 186630559 191337468 555956836 860466964 651404282 462403172 193519297
-4701 -6580 4044 4220 -1137 -5121 3325 -2304 3734 -7593
622289165 785009840 773934670 173330362 805062279 455909322 262953841 174664234 704257049 83144344
-723 3887 4189 -2442 4102 -1039 5498 4147 2995 -2201
715814521 945718822 327246871 160767462 985946345 659880349 889226393 655549386 255084788 327192837
-4549 -5080 -5430 -1135 -231 1148 2683 -7780 934 2223
72822715 607167947 759721735 86695327 739776843 519689155 896078853 909710028 734635767 473951907
1184 -2020 -383 1417 -962 164 1464 270 1351 -1182
29309934 101044053 44577132 154451254 319999040 734657473 184758086 883346834 875754455 294699628
-46 11791 -285 -804 10748 -1200 -650 -1401 50898 -326
