15 14
3891 31845 32658 48456 60477 61518 67554 98259 100413 105342 133053 147567 169032 182481 187800
10 10 10 10 10 10 10 10 10 10 10 10 10 10 10
904651227 56286678 403752834 66467135 357379669 806100632 402037577 356992202 400085250 105894608
22009 9058 11335 -305 18350 -2255 21479 27066 4430 2009
96833238 227828610 344069647 99109784 720823075 292376971 958079169 17993774 579041172 925288186
697 457 399 216 179 400 -16092 -19266 -23153 -15856
450850694 520635127 535262120 932362814 95469869 664439199 780740064 941064145 69377409 588596598
699 -411 -688 -495 4898 8582 1559 7295 -332 1347
579553411 32655782 576341833 746738268 907237701 104785558 21534178 485782789 789129459 666162694
493 -6990 -3568 -15169 9254 6380 11648 1675 2833 6452
173504502 676552861 106599224 860510489 124009181 321899169 953112499 330349231 416049882 450536737
441 -8943 1016 -1130 -4567 186 726 -11345 -10660 868
412046635 340685403 284765189 297854636 509602248 436714524 298738873 677260089 774316884 698321064
2237 5158 5300 -951 1819 1632 -594 1636 -136 4177
709400852 912982721 137326133 546308186 976651333 209949270 273828376 987642979 816498466 926966483
9800 -96 -3915 15180 13109 -3160 25945 -3095 21373 28179
829234045 717183709 113194424 471638125 618662383 153366681 799015137 83821785 772410730 206445849
1160 -16862 -9313 1824 1677 -7731 -26014 342 -9214 -4318
211760833 328139618 632729798 789419382 616588632 676482133 186086648 685782865 431237911 4689771
-5 -222 3894 -1427 -1961 -1410 4319 1737 969 2444
588222549 560248424 898739525 826208954 739638083 372536017 732793236 8598484 16677719 539606162
13131 -1791 12093 11564 14349 -2183 4596 -1655 -2814 9662
662318424 507347427 511609030 334609802 630616326 214861195 168025164 698774580 384124803 480583649
-20534 9206 4920 12188 13479 6885 10988 10809 1519 -5690
919433741 757175821 499718665 535080527 851735097 496325993 140352375 481479992 616967727 153923404
-8171 17494 -6853 16839 -1061 21288 8210 3560 -8331 -6178
634944427 923224824 841153362 462942450 239830769 101996931 228961471 727954488 146847209 234662056
-14263 1850 -11837 -17028 -19390 9465 5471 6301 6621 3694
991206265 444845896 97624592 954194753 315472460 930712027 538103489 55779267 33434467 228440053
-1360 -155 -6642 -11704 -11449 1697 -8313 -13256 -815 -1499
117808617 356150513 214889476 499290114 335372989 149485925 204407023 20509047 214327709 39860103
-4920 -5244 76157 24752 -1811 90734 -800 -535 -1245 -12
