15 2
18252 20532 29664 48420 50472 61329 116265 119022 131955 142755 147168 155055 160620 179454 181680
10 10 10 10 10 10 10 10 10 10 10 10 10 10 10
652178604 253976566 712449478 252571194 979250016 148204986 48884488 887796891 337503050 368563032
1121 -2042 1833 -6224 -18238 -17026 452 -4862 -6314 2040
448310361 486267427 924324123 18768100 534321468 594495698 900313027 70872499 157323492 821624603
-493 634 5077 4780 5670 -2239 -733 7256 1125 -874
378709604 111559355 192281164 191079909 392208727 901713947 970653006 31700517 901230791 180425911
7879 -3341 -5360 45 -5098 -8772 6928 -783 15078 -5193
882859704 518617503 209123075 859756840 340233235 405626776 71388992 822340133 730095539 739207899
679 186 1620 -17036 189 24 918 184 517 -11322
271170863 753228335 603905980 266319017 172389915 64002672 69711501 314869623 360637260 691206132
-1086 3978 7661 4349 -1197 2860 -1221 -1503 -1345 9869
310693412 448407746 786793468 161044820 676648400 48328570 98260403 720725961 140121435 741894208
46813 -443 -7951 42418 -6324 4563 -2928 -7591 -5563 -9652
378124828 101624858 240559283 164999964 631844427 415371790 992679891 814306354 981323095 726054455
948 1747 -5180 1943 -28980 1682 335 -27638 -14026 -44781
134354738 736911802 222877095 882688428 164923928 12468607 959580980 351061604 588110583 995524667
-194 -1089 3705 6853 -2271 -2385 10145 3852 10408 8272
112948342 552164594 810524614 10003329 957042012 248486923 561732183 702008914 952227487 790576472
2261 2423 -3481 -10645 9231 -10381 -7710 -895 -4709 -4832
924351846 493699836 245476073 888104338 361112806 630224203 859060250 415621944 929197038 220035596
-9800 -9446 -7620 3573 -5947 290 2666 2484 -5078 -10726
451011613 835620384 853648557 793284633 725004546 637502074 530030271 543293729 53507344 682235936
1188 -3884 -1163 3836 -2714 6135 -453 797 7406 5779
151516009 25271219 826158026 399631540 874646700 314770716 306597805 977240983 279417057 205897930
4524 -530 -2201 553 -1831 2643 162 -507 5349 -5618
826975049 18882954 44967162 548872489 571385480 291445911 265792659 285269741 74419342 418401947
-2669 -1684 11557 13151 18207 12703 9596 1948 -2100 -4231
386749831 456835618 701995721 598678429 116218472 117843644 670547794 763262741 843077287 497120649
1583 1397 2153 -14025 -15414 -6028 1610 -9754 -9697 -6650
688577882 876959704 545052123 944113415 388178348 86851778 925903932 257139148 329031109 651677815
-2197 -2055 -741 -1969 -2120 26493 -1939 -271 -1065 74547
