15 3
30183 39756 44214 48771 55473 76350 78465 87768 112842 119448 151155 155481 160527 162762 177978
10 10 10 10 10 10 10 10 10 10 10 10 10 10 10
73019300 834527090 535863187 666497597 339132356 776914276 734687091 987180961 103676533 482032197
7665 8091 -23959 198 6887 -19046 -13802 588 1951 1254
348547810 736416421 51002025 579893926 255990313 868810934 3997367 115466270 703373127 76037646
-9191 -4367 1666 -8435 -4205 -3748 -5501 2967 2172 -5625
250024693 682433484 529329449 106045947 179647633 166914973 282676618 184551093 795114386 989299968
3085 -4372 -2301 -3021 -1075 -2901 -3014 -2818 321 1722
285308888 462969113 746946242 719305050 307315535 225024413 335956559 986683122 675853447 840327823
-3440 -2818 3542 -1478 3172 -2928 3207 -850 -3267 6125
910460554 933458806 176954480 56427527 884707862 392373464 526436577 449761781 715173781 123528764
-1801 -5095 -5382 -2611 -6411 -3301 -945 -2885 18239 -384
910532650 846457433 680316926 208169109 928983725 111241259 493002956 117579206 142662852 620010301
-11396 1653 1755 -14238 441 -7709 587 1878 -19428 171
158381417 861181321 220321368 241569701 844196885 945409154 925059209 115084403 943570420 832864879
-1543 -57 3140 2336 911 -1884 -1331 -347 -759 6777
942774328 689462484 308558386 736682564 777429112 680679201 267453053 525860717 849157528 680065856
-4627 -1752 12684 14966 20380 15901 24151 -6896 -7396 -6853
679227571 57672471 851484682 139919102 264243735 33143119 922317551 12032943 903756948 659070292
-2605 -15313 -23164 -20684 4862 4748 6495 6602 -3639 521
320084748 492966167 24575706 153435210 288651132 368765623 940702413 218582391 569435499 487302442
22546 -359 -5855 -1294 -2980 30354 -2093 23905 5370 21511
40708225 136037400 411537218 504130361 114610333 742250935 300971518 427115854 631910752 101914623
-10377 -16860 -2429 2568 3620 502 -9463 -563 2034 3877
570606112 252980110 115056129 54865602 652480636 673956718 217515543 241623102 404622689 351562636
3167 -3624 -3915 -2031 -2162 -3440 1304 -2486 -2892 2497
352288225 559795766 466545680 715341694 718234610 985165259 824828550 429098587 663556117 879729709
-3562 185 1039 355 -2523 1689 -4413 1375 1368 1461
367077292 133549460 977349381 138106910 933368529 858633135 386632261 12586671 882769072 942790469
-2183 9774 9562 15195 -273 -1912 9797 14645 418 -1897
824312023 331439537 500773927 56298641 786252123 353304252 180861114 689619004 888062280 193042573
-12092 38599 62190 -7779 -8528 56056 -7361 48850 45753 -11765
