15 4
18747 44115 51351 59574 63009 83211 91827 103995 118728 126132 143481 145899 148989 167202 187863
10 10 10 10 10 10 10 10 10 10 10 10 10 10 10
695635668 786732813 120888410 862976150 766813053 158717203 499608745 210788774 53348298 534708219
23713 16372 -10687 19042 16200 -9379 -16350 3888 1715 14593
427966399 862954590 423432180 724816167 300875502 39940648 771212655 576141610 253026127 29287358
2420 -20699 -1302 -20870 4131 -16396 2512 -9096 -2963 -14374
715807126 947274431 484990820 412886769 57699833 632690388 446403483 926686350 104066058 524795714
5248 -3493 3762 195 123 -2829 2806 -4756 -6520 2173
385844736 41633617 75563332 235000111 249500431 515092254 754577976 98625144 327392234 340077176
-1683 -6749 -2431 2230 2716 -3143 -4942 3404 -1725 2214
353481421 337574907 838396031 413039669 879844128 26494178 196130322 850382645 914300772 985528783
11697 -3175 -2640 19095 -286 10940 13538 4557 -857 2886
909404803 56132285 759387960 280351987 596926078 416015224 31241457 22011316 368388638 878026428
-1403 8278 813 -11636 -2178 -17654 2291 -19008 5661 7125
703453671 778020735 297448154 989697743 308900332 245530825 231928643 935283829 310774562 831758008
2604 517 -1716 1099 -7869 -2683 3933 9518 -6202 11420
731400879 618912333 570504394 39025743 662233225 575181543 186773248 448907473 457960183 446694155
-2887 -5171 -5772 -11686 7882 -6514 -9373 -8006 -7853 9098
919596898 350811883 482954100 978334042 63125153 748094515 372687930 187809575 776285435 507375337
2025 7109 5464 -10250 -13730 1978 -11597 -2625 -5179 -509
12855510 405121552 116364677 456156807 281633333 89159343 291474940 965879523 909324649 969883858
-3966 13864 10554 3180 12685 -1891 -4931 8515 -1722 -1274
586594040 58101885 889687435 421579351 270217608 177773272 411922156 718769516 530681107 796693997
1281 -11934 2282 -7167 -11938 78 97 -9838 -4411 -3578
574511130 212860480 204041201 281227260 619427791 125871057 407005650 574082667 807730404 264856103
-247 -763 -2057 -1986 -8 -839 -2336 -2256 1364 -33
626724782 351274652 606750131 637860527 982498454 789466882 117832598 802786855 366125842 596850750
3814 34 4657 -601 -1010 15127 -579 -2499 -133 8981
814637084 939697385 70073263 554273103 153157111 798359976 215061171 102131844 113819433 449853746
2802 14528 13951 -5027 8492 2307 -5883 -16772 -7846 -9150
348616447 472814551 624097572 561445710 872294347 886029783 929284963 973635651 70462263 560939772
83327 -12450 41751 42397 49680 60899 37885 1908 72702 25487
