15 13
3090 3432 31956 44271 58167 96894 98220 140211 146205 157785 162195 180477 184425 193194 196803
10 10 10 10 10 10 10 10 10 10 10 10 10 10 10
773348349 261634857 949535839 123919730 805647346 4413878 711539328 590783336 207659241 752060976
84 -2019 -2886 -2211 -17 226 -2248 -1150 182 141
788993624 143047594 567680438 196749027 979479077 472420632 313381241 676313678 123868084 691989650
11026 -312 20049 -341 22481 -229 -111 -272 16052 9142
638465676 155192182 870447545 411880666 992657253 920786434 962839372 411844771 777815806 427703331
4214 -21659 9606 11920 8655 -3570 9324 8793 6445 -3087
573430744 739948795 339263382 484745009 427334688 544234476 760181209 84877904 327773410 812842448
-2733 13788 -3355 9020 9087 10117 -6066 5215 4059 -8062
483443881 617549133 884503957 559492814 361561760 650660541 478357757 406198848 555578534 454392590
21728 -4498 15905 36365 -13852 30109 -1040 33503 17686 8832
672640453 891863219 73700048 479560795 468399491 272678292 722685880 969804684 343712521 373101513
208 -22848 -37428 1064 463 979 -27935 231 259 -26879
409428915 563269260 249461134 714374289 785166237 933944212 666028007 455860653 777774234 438830397
40755 13078 14173 -1229 -573 33601 41304 14177 -435 -9
84917211 805711354 6697714 129381551 221877978 712186896 122546768 83661531 568685382 552568978
-3125 -35428 2440 2285 2802 -11658 -3354 1583 1441 -13767
858312271 625975877 538173527 171610137 369208731 746368703 25309568 864402480 342990805 102286892
6048 1553 -1406 -4443 5079 4447 -3118 4075 -2755 -1794
384044767 627039583 283572326 660563058 849414233 573356098 88262885 833456321 913170222 647739009
-2480 -4261 -6447 2281 -2483 -11518 -10746 -7034 1569 -10769
512527259 310227097 197521958 723621064 728684906 266816045 8700950 342046325 642842354 821442467
11442 2848 -570 9194 8746 17300 -70 18235 12413 11716
380869794 952286105 355872269 282035867 317544990 904792174 121412472 555795196 375457458 200557371
-1714 -12441 2403 -9598 3457 2608 1472 3638 3731 -16427
84540593 992432726 732644279 174065123 61678479 981220693 224819333 91986324 499565577 498516013
-2454 5241 -1351 -1503 -3372 3518 -3061 41 -1666 5672
930908004 857070761 6590382 56693622 124058169 858935825 436610205 616674159 735081531 510563993
1905 1497 2817 -4356 1750 66 -3514 -5439 -8490 1369
971123572 114742603 171778559 874322871 723208467 648054431 217584198 347586907 246329981 758375754
85215 39481 24037 43484 -2417 -18 86239 -52 -2690 29063
