15 5
10000003 20000006 30000009 40000012 50000015 60000018 70000021 80000024 90000027 100000030 110000033 120000036 130000039 140000042 150000045
10 10 10 10 10 10 10 10 10 10 10 10 10 10 10
103 12 120 88 57 135 136 39 78 104
-4262833 2629368 8904799 -3199695 -5903888 -8908020 6372858 -5322166 -3504065 6479653
55 105 10 101 115 107 95 75 86 123
7603267 4432649 -8575425 693075 -5692090 676370 1487059 7803159 5912043 4345591
1 33 71 146 64 89 94 114 18 83
-3554383 -9867784 -1658146 7862994 6884130 -2042849 -7555498 5644678 -230150 -9348593
93 20 141 90 109 6 25 76 106 31
7502311 984252 -7460531 7129584 -6896519 3332672 7870450 -3345706 1139368 -8733816
11 60 28 16 102 42 36 130 69 92
-5157519 5294511 1990728 -3862137 -1176825 -1259699 -8408503 8358393 -9220386 -3537957
82 73 29 58 119 80 62 117 140 35
-6468231 4714246 2066912 -7870245 -2405012 233984 36005 -3805020 -2779665 -9256524
98 99 133 23 3 4 142 128 148 125
-5564479 9365634 -4200144 -6442933 -6173400 -5483641 -9178970 -5551997 8521454 -7485297
111 32 66 67 124 21 91 137 144 5
1167819 4554786 -6807855 8641541 -7072210 -5717923 5886592 7009204 6693051 7251122
44 126 8 68 38 24 49 147 19 53
-6159082 -1500592 -4019512 -2472627 -1570837 -6592777 -1770379 -2589484 -4334083 2266571
118 145 100 129 87 116 85 70 34 113
6613803 9629944 6729806 -7057213 -7296879 -2259520 5568750 7923885 7373968 -8791629
9 132 40 63 134 41 150 26 74 17
4882145 -4900262 -3488015 -3685596 4897515 6268031 -3758319 6233403 4185235 1704380
47 79 30 14 96 65 54 43 51 45
6795768 3913315 1491569 8800170 -2931602 -2276872 9261224 -3737218 9020342 3365872
22 50 127 61 46 139 2 48 121 15
-1715862 -2422223 -4090658 6628969 4211579 -1915211 -2211326 6490721 -9441099 9508579
97 122 149 138 84 143 72 52 81 7
9857091 -4031167 -4430040 1615957 -7748448 -7240076 921142 4005018 1334981 -4661963
59 108 27 112 56 110 37 13 131 77
-660483 652308 2418507 -6251723 1102258 9327232 -8587801 -4729865 94375 7503401
