50 28
478098 541455 351199 489522 481806 352357 271508 398693 329285 496165 568071 519067 445100 558620 442119 371119 505419 374050 427586 454565 275893 490661 370640 474905 278431 468819 555687 316670
420464 483821 293566 431888 424172 294724 213875 341059 271652 438531 510438 461434 387466 500986 384485 313485 447785 316416 369952 396931 218259 433027 313007 417271 220797 411185 498053 259036
453473 516830 326574 464896 457180 327732 246883 374068 304660 471539 543446 494442 420475 533995 417493 346494 480793 349424 402961 429940 251268 466036 346015 450280 253805 444194 531062 292045
597055 660411 470156 608478 600762 471314 390465 517650 448242 615121 687028 638024 564056 677576 561075 490076 624375 493006 546542 573522 394850 609618 489597 593861 397387 587776 674643 435627
493826 557182 366927 505249 497533 368085 287236 414421 345013 511892 583799 534795 460827 574347 457846 386847 521146 389777 443313 470293 291621 506389 386368 490632 294158 484547 571414 332398
554034 617391 427136 565458 557742 428294 347445 474629 405222 572101 644008 595004 521036 634556 518055 447055 581355 449986 503522 530501 351829 566597 446577 550841 354367 544755 631623 392606
457551 520908 330652 468974 461259 331810 250961 378146 308738 475618 547524 498520 424553 538073 421572 350572 484871 353502 407039 434018 255346 470114 350093 454358 257883 448272 535140 296123
544074 607431 417175 555497 547781 418333 337484 464669 395261 562140 634047 585043 511076 624596 508094 437095 571394 440025 493562 520541 341869 556637 436616 540881 344406 534795 621663 382646
493492 556848 366593 504915 497199 367751 286902 414087 344679 511558 583465 534461 460493 574013 457512 386513 520812 389443 442979 469959 291287 506054 386034 490298 293824 484213 571080 332064
444630 507987 317731 456054 448338 318889 238040 365225 295817 462697 534603 485599 411632 525152 408651 337651 471951 340581 394118 421097 242425 457193 337172 441437 244963 435351 522219 283202
478568 541925 351669 489991 482275 352827 271978 399163 329755 496634 568541 519537 445570 559090 442588 371589 505888 374519 428055 455035 276363 491131 371110 475375 278900 469289 556157 317140
585980 649337 459082 597404 589688 460240 379391 506576 437168 604047 675954 626950 552982 666502 550001 479002 613301 481932 535468 562447 383776 598543 478523 582787 386313 576701 663569 424553
513037 576394 386138 524461 516745 387296 306447 433632 364224 531104 603010 554006 480039 593559 477058 406058 540358 408989 462525 489504 310832 525600 405579 509844 313370 503758 590626 351609
464959 528316 338060 476382 468667 339218 258369 385554 316146 483026 554932 505928 431961 545481 428980 357980 492280 360910 414447 441426 262754 477522 357501 461766 265292 455680 542548 303531
533743 597100 406844 545166 537451 408002 327153 454338 384930 551810 623716 574712 500745 614265 497764 426764 561064 429694 483231 510210 331538 546306 426285 530550 334075 524464 611332 372315
554579 617936 427681 566003 558287 428838 347990 475174 405766 572646 644552 595548 521581 635101 518600 447600 581900 450531 504067 531046 352374 567142 447121 551386 354912 545300 632168 393151
511411 574767 384512 522834 515118 385670 304821 432006 362598 529477 601384 552380 478412 591933 475431 404432 538731 407362 460898 487878 309206 523974 403953 508217 311743 502132 588999 349983
461718 525075 334820 473142 465426 335978 255129 382314 312906 479785 551692 502688 428720 542240 425739 354739 489039 357670 411206 438185 259514 474281 354261 458525 262051 452439 539307 300291
608286 671643 481387 619709 611994 482545 401696 528881 459473 626353 698259 649255 575288 688808 572307 501307 635607 504237 557774 584753 406081 620849 500828 605093 408618 599007 685875 446858
514293 577650 387394 525716 518001 388552 307703 434888 365480 532359 604266 555262 481295 594815 478313 407314 541613 410244 463781 490760 312088 526856 406835 511100 314625 505014 591882 352865
459516 522873 332618 470940 463224 333776 252927 380111 310704 477583 549490 500486 426518 540038 423537 352537 486837 355468 409004 435983 257311 472079 352058 456323 259849 450237 537105 298088
573984 637341 447086 585408 577692 448244 367395 494580 425172 592051 663958 614954 540986 654506 538005 467006 601305 469936 523472 550451 371780 586547 466527 570791 374317 564705 651573 412557
547873 611230 420974 559296 551581 422132 341283 468468 399060 565940 637846 588842 514875 628395 511894 440894 575194 443824 497361 524340 345668 560436 440415 544680 348206 538594 625462 386445
501273 564630 374375 512697 504981 375532 294684 421868 352461 519340 591247 542243 468275 581795 465294 394294 528594 397225 450761 477740 299068 513836 393815 498080 301606 491994 578862 339845
494587 557943 367688 506010 498294 368846 287997 415182 345774 512653 584560 535556 461588 575109 458607 387608 521907 390538 444074 471054 292382 507150 387129 491393 294919 485308 572175 333159
535118 598475 408220 546542 538826 409377 328529 455713 386305 553185 625092 576087 502120 615640 499139 428139 562439 431070 484606 511585 332913 547681 427660 531925 335451 525839 612707 373690
509075 572432 382177 520499 512783 383335 302486 429671 360263 527142 599049 550045 476077 589597 473096 402096 536396 405027 458563 485542 306871 521638 401618 505882 309408 499796 586664 347648
444236 507592 317337 455659 447943 318495 237646 364831 295423 462302 534209 485205 411237 524758 408256 337257 471556 340187 393723 420703 242031 456799 336778 441042 244568 434957 521824 282808
463378 526735 336480 474802 467086 337637 256789 383973 314566 481445 553352 504348 430380 543900 427399 356399 490699 359330 412866 439845 261173 475941 355920 460185 263711 454099 540967 301950
521758 585115 394859 533181 525465 396017 315168 442353 372945 539824 611731 562727 488760 602280 485778 414779 549078 417709 471246 498225 319553 534321 414300 518565 322090 512479 599347 360330
532043 595399 405144 543466 535750 406302 325453 452638 383230 550109 622016 573012 499044 612564 496063 425064 559363 427994 481530 508510 329838 544606 424585 528849 332375 522764 609631 370615
590177 653533 463278 601600 593884 464436 383587 510772 441364 608243 680150 631146 557178 670698 554197 483198 617497 486128 539664 566644 387972 602740 482719 586983 390509 580898 667765 428749
415046 478402 288147 426469 418753 289305 208456 335641 266233 433112 505019 456015 382047 495567 379066 308067 442366 310997 364533 391513 212841 427608 307588 411852 215378 405767 492634 253618
533846 597203 406948 545270 537554 408106 327257 454441 385034 551913 623820 574816 500848 614368 497867 426867 561167 429798 483334 510313 331641 546409 426389 530653 334179 524567 611435 372419
488305 551662 361406 499729 492013 362564 281716 408900 339493 506372 578279 529274 455307 568827 452326 381326 515626 384257 437793 464772 286100 500868 380847 485112 288638 479026 565894 326877
548636 611992 421737 560059 552343 422895 342046 469231 399823 566702 638609 589605 515637 629158 512656 441657 575956 444587 498123 525103 346431 561199 441178 545442 348968 539357 626224 387208
561319 624676 434420 572743 565027 435578 354730 481914 412506 579386 651292 602288 528321 641841 525340 454340 588640 457271 510807 537786 359114 573882 453861 558126 361652 552040 638908 399891
545469 608825 418570 556892 549176 419728 338879 466064 396656 563535 635442 586438 512471 625991 509489 438490 572789 441420 494956 521936 343264 558032 438011 542275 345801 536190 623058 384041
562853 626209 435954 574276 566560 437112 356263 483448 414040 580919 652826 603822 529854 643374 526873 455874 590173 458804 512340 539319 360648 575415 455395 559659 363185 553574 640441 401425
552732 616089 425833 564155 556440 426991 346142 473327 403919 570799 642705 593701 519734 633254 516753 445753 580053 448683 502220 529199 350527 565295 445274 549539 353064 543453 630321 391304
541884 605241 414985 553307 545591 416143 335294 462479 393071 559950 631857 582853 508886 622406 505904 434905 569204 437835 491372 518351 339679 554447 434426 538691 342216 532605 619473 380456
477089 540446 350190 488512 480796 351348 270499 397684 328276 495155 567062 518058 444091 557611 441109 370110 504409 373040 426577 453556 274884 489652 369631 473896 277421 467810 554678 315661
511844 575201 384945 523267 515552 386103 305254 432439 363031 529911 601817 552813 478846 592366 475865 404865 539165 407795 461332 488311 309639 524407 404386 508651 312176 502565 589433 350416
597164 660521 470265 608587 600872 471423 390574 517759 448351 615231 687137 638133 564166 677686 561185 490185 624484 493115 546652 573631 394959 609727 489706 593971 397496 587885 674753 435736
488492 551849 361593 499916 492200 362751 281902 409087 339679 506559 578465 529461 455494 569014 452513 381513 515813 384443 437980 464959 286287 501055 381034 485299 288825 479213 566081 327064
490695 554052 363797 502119 494403 364955 284106 411291 341883 508762 580669 531665 457697 571217 454716 383717 518016 386647 440183 467162 288491 503258 383238 487502 291028 481416 568284 329268
410908 474264 284009 422331 414615 285167 204318 331503 262095 428974 500881 451877 377909 491430 374928 303929 438228 306859 360395 387375 208703 423471 303450 407714 211240 401629 488496 249480
422708 486065 295809 434131 426416 296967 216118 343303 273895 440775 512681 463677 389710 503230 386729 315729 450029 318659 372196 399175 220503 435271 315250 419515 223041 413429 500297 261280
584169 647526 457271 595593 587877 458428 377580 504764 435357 602236 674143 625138 551171 664691 548190 477190 611490 480121 533657 560636 381964 596732 476711 580976 384502 574890 661758 422741
478834 542191 351936 490258 482542 353094 272245 399430 330022 496901 568808 519804 445836 559356 442855 371856 506155 374786 428322 455301 276630 491397 371377 475641 279167 469556 556423 317407
