45 50
351418 295010 273080 326681 426698 300162 500000 388943 442070 417330 479106 380126 282329 467144 295682 429610 524014 529259 309836 505884 552978 522362 393918 318296 476298 284827 477442 547861 336303 514476 394472 515258 547747 451506 366612 420149 417489 338978 476591 448438 308201 511899 564596 449268 337348 302145 329786 329798 425242 478878
242859 344287 371835 393349 337923 177369 344606 305374 446721 527499 500188 454471 199784 294132 362851 258346 681567 549740 282916 671968 502531 606605 434559 463715 460352 186929 441945 377991 245004 316290 579193 698640 597670 343817 383031 361144 229370 409548 630900 396643 440061 313049 563847 239480 453592 207184 484655 324974 395608 501632
243796 531025 389156 308215 331326 311625 487710 635279 312085 465490 504189 432350 452970 553565 345195 359971 416950 506746 560930 596257 629955 676540 453243 308386 587396 238733 668337 712625 341233 720685 349228 445773 503203 699848 597978 528141 662428 346592 403902 350713 354565 435323 445908 630046 517234 432652 382838 414822 650645 557932
362820 306412 284482 338083 438100 311564 511402 400345 453473 428732 490508 391528 293731 478546 307084 441012 535416 540661 321238 517286 564380 533764 405320 329698 487700 296229 488844 559263 347705 525878 405874 526660 559149 462908 378014 431551 428892 350380 487993 459840 319603 523301 575998 460670 348750 313547 341188 341200 436644 490281
399622 558121 214450 272717 424021 295107 640045 438894 506587 617486 443023 515290 502983 464601 306852 706862 643132 485918 619309 684394 801795 652498 598470 329703 578042 460018 640141 509276 616161 768022 635891 504771 521065 433190 590991 478956 703370 267182 551607 756688 526179 522895 722180 517941 462827 490058 344939 584278 683601 452962
400170 343762 321832 375433 475450 348914 548752 437695 490823 466082 527858 428878 331081 515896 344434 478362 572766 578011 358588 554636 601730 571114 442670 367048 525050 333579 526194 596613 385055 563228 443224 564010 596499 500258 415364 468901 466242 387730 525343 497190 356953 560651 613348 498020 386100 350897 378538 378550 473994 527631
549876 442902 434806 484160 402781 542913 711802 581505 487762 448862 601940 538274 302937 526487 449140 386094 623079 528366 533429 461072 721074 738405 508126 204957 694512 477232 517813 667905 305409 642203 401012 742908 671644 573808 308484 541774 279151 309636 633293 583109 542908 558544 590322 610046 535860 459984 526141 218986 484778 472020
560129 362725 554474 216861 706099 310566 447420 560601 686997 397795 502956 612981 290663 508763 426123 485446 555093 440146 444377 492516 577737 752974 334205 429619 514728 573355 697042 657817 466004 541469 579434 579808 816227 411713 471433 688727 412797 413002 722316 382106 325357 413572 696127 340543 532124 352544 356713 388682 703728 596351
362094 405276 570300 406133 377908 370981 552324 457742 758685 620610 663357 334606 300929 557645 455825 613567 614620 543975 628090 473167 875854 758237 351575 281452 579674 466049 645591 791228 603521 727612 668146 675895 644896 749219 683263 714024 729439 547587 758890 652119 407160 546967 652162 677345 315358 617359 301966 288187 523075 722337
391557 225515 202858 507611 566499 215541 631764 396328 309827 324245 480777 537456 140071 442859 440680 561379 411909 686160 120065 595912 350493 613835 439793 299413 656071 190470 432194 691908 244887 546553 190552 448508 455649 444892 398053 207014 297918 128303 457808 366575 236582 564769 606752 292151 286831 333083 416076 221599 455214 372770
269014 264406 367996 95848 408126 70716 537444 520467 309044 228048 641151 323543 189394 336334 342503 277915 623231 303430 104114 441338 546156 578883 493794 421618 475781 238009 359148 377315 143287 542167 498241 577529 501758 304629 175526 480399 496653 233905 618935 397530 268617 629563 492048 233408 179812 226138 249038 209627 328964 488514
425575 126687 461981 217836 509297 525565 483016 248999 663504 329406 610942 325584 408724 460206 365937 346663 492968 467228 474669 513692 411147 720575 229160 413457 536771 408677 481074 640713 508801 351587 339054 370831 769452 608436 208105 411097 274170 327934 429404 587372 355678 654584 716728 404268 310227 274882 214708 541465 323476 419495
359594 201117 182331 494786 548238 548333 742893 359163 426125 445160 373563 621398 313104 391708 503223 324851 729540 529958 475690 419751 597913 737806 308664 221552 712506 266226 407377 615791 284126 425053 350860 463538 541740 638629 378238 304498 445943 420718 374065 701468 234940 562730 705486 696561 392931 572778 599090 304384 593384 582598
477807 421399 399469 453070 553087 426550 626389 515331 568459 543719 605494 506514 408718 593533 422070 555999 650402 655648 436225 632272 679367 648751 520307 444685 602686 411216 603830 674250 462691 640865 520861 641646 674135 577895 493001 546538 543878 465367 602980 574827 434589 638287 690984 575657 463737 428533 456175 456186 551630 605267
459169 402761 380831 434432 534449 407912 607751 496694 549821 525081 586856 487877 390080 574895 403432 537361 631764 637010 417587 613635 660729 630113 501669 426047 584048 392578 585193 655612 444053 622227 502223 623009 655498 559257 474363 527900 525240 446729 584342 556189 415952 619649 672346 557019 445099 409895 437537 437549 532992 586629
522304 128977 192206 242038 262631 197937 632177 463041 310887 227361 396819 335984 388936 290695 403226 570949 481187 639252 377404 459822 712444 678258 220408 417506 513821 76932 506148 365270 282248 623850 233914 548556 604616 552246 450969 265427 588248 361532 391422 520041 261467 623348 695605 525459 510282 187464 454349 330250 594320 484891
528988 144630 340123 215392 410204 216578 426001 539632 513640 308761 405431 533232 202752 545832 332659 488488 421349 652390 533182 489382 613220 538727 397156 443491 693181 515205 474925 533526 474088 726997 244381 570342 581691 322091 475076 318926 567236 187911 358280 617528 473562 747025 434381 483115 233551 249425 308855 239899 424867 355747
443842 291854 305933 434841 269285 272048 442798 462409 458369 466969 494058 176392 271162 364148 83357 265247 324189 345514 351747 621298 679712 327272 525952 224439 339608 252636 260144 299578 276393 290837 423762 527318 347887 315907 440029 395876 333242 104573 609604 262704 450004 344699 337761 380913 315937 302980 242091 184664 236487 507958
409207 61659 38602 252228 299256 280167 462272 131756 543715 162116 257316 311868 403592 289013 430582 292074 330274 406820 181598 343122 404184 658034 298337 378925 478803 312714 370539 469568 211773 501446 315357 276394 401674 441478 424821 531895 415144 136797 567930 323198 90609 256337 471721 326109 153472 323355 281392 399384 397327 375800
514200 346176 457152 438799 295292 398816 519602 321517 520130 557669 710520 584939 343219 471129 486044 633053 477909 604895 262827 624496 482714 658700 269328 404871 544742 180965 408308 752038 357053 621717 494700 744532 531781 420652 553478 541494 569282 360037 553345 483217 318596 463177 470266 530680 278772 303964 471392 479929 340742 568683
291652 235244 213314 266915 366932 240396 440234 329177 382304 357564 419340 320360 222563 407378 235916 369844 464248 469493 250070 446118 493212 462596 334152 258530 416532 225061 417676 488095 276537 454710 334706 455492 487981 391740 306846 360383 357724 279212 416825 388672 248435 452133 504830 389502 277582 242379 270020 270032 365476 419112
312913 417124 372299 303700 504216 293034 516758 548987 458684 517468 567211 318263 119940 662363 315249 635309 556445 577653 453827 652037 602063 418183 285686 372911 621063 382909 454001 753514 508391 469181 532610 511876 737752 571845 544622 597394 312278 389633 384429 432629 499235 614122 726509 605766 208478 355028 253349 454568 482262 678522
427782 535687 303120 558187 351359 245150 394714 249923 510515 279793 642536 517932 242331 610960 522722 644466 567824 632164 447819 654524 463215 590079 639438 322204 726417 180957 351539 553488 254640 579042 263943 755795 688273 407614 543013 549310 316876 423313 672210 505847 359933 419546 654751 605450 492066 555575 587813 216398 304348 627217
377422 322109 582535 315656 598732 593589 616634 657774 551223 446072 466852 356392 477021 530199 553495 521573 813918 587363 616990 537930 588589 654290 399492 386026 436269 542022 759183 799730 501515 450675 434389 674150 543104 763360 453675 590048 629034 406766 600014 505598 421072 818856 537603 680902 284582 373275 345849 454837 594888 751808
439837 170329 381740 461704 274650 425285 389933 360436 246650 581969 540877 317243 428221 403771 463872 384384 362493 701178 374303 371606 638084 557362 457314 237209 274308 238929 599308 420662 293852 317008 559377 639576 721649 533110 411108 471574 196335 492008 412076 318396 343435 326563 420522 337210 303536 219901 428506 419029 375919 577588
433500 377092 355162 408763 508780 382244 582082 471025 524152 499412 561188 462208 364411 549226 377764 511692 606096 611341 391918 587966 635060 604444 476000 400378 558380 366909 559524 629943 418385 596558 476554 597340 629829 533588 448694 502231 499572 421060 558673 530520 390283 593981 646678 531350 419430 384227 411868 411880 507324 560960
131240 248761 416036 244547 341028 439948 663666 396414 368753 273992 556839 431421 397710 332974 240230 281941 420891 347620 229451 288088 604137 399544 521793 298663 304361 430458 409187 433341 403926 302368 452542 569511 658034 400344 398504 392903 369116 363221 279312 577356 107569 473390 488889 524001 159051 371035 103088 220817 445814 488973
444067 154715 39683 141546 381973 242876 437578 151301 244895 441079 349873 197904 64301 559395 161000 427024 332718 291788 367124 428862 328446 497599 397609 394155 357587 113420 461515 350221 483308 458256 238551 616953 471795 494126 280731 326472 184187 414918 445104 427620 279585 452304 554011 509616 344149 369204 386685 266017 221669 339112
314018 257610 235680 289280 389297 262761 462600 351542 404670 379929 441705 342725 244929 429744 258281 392210 486613 491859 272436 468483 515577 484962 356518 280896 438897 247427 440041 510460 298902 477076 357072 477857 510346 414105 329212 382749 380089 301577 439191 411038 270800 474498 527195 411868 299948 264744 292386 292397 387841 441478
475179 233525 466724 419351 454422 424749 511203 323159 408221 627232 551001 538829 485460 710494 382035 646133 442495 712903 434900 734631 722580 520600 490642 529215 397679 228235 447112 406435 418230 743830 518738 668784 797391 370396 450538 323289 368968 494263 518778 395589 287561 600718 754277 309333 214482 414411 209369 514840 531582 474627
291108 291378 485006 494175 601993 559564 726720 642981 554469 452673 766242 439080 363333 623492 616135 599771 625001 518185 339242 712321 501540 620298 718485 443314 774268 566761 770420 790267 630336 643762 668964 703163 578592 712483 378284 601048 428508 446250 658253 417386 275451 762123 697533 448389 348856 452445 353421 273456 545328 675419
213573 398870 155488 296693 591689 277807 730577 345189 325390 556572 444986 485565 435041 481338 334884 597692 403988 639108 493849 456705 693633 617028 632149 345248 622851 295727 438942 451879 248312 703540 496424 455521 702864 409546 558572 605046 627871 586818 620040 462278 410237 479661 742692 483524 585866 185302 353473 526330 644490 512219
487368 200557 434449 465650 513469 470247 474641 591495 428152 642273 323993 309441 367267 341095 205047 299084 429884 598477 199890 654358 698048 466085 609917 488947 405985 137915 675912 612800 352068 570784 390485 391654 712034 634645 594784 344380 423765 323106 542886 596017 370428 645549 583875 546000 515235 269054 565982 349559 305904 613760
590048 229080 430642 473956 336578 282727 589693 514977 477983 620141 598305 305211 552180 581452 602223 347704 791777 720732 616975 662116 855989 727003 384104 365451 750415 304804 593224 598609 268265 611052 308548 464001 781051 615409 427925 482031 357527 565331 592048 424571 313042 700899 778667 361771 309953 273943 246404 307715 485835 606095
606978 452777 336401 380482 616063 266565 436440 467471 499303 482750 708808 469354 241985 460823 499251 708783 534170 828731 611637 682666 543568 553295 572684 337097 468712 343193 404446 487752 619341 643629 607430 798401 489972 632019 437898 411127 631751 512455 562466 372001 255891 520050 638328 454440 364148 366780 598143 371625 409677 727966
416671 282329 335000 230162 576763 357501 318563 463140 240826 414025 517260 382823 96673 476353 297943 351801 662655 659124 404511 578331 526733 307229 256880 265067 264407 164546 301455 373885 339971 566780 213246 462701 582966 282171 527165 352688 480282 252213 375470 497445 461312 277985 471233 610315 486310 240473 218624 218662 484881 456107
400468 300934 305821 362341 541659 220795 336036 337181 514704 232941 618652 459787 273237 365288 92316 314109 682470 353926 432368 634281 550100 659699 246728 177740 443821 102552 315604 492793 244089 389916 460494 442922 691680 508920 495980 216582 491432 410046 606614 423242 392453 632724 369004 292954 159367 428971 160586 447510 424810 255137
455807 285380 347748 127743 452639 397319 277709 338488 493578 188471 238149 510682 119654 379446 241597 477414 435028 322287 366276 424379 384345 605169 246189 431545 418984 334693 453609 333442 166144 365102 174691 377929 620380 316668 331286 192884 302077 216361 517041 280687 336959 287065 332110 259361 261576 134431 401129 191066 314480 593396
324799 268391 246461 300062 400078 273542 473381 362323 415451 390711 452486 353506 255710 440525 269062 402991 497394 502640 283217 479264 526358 495743 367299 291677 449678 258208 450822 521241 309683 487857 367853 488638 521127 424886 339993 393530 390870 312358 449972 421819 281581 485279 537976 422649 310729 275525 303167 303178 398622 452259
273889 415869 356880 395328 329259 515369 784948 292172 700624 407240 468429 275058 386951 578231 212349 561303 696723 649522 550237 587396 592436 497763 296005 230619 623746 251354 588591 440811 403566 770404 473183 781572 578030 613173 650396 443207 324156 538635 585767 492998 584313 649100 836702 715810 496778 345294 312589 362695 399067 416918
345199 218643 345899 471795 635915 365014 363217 566913 256368 260041 538498 343140 232218 563024 257535 294616 584189 388030 352708 335498 423253 666441 269470 481234 650900 416737 372808 397701 163336 623928 454924 367356 640142 396589 188820 259164 250089 342920 443444 500918 413597 520351 652613 339993 290330 247310 462659 233868 609049 503873
395469 339536 59922 454694 315407 412700 316836 457299 486769 211740 596401 206955 385360 612134 141252 387713 296806 475376 83000 310215 635641 513349 449330 331084 491792 284390 377977 538226 409281 662914 257256 481159 572388 480778 351645 295538 425019 370113 620192 571211 71067 459424 355438 480814 110042 219669 202879 410103 376076 414198
421427 272152 474587 521088 432383 476274 672691 269549 633532 449701 473002 621969 311363 357956 555231 599720 528220 519962 307501 436946 506815 766346 278685 342350 700064 279941 381240 437854 590087 623431 648926 614452 569219 361813 352046 619703 447558 342587 452498 427881 533836 605098 458627 640276 341582 273624 404687 467053 488122 609727
480925 417710 179303 357565 545298 502704 428636 587020 330473 656907 685846 335314 182950 725407 458428 592961 418271 469941 560600 398113 666070 768421 406757 316056 587043 230589 531110 545350 243851 763921 578163 770458 695042 633901 509482 499284 479406 480465 562250 335118 310238 463812 571185 460120 547124 476263 219875 323052 304627 615097
212798 280067 345368 241302 323135 426071 670559 533123 326354 390843 710558 476802 513474 628486 514947 668594 606387 463934 468622 708041 733979 757428 311501 535414 567975 204876 652964 482982 276822 592648 345582 550751 499014 666685 397641 352587 515623 365407 367190 393205 203460 626648 429125 619538 471275 162620 555492 237528 601512 400678
