49 13
545313 474463 346311 585228 411889 522522 409010 487685 486486 382418 580403 578279 368684
608992 538142 409990 648908 475568 586201 472689 551364 550165 446097 644083 641958 432364
618826 547976 419823 658741 485402 596035 482522 561198 559999 455931 653916 651792 442197
564274 493425 365272 604190 430850 541484 427971 506646 505448 401379 599365 597240 387646
439388 368538 240386 479304 305964 416597 303085 381760 380561 276493 474479 472353 262760
441107 370258 242105 481023 307682 418316 304804 383479 382280 278212 476198 474073 264479
479852 409003 280850 519768 346428 457061 343549 422224 421025 316957 514943 512818 303224
551721 480872 352719 591636 418297 528930 415418 494093 492895 388826 586812 584687 375093
601575 530726 402573 641491 468152 578784 465272 543947 542748 438680 636666 634541 424947
482345 411496 283343 522261 348921 459555 346042 424717 423519 319451 517436 515311 305717
588593 517743 389590 628508 455169 565802 452289 530965 529766 425698 623683 621559 411964
531945 461095 332943 571860 398521 509154 395642 474317 473118 369050 567036 564911 355317
421495 350645 222493 461410 288071 398704 285192 363867 362669 258600 456585 454461 244866
560927 490077 361925 600843 427503 538136 424623 503299 502100 398032 596018 593893 384299
612901 542052 413899 652817 479477 590111 476597 555273 554075 450006 647992 645867 436273
483951 413101 284948 523866 350527 461160 347648 426323 425124 321056 519041 516917 307322
463152 392303 264150 503068 329728 440361 326849 405524 404325 300257 498243 496117 286524
460818 389968 261816 500733 327394 438027 324514 403190 401991 297923 495909 493784 284190
494357 423508 295355 534273 360933 471566 358054 436729 435531 331462 529448 527323 317730
567422 496572 368420 607337 433998 544631 431119 509794 508595 404527 602513 600388 390793
578518 507668 379515 618433 445093 555727 442214 520890 519691 415622 613608 611483 401889
615216 544366 416214 655132 481792 592425 478913 557588 556389 452321 650307 648182 438589
517318 446468 318316 557234 383894 494527 381015 459690 458491 354423 552409 550284 340689
581852 511003 382850 621769 448428 559061 445549 524224 523026 418957 616943 614818 405224
616216 545366 417214 656131 482792 593425 479913 558588 557389 453322 651306 649182 439587
478959 408109 279957 518874 345535 456168 342655 421331 420132 316064 514050 511925 302331
501347 430497 302345 541262 367923 478556 365044 443719 442520 338452 536438 534313 324718
543065 472216 344063 582981 409641 520274 406762 485437 484239 380170 578155 576031 366437
499071 428222 300069 538987 365647 476281 362768 441444 440245 336176 534162 532037 322443
591149 520299 392147 631064 457725 568358 454845 533521 532322 428254 626240 624115 414520
536238 465388 337236 576153 402815 513447 399935 478610 477411 373343 571328 569204 359609
449934 379085 250932 489850 316510 427143 313631 392307 391108 287039 485025 482900 273306
512491 441643 313490 552408 379068 489702 376189 454864 453666 349597 547583 545458 335864
525517 454668 326515 565433 392093 502726 389214 467889 466690 362622 560608 558483 348888
485001 414152 285999 524917 351577 462210 348698 427373 426176 322106 520092 517967 308373
596083 525233 397080 635998 462659 573292 459779 538455 537256 433188 631173 629049 419453
490396 419546 291394 530311 356972 467605 354093 432767 431569 327501 525486 523362 313767
566902 496051 367899 606817 433478 544111 430599 509274 508075 404007 601992 599868 390273
549371 478521 350369 589286 415947 526580 413068 491742 490544 386476 584462 582337 372742
432793 361944 233792 472709 299370 410003 296491 375166 373967 269899 467885 465760 256166
468741 397891 269739 508657 335317 445951 332438 411113 409914 305846 503832 501707 292113
482455 411606 283453 522371 349031 459664 346152 424826 423628 319560 517546 515421 305827
459208 388357 260205 499122 325783 436416 322904 401579 400380 296312 494298 492173 282579
478896 408047 279894 518812 345472 456105 342593 421268 420070 316001 513987 511862 302268
472629 401780 273628 512545 339206 449839 336327 415002 413803 309735 507720 505596 296001
444389 373540 245387 484304 310965 421598 308086 386761 385562 281494 479479 477355 267760
454238 383388 255236 494154 320814 431446 317935 396610 395411 291343 489329 487204 277610
571127 500278 372125 611043 437702 548337 434824 513499 512301 408232 606218 604093 394499
556624 485774 357621 596540 423199 533833 420320 498996 497797 393728 591714 589589 379995
