48 44
394091 590011 442717 513623 414257 374951 423518 400021 590701 458098 362582 494593 506547 382351 433670 520612 313136 565427 570415 404692 482817 328163 428748 572630 406102 305286 457277 588050 574315 393447 584717 377052 530041 533560 524019 525594 531936 522100 560525 436437 364987 482238 332723 361142
347424 543344 396050 466955 367589 328284 376851 353353 544033 411431 315915 447925 459879 335683 387002 473944 266469 518759 523748 358025 436150 281496 382080 525963 359434 258618 410610 541383 527648 346779 538049 330384 483373 486892 477351 478926 485269 475432 513857 389769 318321 435570 286056 314474
362023 557942 410649 481554 382189 342882 391450 367953 558632 426029 330514 462524 474478 350282 401602 488543 281068 533358 538346 372624 450749 296094 396680 540562 374033 273218 425209 555982 542247 361378 552649 344984 497973 501491 491950 493526 499868 490032 528456 404368 332920 450169 300654 329074
326544 522464 375170 446076 346709 307404 355972 332474 523154 390551 295036 427045 438999 314803 366123 453064 245588 497879 502868 337144 415270 260616 361200 505083 338555 237738 389730 520503 506767 325899 517170 309504 462494 466013 456472 458047 464389 454553 492977 368889 297441 414690 265176 293594
460056 655976 508682 579589 480223 440916 489484 465986 656666 524063 428548 560558 572512 448317 499635 586577 379101 631392 636380 470657 548782 394128 494713 638595 472067 371251 523242 654015 640280 459412 650682 443017 596006 599525 589984 591559 597901 588065 626490 502402 430953 548203 398688 427107
339941 535862 388568 459474 360107 320802 369369 345871 536551 403948 308434 440443 452398 328202 379521 466463 258987 511278 516265 350542 428667 274013 374599 518481 351952 251136 403128 533900 520165 339297 530567 322902 475891 479410 469870 471444 477787 467950 506376 382288 310838 428089 278574 306993
471277 667198 519903 590810 491443 452137 500705 477207 667888 535285 439770 571779 583734 459537 510856 597798 390322 642614 647602 481879 560003 405349 505935 649817 483288 382472 534463 665237 651501 470634 661903 454238 607228 610746 601206 602781 609123 599286 637711 513623 442174 559425 409909 438328
419899 615819 468525 539432 440066 400759 449327 425829 616509 483907 388391 520401 532356 408160 459479 546421 338945 591236 596223 430501 508626 353971 454557 598439 431911 331095 483085 613859 600124 419256 610526 402861 555850 559369 549827 551403 557744 547909 586333 462246 390796 508047 358532 386950
397683 593603 446310 517216 417849 378543 427111 403614 594294 461690 366175 498186 510140 385944 437263 524204 316728 569019 574007 408284 486410 331756 432340 576222 409695 308878 460869 591642 577908 397039 588310 380644 533633 537153 527612 529187 535528 525693 564117 440030 368580 485830 336315 364735
367896 563816 416521 487428 388062 348755 397323 373826 564505 431903 336388 468398 480352 356155 407474 494416 286941 539232 544219 378496 456622 301967 402552 546434 379906 279091 431081 561854 548120 367252 558521 350857 503846 507365 497824 499398 505741 495905 534330 410241 338792 456043 306527 334947
299681 495602 348308 419214 319848 280542 329109 305611 496291 363688 268174 400183 412137 287941 339260 426202 218727 471018 476005 310283 388408 233754 334338 478220 311692 210876 362867 493640 479906 299037 490307 282643 435632 439150 429609 431185 437526 427691 466116 342028 270578 387829 238313 266733
433414 629335 482040 552947 453581 414275 462842 439344 630024 497422 401906 533917 545870 421674 472994 559936 352459 604750 609738 444016 522140 367486 468072 611954 445426 344610 496601 627374 613639 432771 624041 416376 569365 572884 563343 564917 571259 561423 599848 475761 404311 521561 372046 400465
493117 689037 541742 612649 513282 473977 522545 499047 689726 557123 461609 593619 605573 481377 532696 619638 412162 664452 669441 503718 581842 427189 527773 671656 505127 404312 556303 687075 673340 492472 683743 476077 629066 632585 623045 624619 630962 621125 659550 535462 464013 581263 431749 460167
337588 533509 386214 457120 357754 318448 367016 343518 534198 401596 306081 438090 450045 325849 377168 464110 256634 508924 513913 348189 426315 271660 372245 516128 349599 248783 400774 531548 517812 336944 528214 320549 473539 477058 467516 469092 475434 465597 504022 379934 308486 425735 276220 304639
347929 543848 396554 467461 368094 328788 377356 353858 544538 411935 316421 448431 460384 336188 387508 474449 266974 519264 524252 358530 436655 282000 382586 526467 359939 259123 411115 541888 528153 347284 538554 330890 483878 487398 477856 479432 485774 475938 514363 390275 318825 436076 286561 314980
488754 684674 537380 608286 508920 469614 518182 494684 685364 552761 457245 589256 601210 477014 528333 615275 407799 660090 665078 499355 577480 422826 523411 667293 500765 399949 551940 682713 668978 488110 679380 471715 624704 628223 618682 620257 626599 616763 655188 531100 459651 576901 427386 455805
418872 614792 467498 538404 439038 399732 448299 424802 615482 482879 387363 519374 531328 407132 458451 545393 337917 590208 595196 429473 507598 352944 453529 597411 430883 330067 482058 612831 599096 418228 609498 401833 554822 558341 548800 550375 556717 546881 585306 461218 389769 507019 357504 385923
393811 589730 442436 513343 413976 374671 423239 399741 590420 457818 362303 494313 506266 382070 433390 520331 312855 565147 570134 404411 482536 327883 428468 572350 405822 305005 456996 587770 574035 393166 584437 376772 529761 533279 523738 525314 531655 521820 560245 436156 364708 481958 332443 360862
319489 515410 368116 439022 339655 300349 348917 325419 516099 383496 287982 419992 431946 307750 359069 446010 238534 490825 495814 330090 408215 253561 354147 498028 331501 230684 382676 513449 499713 318845 510116 302450 455440 458958 449418 450993 457335 447499 485924 361835 290386 407636 258121 286541
347092 543012 395719 466624 367258 327952 376520 353023 543702 411100 315584 447594 459549 335352 386672 473613 266138 518429 523417 357693 435819 281164 381750 525632 359103 258288 410279 541052 527316 346448 537718 330054 483042 486562 477021 478596 484937 475102 513527 389438 317990 435240 285725 314144
488160 684080 536786 607692 508326 469020 517587 494090 684770 552167 456651 588661 600616 476420 527739 614681 407205 659496 664483 498761 576886 422231 522817 666699 500171 399355 551346 682119 668384 487516 678786 471121 624110 627629 618087 619663 626005 616169 654594 530506 459056 576307 426792 455211
434031 629951 482657 553563 454196 414890 463459 439960 630640 498037 402523 534533 546487 422290 473610 560552 353075 605366 610355 444631 522757 368102 468688 612569 446041 345226 497217 627989 614255 433386 624656 416991 569981 573499 563959 565533 571876 562039 600464 476376 404927 522178 372662 401081
425371 621290 473996 544903 445536 406230 454799 431300 621981 489377 393862 525873 537827 413630 464949 551891 344415 596707 601695 435972 514097 359443 460028 603909 437382 336565 488556 619329 605595 424727 615996 408331 561321 564839 555298 556874 563215 553379 591805 467716 396267 513517 364002 392422
388505 584425 437130 508037 408670 369365 417932 394434 585115 452512 356996 489007 500961 376764 428083 515025 307549 559840 564829 399105 477230 322577 423162 567043 400516 299699 451691 582463 568728 387860 579131 371465 524455 527974 518432 520008 526350 516514 554939 430851 359401 476651 327136 355555
397888 593809 446514 517420 418054 378748 427317 403818 594499 461896 366380 498390 510344 386148 437467 524409 316934 569224 574213 408489 486614 331961 432546 576427 409899 309083 461075 591847 578112 397244 588514 380849 533838 537357 527817 529391 535733 525897 564323 440235 368786 486036 336520 364939
320740 516661 369367 440272 340906 301600 350168 326670 517351 384748 289233 421242 433197 309001 360319 447262 239786 492077 497064 331341 409467 254812 355398 499280 332751 231935 383927 514700 500965 320096 511367 303701 456690 460210 450668 452244 458586 448750 487175 363087 291637 408888 259373 287791
431746 627665 480371 551278 451912 412606 461173 437676 628356 495753 400237 532247 544202 420006 471325 558267 350791 603082 608069 442347 520472 365817 466403 610285 443757 342941 494931 625705 611970 431102 622372 414707 567696 571215 561673 563249 569591 559755 598179 474092 402642 519893 370378 398797
403837 599758 452464 523369 424004 384698 433266 409767 600447 467845 372330 504339 516293 392097 443417 530359 322882 575174 580162 414438 492564 337910 438495 582377 415849 315033 467023 597796 584062 403194 594464 386799 539788 543306 533766 535340 541683 531847 570271 446183 374735 491985 342470 370889
451877 647797 500503 571410 472044 432738 481305 457807 648487 515885 420369 552379 564334 440138 491457 578399 370923 623214 628201 462479 540604 385949 486535 630417 463889 363073 515063 645837 632102 451234 642504 434839 587828 591347 581805 583381 589722 579887 618311 494224 422774 540025 390510 418928
462948 658867 511574 582480 483114 443808 492376 468877 659557 526955 431440 563450 575404 451207 502527 589468 381993 634283 639272 473548 551673 397020 497605 641487 474958 374143 526133 656907 643172 462303 653574 445908 598897 602417 592876 594451 600793 590956 629381 505294 433844 551094 401580 429998
469504 665425 518130 589037 489670 450365 498933 475435 666115 533512 437996 570006 581960 457765 509084 596026 388549 640840 645828 480105 558230 403576 504161 648044 481516 380700 532690 663464 649729 468861 660131 452465 605455 608974 599433 601007 607350 597514 635939 511850 440401 557651 408137 436556
485102 681023 533728 604634 505269 465963 514530 491033 681712 549110 453594 585605 597559 473362 524681 611624 404148 656439 661427 495704 573828 419174 519759 663641 497114 396297 548288 679061 665327 484459 675728 468064 621052 624571 615030 616606 622947 613111 651536 527449 456000 573249 423734 452154
361452 557371 410077 480984 381617 342312 390879 367382 558061 425459 329943 461953 473908 349712 401031 487973 280497 532787 537776 372052 450178 295524 396109 539991 373462 272646 424638 555410 541676 360808 552077 344413 497401 500920 491379 492954 499296 489461 527886 403797 332348 449598 300083 328503
336034 531954 384660 455567 356201 316895 365462 341964 532645 400042 304526 436536 448491 324295 375614 462556 255080 507371 512358 346636 424761 270106 370692 514574 348046 247230 399220 529994 516259 335391 526661 318996 471985 475504 465962 467538 473879 464044 502468 378381 306931 424182 274667 303085
454804 650725 503431 574336 474971 435665 484233 460735 651415 518811 423296 555307 567261 443065 494383 581325 373849 626141 631129 465405 543531 388876 489462 633343 466816 366000 517991 648763 635028 454160 645430 437766 590754 594274 584733 586307 592649 582813 621239 497150 425702 542952 393437 421856
475492 671413 524118 595024 495659 456352 504921 481423 672103 539500 443985 575994 587948 463753 515071 602013 394537 646828 651816 486093 564218 409564 510149 654031 487504 386688 538678 669451 655716 474848 666118 458453 611442 614961 605421 606995 613338 603502 641927 517839 446390 563639 414125 442543
367706 563626 416333 487238 387873 348567 397135 373637 564316 431713 336199 468208 480162 355966 407286 494227 286751 539043 544030 378308 456433 301778 402363 546246 379718 278901 430893 561665 547931 367063 558333 350668 503656 507176 497634 499210 505551 495716 534140 410053 338604 455854 306339 334758
410195 606114 458820 529727 430361 391054 439623 416124 606805 474201 378686 510697 522651 398455 449773 536716 329240 581531 586518 420795 498921 344267 444851 588734 422206 321389 473380 604154 590419 409550 600821 393156 546144 549663 540122 541697 548039 538203 576628 452541 381091 498342 348826 377246
308368 504287 356994 427900 328534 289227 337796 314297 504977 372375 276860 408870 420823 296628 347946 434889 227413 479703 484692 318968 397093 242440 343025 486907 320378 219563 371553 502326 488592 307724 498993 291328 444318 447837 438296 439870 446212 436377 474802 350713 279264 396514 247000 275418
449048 644967 497673 568580 469213 429907 478476 454977 645657 513054 417540 549550 561503 437307 488627 575568 368092 620383 625371 459649 537773 383119 483705 627586 461058 360242 512233 643007 629271 448404 639673 432009 584998 588517 578976 580551 586892 577057 615482 491394 419945 537195 387679 416099
379359 575279 427984 498891 399525 360219 408786 385289 575968 443366 347851 479860 491814 367619 418938 505879 298404 550694 555683 389960 468084 313431 414015 557898 391370 290553 442544 573318 559583 378714 569985 362319 515309 518827 509287 510861 517203 507367 545793 421704 350256 467505 317990 346410
340090 536010 388716 459621 360256 320950 369518 346019 536699 404097 308582 440591 452546 328350 379669 466610 259134 511426 516413 350691 428816 274161 374746 518628 352101 251284 403275 534049 520314 339446 530715 323050 476039 479559 470018 471592 477935 468098 506523 382436 310986 428236 278722 307140
367624 563544 416250 487156 387789 348483 397052 373553 564233 431630 336116 468126 480080 355883 407202 494145 286669 538960 543947 378224 456349 301696 402280 546163 379634 278819 430809 561583 547848 366979 558250 350585 503574 507093 497551 499126 505469 495633 534057 409969 338521 455771 306256 334675
354998 550919 403625 474530 375165 335859 384426 360928 551608 419005 323491 455500 467454 343258 394577 481519 274044 526335 531323 365599 443725 289071 389655 533537 367010 266193 418184 548958 535222 354354 545624 337959 490948 494468 484927 486502 492844 483008 521433 397345 325895 443145 293630 322050
447014 642934 495641 566547 467181 427874 476442 452945 643625 511021 415507 547517 559471 435274 486594 573536 366060 618350 623339 457615 535741 381086 481671 625554 459026 358210 510201 640974 627239 446371 637641 429976 582965 586483 576943 578517 584860 575024 613449 489360 417911 535162 385647 414066
422280 618200 470907 541813 442447 403140 451708 428210 618891 486288 390773 522783 534736 410540 461860 548801 341326 593616 598604 432881 511006 356352 456938 600819 434292 333475 485466 616240 602504 421636 612906 405242 558230 561750 552208 553784 560126 550289 588714 464626 393178 510427 360912 389332
435446 631365 484071 554977 455612 416306 464874 441376 632056 499453 403937 535947 547901 423706 475025 561967 354490 606782 611770 446046 524171 369517 470103 613985 447456 346640 498632 629404 615669 434802 626072 418407 571396 574914 565374 566948 573291 563455 601880 477791 406343 523593 374078 402496
351039 546959 399665 470572 371206 331899 380467 356969 547649 415047 319531 451541 463496 339300 390618 477560 270084 522375 527363 361640 439765 285111 385696 529578 363050 262234 414225 544998 531263 350395 541665 334001 486989 490509 480967 482542 488884 479048 517473 393386 321936 439186 289672 318090
