50 48
412671 402863 646699 506546 604549 415703 450179 408105 586564 654982 547309 570704 478566 549657 598342 623953 392113 558312 575583 575818 655980 665914 386624 575024 637356 499658 512653 623401 405686 574472 542964 482625 673555 412720 405997 640331 388066 566201 434228 435108 449111 445573 479827 679330 415068 649320 451613 668285
343516 333708 577544 437390 535394 346548 381024 338950 517409 585827 478153 501549 409410 480501 529187 554798 322958 489157 506427 506662 586825 596759 317469 505869 568201 430502 443497 554245 336531 505317 473809 413470 604400 343565 336842 571175 318911 497046 365072 365953 379955 376417 410672 610175 345913 580165 382457 599130
326572 316764 560600 420446 518450 329604 364080 322006 500465 568883 461209 484605 392466 463557 512243 537854 306014 472213 489483 489718 569881 579815 300525 488925 551257 413558 426553 537301 319587 488373 456865 396526 587456 326621 319898 554231 301967 480102 348128 349009 363011 359473 393728 593231 328970 563221 365513 582186
347216 337408 581244 441090 539094 350248 384724 342650 521109 589527 481853 505249 413110 484201 532887 558498 326658 492857 510127 510362 590525 600459 321169 509569 571901 434202 447197 557945 340231 509017 477509 417170 608100 347265 340542 574875 322611 500746 368772 369653 383655 380117 414372 613875 349613 583865 386157 602830
286026 276218 520054 379900 477904 289058 323534 281460 459919 528337 420663 444059 351920 423011 471697 497308 265468 431667 448937 449172 529335 539269 259979 448379 510711 373012 386007 496755 279041 447827 416319 355980 546910 286075 279352 513685 261421 439556 307582 308463 322465 318927 353182 552685 288423 522675 324967 541640
255219 245411 489247 349093 447097 258251 292727 250653 429112 497530 389856 413252 321113 392204 440890 466501 234661 400860 418130 418365 498528 508462 229172 417572 479904 342205 355200 465948 248234 417020 385512 325173 516103 255268 248545 482878 230614 408749 276775 277656 291658 288120 322375 521878 257616 491868 294160 510833
404259 394451 638287 498133 596137 407291 441767 399693 578152 646570 538896 562292 470153 541244 589930 615541 383701 549900 567170 567405 647568 657502 378212 566612 628944 491245 504240 614988 397274 566060 534552 474213 665143 404308 397585 631918 379654 557789 425815 426696 440698 437160 471415 670918 406656 640908 443200 659873
286248 276440 520276 380122 478126 289280 323756 281682 460141 528559 420885 444281 352142 423233 471919 497530 265690 431889 449159 449394 529557 539491 260201 448601 510933 373234 386229 496977 279263 448050 416541 356202 547132 286297 279574 513907 261643 439778 307804 308685 322687 319149 353404 552907 288645 522897 325189 541862
391606 381798 625634 485480 583484 394638 429114 387040 565499 633917 526243 549639 457500 528591 577277 602888 371048 537247 554517 554752 634915 644849 365559 553959 616291 478592 491587 602335 384621 553407 521899 461560 652490 391655 384932 619265 367001 545136 413162 414043 428045 424507 458762 658265 394003 628255 430547 647220
265409 255602 499438 359284 457288 268441 302917 260843 439303 507721 400047 423442 331304 402395 451081 476692 244851 411051 428321 428556 508719 518652 239363 427762 490094 352396 365391 476139 258425 427210 395703 335363 526293 265458 258736 493069 240804 418939 286966 287847 301849 298311 332566 532069 267806 502058 304351 521023
312849 303041 546877 406723 504727 315881 350357 308283 486742 555160 447486 470882 378743 449834 498520 524131 292291 458490 475760 475995 556158 566092 286802 475202 537534 399835 412830 523578 305864 474650 443142 382803 573733 312898 306175 540508 288245 466379 334405 335286 349288 345750 380005 579508 315246 549498 351790 568463
267858 258051 501887 361733 459737 270890 305366 263292 441752 510170 402496 425891 333753 404844 453530 479141 247300 413500 430770 431005 511168 521101 241812 430211 492543 354845 367840 478588 260873 429659 398152 337812 528742 267907 261185 495518 243253 421388 289415 290296 304298 300760 335015 534518 270255 504507 306800 523472
281772 271964 515800 375646 473650 284804 319280 277206 455665 524083 416409 439805 347666 418757 467443 493054 261214 427413 444683 444918 525081 535015 255725 444125 506457 368758 381753 492501 274787 443573 412066 351726 542656 281822 275098 509431 257167 435302 303328 304209 318211 314673 348929 548431 284169 518421 320713 537386
407508 397700 641536 501382 599386 410540 445016 402942 581401 649819 542145 565541 473402 544493 593179 618790 386950 553149 570419 570654 650817 660751 381461 569861 632193 494494 507489 618237 400523 569309 537801 477462 668392 407557 400834 635167 382903 561038 429064 429945 443947 440409 474664 674167 409905 644157 446449 663122
387950 378142 621978 481824 579828 390982 425458 383384 561843 630261 522587 545983 453844 524935 573621 599232 367392 533591 550861 551096 631259 641193 361903 550303 612635 474936 487931 598679 380965 549751 518243 457904 648834 387999 381276 615609 363345 541480 409506 410387 424389 420851 455106 654609 390347 624599 426891 643564
431899 422092 665928 525774 623778 434931 469408 427334 605793 674211 566537 589933 497794 568885 617571 643182 411341 577541 594811 595046 675209 685142 405853 594253 656584 518886 531881 642629 424915 593701 562193 501853 692784 431949 425226 659559 407295 585429 453456 454337 468339 464801 499056 698559 434297 668548 470841 687513
373154 363346 607182 467028 565032 376186 410662 368588 547047 615465 507791 531187 439048 510139 558825 584436 352596 518795 536065 536300 616463 626397 347107 535507 597839 460140 473135 583883 366169 534955 503447 443108 634038 373203 366480 600813 348549 526684 394710 395591 409594 406055 440310 639813 375551 609803 412095 628768
388064 378256 622092 481938 579942 391096 425572 383498 561957 630376 522701 546097 453958 525049 573735 599346 367506 533705 550975 551210 631373 641307 362017 550417 612749 475050 488045 598793 381079 549865 518357 458018 648948 388113 381391 615723 363459 541594 409620 410501 424503 420965 455220 654723 390461 624713 427005 643678
369479 359671 603507 463353 561357 372511 406987 364913 543372 611790 504116 527512 435373 506464 555150 580761 348921 515120 532390 532625 612788 622722 343432 531832 594164 456465 469460 580208 362494 531280 499772 439433 630363 369528 362805 597138 344874 523009 391035 391916 405918 402380 436635 636138 371876 606128 408420 625093
394324 384517 628353 488199 586203 397356 431832 389759 568218 636636 528962 552358 460219 531310 579996 605607 373766 539966 557236 557471 637634 647567 368278 556677 619009 481311 494306 605054 387340 556126 524618 464278 655209 394373 387651 621984 369720 547854 415881 416762 430764 427226 461481 660984 396722 630973 433266 649938
289120 279312 523148 382994 480998 292152 326628 284554 463013 531431 423757 447153 355014 426105 474791 500402 268562 434761 452031 452266 532429 542363 263073 451473 513805 376106 389101 499849 282135 450921 419413 359074 550004 289169 282446 516779 264515 442650 310676 311557 325559 322021 356276 555779 291517 525769 328061 544734
364539 354732 598567 458413 556417 367571 402047 359973 538432 606850 499176 522572 430433 501524 550210 575821 343981 510180 527450 527685 607848 617782 338492 526892 589224 451525 464520 575268 357554 526340 494832 434493 625423 364588 357865 592198 339934 518069 386095 386976 400978 397440 431695 631198 366936 601188 403480 620153
235689 225881 469717 329563 427567 238721 273197 231123 409582 478000 370326 393722 301583 372674 421360 446971 215131 381330 398600 398835 478998 488932 209642 398042 460374 322675 335670 446418 228704 397490 365982 305643 496573 235738 229015 463348 211084 389219 257245 258126 272128 268590 302845 502348 238086 472338 274630 491303
251747 241939 485775 345621 443625 254779 289255 247181 425640 494058 386384 409780 317641 388732 437418 463029 231189 397388 414658 414893 495056 504990 225700 414100 476432 338733 351728 462476 244762 413548 382040 321701 512631 251796 245073 479406 227142 405277 273303 274184 288186 284648 318903 518406 254144 488396 290688 507361
339441 329633 573469 433316 531320 342473 376949 334875 513335 581752 474079 497474 405336 476427 525113 550723 318883 485082 502353 502588 582751 592684 313394 501794 564126 426428 439423 550171 332456 501242 469734 409395 600325 339490 332768 567101 314836 492971 360998 361879 375881 372343 406598 606100 341838 576090 378383 595055
383851 374043 617879 477725 575729 386883 421359 379285 557744 626162 518488 541884 449745 520836 569522 595133 363293 529492 546762 546997 627160 637094 357804 546204 608536 470837 483832 594580 376866 545652 514144 453805 644735 383900 377177 611510 359246 537381 405407 406288 420290 416752 451007 650510 386248 620500 422792 639465
385977 376169 620005 479851 577855 389009 423485 381411 559870 628288 520614 544010 451871 522962 571648 597259 365419 531618 548888 549123 629286 639220 359930 548330 610662 472963 485958 596706 378992 547778 516270 455931 646861 386026 379303 613636 361372 539507 407533 408414 422416 418878 453133 652636 388374 622626 424918 641591
318677 308869 552705 412551 510556 321709 356185 314111 492570 560988 453315 476710 384571 455662 504348 529959 298119 464318 481588 481823 561986 571920 292630 481030 543362 405663 418658 529406 311692 480478 448970 388631 579561 318726 312003 546336 294072 472207 340233 341114 355116 351578 385833 585336 321074 555326 357618 574291
362155 352347 596183 456029 554033 365187 399663 357589 536048 604466 496792 520188 428049 499140 547826 573437 341597 507796 525066 525301 605464 615398 336108 524508 586840 449141 462136 572884 355170 523956 492448 432109 623039 362204 355481 589814 337550 515685 383711 384592 398594 395057 429311 628814 364552 598804 401096 617769
361937 352129 595965 455811 553815 364969 399445 357371 535830 604248 496574 519970 427831 498922 547608 573219 341379 507578 524848 525083 605246 615180 335890 524290 586622 448923 461918 572666 354952 523738 492230 431891 622821 361986 355263 589596 337332 515467 383493 384374 398376 394838 429093 628596 364334 598586 400878 617551
422986 413178 657014 516860 614864 426018 460494 418420 596879 665297 557623 581019 488880 559971 608657 634268 402428 568627 585897 586132 666295 676229 396939 585339 647671 509972 522967 633715 416001 584787 553279 492940 683870 423035 416312 650645 398381 576516 444542 445423 459425 455887 490142 689645 425383 659635 461927 678600
249709 239901 483737 343583 441587 252741 287217 245143 423602 492020 384346 407742 315603 386694 435380 460991 229151 395350 412620 412855 493018 502952 223662 412062 474394 336695 349690 460438 242724 411510 380002 319663 510593 249758 243035 477368 225104 403239 271265 272146 286148 282610 316865 516368 252106 486358 288650 505323
329538 319730 563566 423413 521416 332570 367046 324972 503431 571849 464175 487571 395432 466523 515209 540820 308980 475179 492450 492684 572847 582781 303491 491891 554223 416525 429519 540267 322553 491339 459831 399492 590422 329587 322864 557197 304933 483068 351094 351975 365977 362439 396694 596197 331935 566187 368479 585152
276944 267136 510972 370819 468822 279976 314452 272378 450837 519255 411581 434977 342838 413929 462615 488226 256386 422585 439855 440090 520253 530187 250897 439297 501629 363930 376925 487673 269959 438745 407237 346898 537828 276993 270270 504603 252339 430474 298500 299381 313383 309845 344100 543603 279341 513593 315885 532558
250796 240987 484823 344669 442673 253827 288303 246229 424688 493106 385432 408828 316689 387780 436466 462077 230237 396436 413706 413941 494104 504038 224748 413148 475480 337781 350776 461524 243810 412596 381088 320749 511679 250844 244121 478454 226190 404325 272351 273232 287234 283697 317951 517454 253192 487444 289736 506409
353006 343198 587034 446880 544884 356038 390514 348440 526899 595317 487643 511039 418900 489991 538677 564288 332448 498647 515917 516152 596315 606249 326959 515359 577691 439992 452987 563735 346021 514807 483299 422960 613890 353055 346332 580665 328401 506536 374562 375443 389445 385907 420162 619665 355403 589655 391947 608620
425489 415681 659517 519363 617367 428521 462997 420923 599382 667800 560126 583522 491383 562474 611160 636771 404932 571130 588400 588635 668798 678732 399442 587842 650174 512475 525470 636218 418504 587290 555782 495443 686373 425538 418815 653148 400884 579019 447045 447926 461928 458390 492645 692148 427886 662138 464430 681103
348624 338816 582652 442498 540502 351656 386132 344058 522517 590935 483261 506657 414518 485609 534295 559906 328066 494265 511535 511770 591933 601867 322577 510977 573309 435610 448605 559353 341639 510425 478917 418578 609508 348673 341950 576283 324019 502154 370180 371061 385063 381525 415780 615283 351021 585273 387565 604238
247985 238177 482013 341859 439863 251017 285493 243419 421878 490296 382622 406018 313879 384970 433656 459267 227427 393626 410896 411131 491294 501228 221938 410338 472670 334971 347966 458714 241000 409786 378278 317939 508869 248034 241311 475644 223380 401515 269541 270422 284424 280886 315141 514644 250382 484634 286926 503599
269821 260013 503849 363695 461699 272853 307329 265255 443714 512132 404458 427854 335715 406806 455492 481103 249263 415462 432732 432967 513130 523064 243774 432174 494506 356807 369802 480550 262836 431622 400114 339775 530705 269870 263147 497481 245216 423351 291377 292258 306260 302722 336977 536480 272218 506470 308762 525435
273145 263337 507173 367020 465023 276177 310653 268579 447038 515456 407782 431178 339040 410130 458816 484427 252587 418786 436057 436291 516454 526388 247098 435498 497830 360132 373126 483874 266160 434946 403438 343099 534029 273194 266471 500804 248540 426675 294701 295582 309584 306046 340301 539804 275542 509794 312086 528759
275732 265924 509760 369606 467610 278764 313240 271166 449625 518043 410369 433765 341626 412717 461403 487014 255174 421373 438643 438878 519041 528975 249685 438085 500417 362718 375713 486461 268747 437533 406025 345686 536616 275781 269058 503391 251127 429262 297288 298169 312171 308633 342888 542391 278129 512381 314673 531346
307958 298150 541986 401832 499836 310990 345466 303392 481851 550269 442595 465991 373852 444943 493629 519240 287400 453600 470869 471104 551267 561201 281911 470311 532643 394944 407939 518687 300973 469759 438251 377912 568842 308007 301284 535617 283353 461489 329515 330395 344397 340859 375114 574617 310355 544607 346899 563572
400435 390627 634463 494309 592313 403467 437943 395869 574328 642746 535072 558468 466329 537420 586106 611717 379877 546076 563346 563581 643744 653678 374388 562788 625120 487421 500416 611164 393450 562236 530728 470389 661319 400484 393761 628094 375830 553965 421991 422872 436874 433336 467591 667094 402832 637084 439376 656049
317983 308175 552011 411857 509861 321015 355491 313417 491876 560295 452620 476016 383877 454968 503654 529265 297425 463624 480894 481129 561292 571226 291936 480336 542668 404969 417964 528712 310998 479784 448276 387937 578867 318032 311309 545642 293378 471513 339539 340420 354422 350884 385139 584642 320380 554632 356924 573597
429793 419985 663821 523668 621671 432825 467301 425227 603686 672104 564430 587826 495688 566778 615464 641075 409235 575434 592705 592940 673102 683036 403746 592146 654478 516780 529775 640523 422808 591594 560086 499747 690677 429842 423119 657453 405188 583323 451350 452230 466233 462695 496949 696452 432190 666442 468735 685407
406900 397092 640928 500774 598778 409932 444408 402334 580793 649211 541537 564933 472794 543885 592571 618182 386342 552541 569811 570046 650209 660143 380853 569253 631585 493886 506881 617629 399915 568701 537193 476854 667784 406949 400226 634559 382295 560430 428456 429337 443339 439801 474056 673559 409297 643549 445841 662514
338306 328498 572334 432181 530184 341338 375814 333740 512199 580617 472943 496339 404201 475291 523977 549588 317748 483947 501218 501452 581615 591549 312259 500659 562991 425293 438287 549035 331321 500107 468599 408260 599190 338355 331632 565965 313701 491836 359862 360743 374745 371208 405462 604965 340703 574955 377247 593920
297516 287708 531544 391390 489394 300548 335024 292951 471409 539827 432153 455549 363410 434501 483187 508798 276958 443157 460427 460662 540825 550759 271469 459869 522201 384502 397497 508245 290531 459317 427809 367470 558400 297565 290842 525175 272911 451046 319072 319953 333955 330417 364672 564175 299913 534165 336457 553130
416349 406541 650377 510223 608227 419381 453857 411783 590242 658660 550986 574382 482243 553334 602020 627631 395791 561990 579260 579495 659658 669592 390302 578702 641034 503335 516330 627078 409364 578150 546642 486303 677233 416398 409675 644008 391744 569879 437905 438786 452788 449250 483505 683008 418746 652998 455290 671963
