50 48
426428 544518 351565 568165 598669 571930 567276 546785 543129 571927 465753 547631 522977 429821 573556 422322 638882 576463 427042 519053 382174 457770 514921 446371 432598 480504 340513 596062 461953 363686 486863 575186 662499 421805 571132 528432 431837 399086 648214 380179 572910 444166 631742 463271 472283 610063 630834 568270
391026 533865 365661 557512 588016 586026 581372 536132 532476 561274 479849 536978 487575 443917 562903 386920 652978 565810 441138 483651 371521 471866 504268 410969 397196 469851 354609 585409 451300 377782 500959 564533 627097 386403 560479 493030 421184 388433 612812 369526 537508 458262 645838 452618 436881 599410 620181 532868
420461 588049 370347 562198 617451 615461 586058 590316 561911 615458 484535 566413 541759 448603 592338 441104 682413 595245 445824 513086 400956 501301 533703 465153 426631 499286 384044 614844 505484 382468 530394 593968 681281 415838 565165 522465 425870 393119 666996 423710 591692 462948 650524 482053 491065 628845 624867 587052
412117 554956 362003 553854 609107 582368 577714 557223 578316 582365 500940 558069 508666 465008 583994 408011 649320 562152 462229 529491 367863 492957 550108 432060 418287 490942 350951 606500 497140 398873 497301 610373 672937 432243 556821 514121 442275 409524 658652 415366 583348 479353 666929 473709 457972 620501 641272 553959
329324 496912 279210 471061 526314 524324 494921 499179 470774 524321 393398 475276 450622 357466 501201 349967 591276 504108 354687 421949 309819 410164 442566 374016 335494 408149 292907 523707 414347 291331 439257 502831 590144 324701 474028 431328 334733 301982 575859 332573 500555 371811 559387 390916 399928 537708 533730 495915
462446 605285 437081 628932 659436 657446 652792 607552 603896 632694 551269 608398 558995 515337 634323 458340 724398 637230 512558 555071 442941 543286 575688 482389 468616 541271 426029 656829 522720 449202 572379 635953 698517 457823 631899 564450 492604 459853 684232 440946 608928 529682 717258 524038 508301 670830 691601 604288
436172 603760 386058 602658 608413 631172 626518 606027 602371 606420 500246 582124 532721 489063 583300 456815 698124 586207 461535 553546 416667 492263 574163 480864 442342 514997 375006 630555 496446 422928 521356 609679 672243 456298 580876 562925 441581 433579 682707 439421 582654 478659 666235 473015 506776 669305 665327 602763
479969 647557 429855 646455 676959 674969 670315 649824 621419 650217 568792 650670 576518 532860 627097 500612 741921 630004 505332 572594 435715 560809 617960 524661 486139 583543 418803 674352 564992 466725 565153 653476 740789 475346 649422 581973 485378 452627 701755 483218 651200 522456 710032 541561 550573 688353 684375 621811
328963 496551 278849 470700 525953 523963 494560 498818 470413 523960 393037 474915 450261 357105 500840 349606 590915 503747 354326 421588 309458 409803 442205 373655 335133 407788 292546 523346 413986 290970 438896 502470 589783 324340 473667 430967 334372 301621 575498 332212 500194 371450 559026 390555 399567 537347 533369 495554
460877 578967 386014 602614 633118 631128 601725 605983 577578 631125 500202 582080 532677 489019 583256 456771 673331 586163 486240 528753 416623 492219 574119 480820 442298 514953 374962 630511 496402 422884 521312 634384 696948 431505 605581 538132 466286 408786 682663 414628 582610 478615 690940 497720 481983 669261 665283 602719
475229 642817 425115 641715 672219 645480 640826 645084 641428 670226 539303 645930 571778 503371 647106 495872 737181 650013 500592 567854 455724 531320 588471 519921 481399 578803 414063 644863 560252 461985 560413 648736 736049 470606 619933 601982 505387 472636 697015 453729 646460 517716 705292 536821 545833 708362 679635 617071
339518 457608 289404 456506 487010 509769 505115 459875 456219 509766 378843 460721 436067 342911 461897 335412 551972 464804 340132 407394 270515 395609 428011 359461 345688 393594 253603 509152 399792 276776 399953 488276 575589 310146 484222 441522 344927 312176 536555 318018 461251 382005 569581 351612 385373 547902 543924 481360
323823 491411 273709 465560 520813 494074 489420 468929 490022 494071 387897 469775 420372 351965 495700 319717 585775 473858 373935 441197 304318 404663 461814 368515 329993 402648 287406 493457 408846 285830 433756 497330 584643 343949 468527 450576 329232 321230 545609 327072 470305 391059 578635 360666 394427 532207 552978 490414
412305 579893 362191 554042 609295 607305 577902 582160 553755 607302 476379 558257 533603 440447 584182 432948 674257 587089 437668 504930 392800 493145 525547 456997 418475 491130 375888 606688 497328 374312 522238 585812 673125 407682 557009 514309 417714 384963 658840 415554 583536 454792 642368 473897 482909 620689 616711 578896
493767 636606 443653 610755 666008 664018 659364 614124 635217 639266 533092 614970 565567 521909 640895 464912 706221 619053 494381 586392 449513 549858 582260 488961 499937 572592 407852 663401 529292 431025 554202 642525 729838 489144 613722 595771 474427 466425 715553 472267 640249 511505 699081 505861 539622 677402 673424 635609
394207 561795 344093 535944 566448 564458 584553 564062 535657 589204 483030 540159 490756 447098 566084 414850 631410 544242 419570 486832 374702 475047 507449 438899 400377 473032 357790 588590 479230 380963 504140 592463 655027 414333 563660 496211 424365 366865 640742 372707 540689 461443 649019 431050 440062 602591 598613 536049
401885 544724 351771 543622 574126 572136 592231 546991 568084 596882 465959 547837 498434 430027 573762 422528 663837 576669 451997 519259 357631 457976 515127 446577 408055 505459 365468 596268 486908 388641 511818 600141 637956 397262 546589 503889 407294 374543 648420 405134 548367 469121 656697 463477 472489 610269 606291 568476
286089 453677 235975 427826 483079 456340 451686 455944 452288 456337 374912 456790 382638 314231 457966 306732 548041 460873 336201 403463 266584 342180 399331 306032 292259 364914 224923 455723 346363 248096 371273 459596 546909 281466 455542 412842 316247 258747 532624 264589 457320 353325 516152 322932 356693 519222 515244 452680
340527 508115 290413 482264 537517 535527 506124 510382 481977 535524 404601 486479 461825 368669 512404 361170 602479 515311 365890 433152 321022 421367 453769 385219 346697 419352 304110 534910 425550 302534 450460 514034 601347 335904 485231 442531 345936 313185 587062 343776 511758 383014 570590 402119 411131 548911 544933 507118
403802 571390 353688 545539 600792 598802 569399 573657 545252 598799 467876 549754 525100 431944 575679 424445 665754 578586 429165 496427 384297 484642 517044 448494 409972 482627 367385 598185 488825 365809 513735 577309 664622 399179 548506 505806 409211 376460 650337 407051 575033 446289 633865 465394 474406 612186 608208 570393
382895 500985 332781 524632 555136 528397 548492 503252 499596 528394 446969 528847 454695 411037 505274 378789 595349 508181 383509 450771 338641 438986 471388 402838 389065 436971 296980 552529 418420 344902 468079 556402 594217 353523 502850 460150 388304 355553 579932 361395 504628 425382 588209 419738 428750 591279 562552 499988
346216 513804 296102 487953 518457 516467 536562 516071 487666 541213 435039 492168 442765 399107 518093 366859 583419 496251 371579 438841 326711 427056 459458 390908 352386 425041 309799 540599 431239 332972 456149 544472 607036 366342 515669 448220 376374 318874 592751 324716 492698 413452 601028 383059 392071 554600 550622 488058
422450 590038 372336 564187 619440 617450 588047 592305 563900 617447 486524 568402 543748 450592 594327 443093 684402 597234 447813 515075 402945 503290 535692 467142 428620 501275 386033 616833 507473 384457 532383 595957 683270 417827 567154 524454 427859 395108 668985 425699 593681 464937 652513 484042 493054 630834 626856 589041
301643 469231 251529 468129 473884 496643 491989 471498 467842 471891 365717 447595 398192 354534 448771 322286 563595 451678 327006 419017 282138 357734 439634 346335 307813 380468 240477 496026 361917 288399 386827 475150 537714 321769 446347 428396 307052 299050 548178 304892 448125 344130 531706 338486 372247 534776 530798 468234
409940 552779 359826 551677 557432 580191 550788 555046 551390 555439 474014 555892 506489 438082 557068 381085 647143 559975 435303 477816 340937 441282 523182 429883 391361 464016 324025 579574 445465 347198 495124 558698 621262 380568 529895 487195 390600 382598 606977 388440 556422 427678 615254 446783 455795 593575 589597 527033
362044 480134 287181 503781 509536 532295 527641 482401 503494 507543 426118 483247 433844 365437 509172 357938 574498 487330 387407 429920 317790 393386 450537 381987 343465 416120 276129 531678 397569 299302 422479 510802 573366 357421 506748 439299 342704 334702 559081 340544 508526 404531 592107 398887 407899 570428 566450 503886
384543 552131 334429 526280 581533 579543 550140 554398 525993 579540 448617 530495 505841 412685 556420 405186 646495 559327 409906 477168 365038 465383 497785 429235 390713 463368 348126 578926 469566 346550 494476 558050 645363 379920 529247 486547 389952 357201 631078 387792 555774 427030 614606 446135 455147 592927 588949 551134
498570 641409 448456 640307 646062 644072 639418 618927 615271 644069 537895 644522 595119 526712 620949 494464 711024 648605 523933 591195 454316 529912 587063 518513 504740 552646 437404 668204 534095 460577 559005 647328 709892 469198 618525 600574 479230 471228 695607 452321 645052 516308 728633 535413 544425 682205 678227 640412
342198 460288 267335 483935 514439 487700 483046 462555 458899 487697 381523 463401 438747 345591 489326 338092 554652 492233 342812 434823 297944 373540 430691 362141 348368 396274 256283 511832 377723 279456 402633 490956 578269 337575 486902 444202 347607 314856 563984 295949 488680 359936 547512 379041 388053 525833 546604 484040
330901 448991 256038 472638 503142 501152 471749 476007 447602 501149 370226 452104 402701 359043 453280 326795 543355 456187 356264 398777 286647 362243 444143 350844 312322 384977 244986 500535 366426 292908 391336 504408 566972 301529 475605 408156 336310 278810 552687 284652 452634 348639 560964 367744 352007 539285 535307 472743
343681 486520 293567 510167 515922 513932 509278 513536 509880 538678 407755 489633 440230 396572 515558 339575 605633 518465 393793 436306 299427 399772 456923 388373 374600 422506 282515 513315 403955 305688 453614 541937 579752 363807 488385 470434 373839 341088 590216 322181 514912 410917 598493 405273 414285 552065 548087 510272
422083 564922 371969 563820 569575 567585 562931 542440 538784 567582 461408 568035 518632 450225 544462 417977 634537 572118 447446 514708 377829 453425 510576 442026 428253 476159 360917 591717 457608 384090 482518 570841 633405 392711 542038 524087 402743 394741 619120 375834 568565 439821 652146 458926 467938 605718 601740 563925
466873 609712 392010 583861 614365 612375 607721 611979 583574 637121 506198 588076 563422 495015 589252 462767 704076 616908 492236 559498 397870 522964 580115 486816 473043 520949 380958 611758 502398 428880 527308 640380 702944 462250 611577 544128 472282 439531 663910 445373 588606 484611 672187 478967 487979 650508 646530 608715
297924 465512 247810 439661 494914 492924 463521 467779 439374 492921 361998 443876 419222 326066 469801 318567 559876 472708 323287 390549 278419 378764 411166 342616 304094 376749 261507 492307 382947 259931 407857 471431 558744 293301 442628 399928 303333 270582 544459 301173 469155 340411 527987 359516 368528 506308 502330 464515
379507 547095 329393 521244 576497 574507 545104 549362 520957 574504 443581 525459 500805 407649 551384 400150 641459 554291 404870 472132 360002 460347 492749 424199 385677 458332 343090 573890 464530 341514 489440 553014 640327 374884 524211 481511 384916 352165 626042 382756 550738 421994 609570 441099 450111 587891 583913 546098
425362 592950 375248 567099 622352 620362 590959 595217 566812 620359 489436 571314 546660 453504 597239 446005 687314 600146 450725 517987 405857 506202 538604 470054 431532 504187 388945 619745 510385 387369 535295 598869 686182 420739 570066 527366 430771 398020 671897 428611 596593 467849 655425 486954 495966 633746 629768 591953
391044 533883 340930 532781 588034 561295 556641 536150 557243 561292 479867 536996 487593 443935 562921 386938 628247 541079 441156 508418 346790 471884 529035 410987 397214 469869 329878 585427 476067 377800 476228 589300 651864 411170 535748 493048 421202 388451 637579 394293 562275 458280 645856 452636 436899 599428 620199 532886
439968 558058 365105 581705 612209 585470 605565 585074 581418 610216 479293 561171 536517 468110 587096 411113 652422 565254 440582 507844 395714 471310 553210 435162 446138 494044 378802 609602 475493 377226 500403 588726 676039 410596 584672 517223 420628 412626 661754 418468 561701 482455 645282 452062 485823 648352 644374 557061
437419 580258 387305 603905 609660 607670 603016 607274 603618 632416 501493 583371 533968 490310 609296 433313 699371 612203 487531 530044 393165 493510 550661 482111 468338 516244 376253 607053 497693 399426 547352 635675 673490 457545 582123 564172 467577 434826 683954 415919 608650 504655 692231 499011 508023 645803 641825 604010
463681 606520 388818 580669 635922 609183 604529 608787 605131 609180 527755 609633 535481 467074 586060 459575 700884 613716 464295 531557 419427 519772 576923 458875 469851 517757 377766 633315 523955 425688 548865 637188 675003 459058 583636 540936 444341 411590 660718 417432 610163 481419 668995 500524 484787 647316 668087 605523
397646 565234 347532 564132 594636 567897 563243 567501 563845 592643 461720 568347 494195 425788 569523 418289 659598 572430 423009 490271 378141 453737 510888 442338 403816 501220 336480 567280 482669 384402 482830 571153 658466 393023 542350 524399 427804 395053 619432 376146 568877 440133 627709 459238 468250 630779 602052 539488
435598 578437 360735 552586 583090 581100 601195 580704 577048 581097 499672 581550 532147 438991 582726 406743 672801 560884 460961 528223 366595 491689 524091 455541 417019 514423 374432 580483 471123 397605 520782 609105 671669 406226 555553 512853 416258 408256 632635 389349 582080 453336 665661 447692 456704 619233 615255 577440
414218 581806 364104 555955 611208 609218 579815 584073 555668 609215 478292 560170 535516 442360 586095 434861 676170 589002 439581 506843 394713 495058 527460 458910 420388 493043 377801 608601 499241 376225 524151 587725 675038 409595 558922 516222 419627 386876 660753 417467 585449 456705 644281 475810 484822 622602 618624 580809
365015 483105 314901 482003 512507 535266 530612 485372 481716 535263 404340 486218 461564 368408 487394 360909 577469 490301 365629 432891 296012 421106 453508 384958 371185 419091 279100 534649 425289 302273 425450 513773 601086 335643 509719 467019 370424 337673 562052 343515 486748 407502 595078 377109 410870 573399 569421 506857
360446 503285 310332 477434 507938 530697 526043 505552 477147 505945 424520 481649 432246 388588 482825 356340 597649 485732 361060 428322 316192 416537 448939 355640 366616 439271 299280 505331 420720 297704 420881 533953 596517 331074 480401 462450 341106 333104 582232 314197 506928 402933 565760 397289 381552 544081 540103 477539
345149 463239 295035 486886 517390 490651 485997 490255 486599 515397 409223 491101 441698 348542 467528 316294 582352 470435 370512 413025 276146 376491 433642 340343 326570 423974 283983 514783 405423 307156 430333 493907 556471 315777 465104 422404 325809 293058 566935 323649 466882 387636 575212 357243 366255 528784 549555 486991
491714 609804 416851 608702 663955 661965 657311 636820 633164 661962 555788 637666 588263 519856 614093 487608 728917 617000 517077 559590 447460 523056 580207 511657 473135 545790 405799 661348 527239 428972 576898 665221 703036 462342 636418 593718 472374 439623 688751 445465 638196 509452 697028 503808 537569 675349 671371 633556
347021 489860 296907 488758 494513 517272 487869 492127 488471 492520 411095 492973 443570 375163 494149 318166 584224 497056 372384 414897 278018 378363 460263 366964 328442 401097 261106 516655 382546 284279 432205 495779 558343 317649 466976 424276 327681 319679 544058 325521 493503 364759 552335 383864 392876 530656 526678 464114
350341 517929 300227 492078 547331 545341 515938 520196 491791 545338 414415 496293 471639 378483 522218 370984 612293 525125 375704 442966 330836 431181 463583 395033 356511 429166 313924 544724 435364 312348 460274 523848 611161 345718 495045 452345 355750 322999 596876 353590 521572 392828 580404 411933 420945 558725 554747 516932
373069 540657 322955 514806 570059 568069 538666 542924 514519 568066 437143 519021 494367 401211 544946 393712 635021 547853 398432 465694 353564 453909 486311 417761 379239 451894 336652 567452 458092 335076 483002 546576 633889 368446 517773 475073 378478 345727 619604 376318 544300 415556 603132 434661 443673 581453 577475 539660
