99 15
496025 454478 405313 622074 532995 531152 623841 653408 445483 599633 571826 578611 535059 585817 661735
416481 374935 325769 542531 453451 451608 544297 573865 365939 520089 492283 499068 455515 506273 582192
352627 311081 261915 478677 389597 387754 480443 510010 302085 456235 428428 435214 391661 442419 518337
416387 374840 325674 542436 453357 451514 544203 573770 365845 519994 492188 498973 455421 506179 582097
471202 429655 380489 597251 508172 506329 599018 628585 420660 574810 547003 553788 510236 560994 636912
411195 369649 320483 537245 448165 446322 539011 568578 360653 514803 486996 493781 450229 500987 576905
334169 292623 243457 460219 371139 369296 461985 491552 283627 437777 409970 416755 373203 423961 499879
333101 291555 242389 459151 370071 368228 460917 490484 282559 436709 408902 415687 372135 422893 498811
459244 417697 368531 585293 496213 494370 587059 616627 408701 562851 535045 541830 498277 549036 624954
514003 472457 423291 640053 550973 549130 641819 671386 463461 617611 589804 596590 553037 603795 679713
453407 411861 362695 579457 490377 488534 581223 610791 402865 557015 529209 535994 492441 543199 619118
510976 469429 420264 637025 547946 546103 638792 668359 460434 614584 586777 593562 550010 600768 676686
401523 359977 310811 527573 438493 436650 529339 558906 350981 505131 477324 484109 440557 491315 567233
438083 396537 347371 564133 475053 473210 565899 595467 387541 541691 513885 520670 477117 527875 603793
398767 357220 308055 524817 435737 433894 526583 556150 348225 502375 474568 481353 437801 488559 564477
348984 307437 258272 475034 385954 384111 476800 506367 298442 452592 424785 431570 388018 438776 514694
411248 369701 320535 537297 448217 446374 539063 568631 360705 514855 487049 493834 450281 501040 576958
436683 395136 345971 562733 473653 471810 564499 594066 386141 540291 512484 519269 475717 526475 602393
517527 475981 426815 643577 554497 552654 645343 674911 466985 621135 593329 600114 556561 607319 683237
469708 428161 378995 595757 506677 504834 597523 627091 419165 573315 545509 552294 508741 559499 635418
494489 452942 403776 620538 531458 529615 622304 651872 443946 598096 570290 577075 533522 584280 660199
374088 332541 283375 500137 411057 409214 501903 531471 323546 477695 449889 456674 413121 463880 539798
472773 431226 382061 598822 509743 507900 600589 630156 422231 576381 548574 555359 511807 562565 638483
479336 437789 388623 605385 516306 514463 607152 636719 428794 582943 555137 561922 518369 569128 645046
484705 443159 393993 610755 521675 519832 612521 642089 434163 588313 560506 567292 523739 574497 650415
370586 329039 279874 496635 407556 405713 498402 527969 320044 474194 446387 453172 409620 460378 536296
435392 393845 344679 561441 472361 470518 563207 592775 384849 538999 511193 517978 474425 525184 601102
458533 416986 367820 584582 495503 493659 586349 615916 407991 562140 534334 541119 497566 548325 624243
431607 390060 340894 557656 468577 466733 559423 588990 381065 535214 507408 514193 470640 521399 597317
440194 398647 349481 566243 477163 475320 568009 597577 389652 543801 515995 522780 479227 529986 605904
360284 318738 269572 486334 397254 395411 488100 517668 309742 463892 436085 442871 399318 450076 525994
361924 320377 271211 487973 398893 397050 489739 519307 311382 465531 437725 444510 400957 451716 527634
333035 291489 242323 459085 370005 368162 460851 490418 282493 436643 408836 415621 372069 422827 498745
322322 280775 231609 448371 359292 357449 450138 479705 271780 425930 398123 404908 361356 412114 488032
379241 337694 288528 505290 416210 414367 507056 536624 328699 482848 455042 461827 418274 469033 544951
396777 355230 306065 522827 433747 431904 524593 554160 346235 500385 472578 479363 435811 486569 562487
327691 286145 236979 453741 364661 362818 455507 485075 277149 431299 403493 410278 366725 417483 493401
392977 351430 302264 519026 429946 428103 520792 550360 342434 496584 468778 475563 432010 482768 558687
385695 344148 294982 511744 422665 420821 513511 543078 335153 489302 461496 468281 424728 475487 551405
446666 405119 355953 572715 483635 481792 574482 604049 396124 550273 522467 529252 485699 536458 612376
346870 305323 256157 472919 383840 381997 474686 504253 296328 450477 422671 429456 385903 436662 512580
394266 352719 303553 520315 431235 429392 522082 551649 343724 497873 470067 476852 433299 484058 559976
471508 429961 380795 597557 508477 506634 599323 628891 420966 575115 547309 554094 510541 561300 637218
456205 414659 365493 582255 493175 491332 584021 613589 405663 559813 532007 538792 495239 545997 621915
389895 348349 299183 515945 426865 425022 517711 547279 339353 493503 465696 472482 428929 479687 555605
519660 478114 428948 645710 556630 554787 647476 677044 469118 623268 595462 602247 558694 609452 685371
386658 345112 295946 512708 423628 421785 514474 544041 336116 490266 462459 469244 425692 476450 552368
335154 293607 244441 461203 372124 370281 462970 492537 284612 438762 410955 417740 374188 424946 500864
486755 445209 396043 612805 523725 521882 614571 644138 436213 590363 562556 569341 525789 576547 652465
382847 341301 292135 508897 419817 417974 510663 540231 332305 486455 458649 465434 421881 472639 548557
375022 333475 284310 501072 411992 410149 502838 532405 324480 478630 450823 457608 414056 464814 540732
492482 450935 401769 618531 529451 527608 620297 649865 441939 596089 568283 575068 531515 582273 658192
353685 312138 262972 479734 390654 388811 481500 511068 303142 457292 429486 436271 392718 443476 519395
436418 394871 345705 562467 473387 471544 564233 593801 385876 540025 512219 519004 475451 526210 602128
409710 368163 318997 535759 446679 444836 537526 567093 359168 513317 485511 492296 448743 499502 575420
425038 383491 334325 551087 462007 460164 552853 582421 374496 528645 500839 507624 464071 514830 590748
369635 328088 278922 495684 406605 404762 497451 527018 319093 473243 445436 452221 408669 459427 535345
418548 377001 327835 544597 455517 453674 546364 575931 368006 522155 494349 501134 457581 508340 584258
374697 333151 283985 500747 411667 409824 502513 532080 324155 478305 450498 457283 413731 464489 540407
499910 458363 409197 625959 536880 535037 627726 657293 449368 603518 575711 582496 538944 589702 665620
423806 382260 333094 549856 460776 458933 551622 581190 373264 527414 499608 506393 462840 513598 589516
390793 349246 300080 516842 427763 425920 518609 548176 340251 494401 466594 473379 429827 480585 556503
464514 422967 373801 590563 501484 499641 592330 621897 413972 568121 540315 547100 503547 554306 630224
393922 352376 303210 519972 430892 429049 521738 551306 343380 497530 469724 476509 432956 483714 559632
410645 369098 319932 536694 447614 445771 538460 568028 360103 514252 486446 493231 449678 500437 576355
399886 358339 309173 525935 436856 435013 527702 557269 349344 503494 475687 482472 438920 489678 565596
519657 478110 428944 645706 556627 554784 647473 677040 469115 623264 595458 602243 558691 609449 685367
454535 412988 363822 580584 491505 489662 582351 611918 403993 558143 530336 537121 493569 544327 620245
411412 369865 320699 537461 448382 446539 539228 568795 360870 515019 487213 493998 450446 501204 577122
484556 443009 393843 610605 521525 519682 612371 641939 434014 588163 560357 567142 523589 574348 650266
440324 398777 349612 566373 477294 475451 568140 597707 389782 543932 516125 522910 479358 530116 606034
375397 333851 284685 501447 412367 410524 503213 532781 324855 479005 451199 457984 414431 465189 541107
429731 388184 339018 555780 466700 464857 557546 587114 379189 533338 505532 512317 468764 519523 595441
421090 379543 330377 547139 458060 456216 548906 578473 370548 524697 496891 503676 460123 510882 586800
439905 398358 349192 565954 476874 475031 567720 597288 389362 543512 515706 522491 478938 529697 605615
356380 314834 265668 482430 393350 391507 484196 513763 305838 459988 432181 438966 395414 446172 522090
505758 464211 415045 631807 542728 540885 633574 663141 455216 609366 581559 588344 544792 595550 671468
453131 411584 362419 579181 490101 488258 580947 610514 402589 556739 528932 535717 492165 542923 618841
342112 300565 251400 468161 379082 377239 469928 499495 291570 445720 417913 424698 381146 431904 507822
483884 442338 393172 609934 520854 519011 611700 641268 433342 587492 559685 566471 522918 573676 649594
376493 334947 285781 502543 413463 411620 504309 533877 325951 480101 452294 459080 415527 466285 542203
342715 301168 252002 468764 379684 377841 470530 500098 292172 446322 418516 425301 381748 432506 508425
463291 421744 372578 589340 500260 498417 591106 620674 412748 566898 539092 545877 502324 553082 629001
390103 348556 299390 516152 427072 425229 517918 547486 339561 493710 465904 472689 429136 479895 555813
356421 314874 265708 482470 393390 391547 484236 513804 305879 460028 432222 439007 395454 446213 522131
394554 353007 303841 520603 431523 429680 522369 551937 344012 498161 470355 477140 433587 484346 560264
455590 414044 364878 581640 492560 490717 583406 612973 405048 559198 531391 538177 494624 545382 621300
463635 422089 372923 589685 500605 498762 591451 621018 413093 567243 539436 546221 502669 553427 629345
517282 475735 426569 643331 554251 552408 645097 674665 466739 620889 593083 599868 556315 607073 682992
336322 294775 245609 462371 373292 371449 464138 493705 285780 439929 412123 418908 375355 426114 502032
416987 375440 326274 543036 453957 452114 544803 574370 366445 520594 492788 499573 456020 506779 582697
398529 356982 307816 524578 435499 433656 526345 555912 347987 502136 474330 481115 437563 488321 564239
363927 322379 273214 489976 400896 399053 491742 521310 313385 467534 439728 446513 402960 453719 529637
382150 340603 291437 508199 419120 417276 509966 539533 331608 485757 457951 464736 421183 471942 547860
322943 281396 232230 448992 359913 358070 450759 480326 272401 426550 398744 405529 361976 412735 488653
385445 343898 294732 511494 422415 420571 513261 542828 334903 489052 461246 468031 424478 475237 551155
502431 460885 411719 628481 539401 537558 630247 659815 451889 606039 578233 585018 541465 592223 668142
370700 329153 279987 496749 407669 405826 498516 528083 320158 474307 446501 453286 409733 460492 536410
394932 353386 304220 520982 431902 430059 522748 552316 344390 498540 470734 477519 433966 484724 560642
