100 29
244954 381100 132512 565612 79988 127609 336491 107914 368793 470797 173824 58060 433223 428943 374901 279191 185944 325272 369203 559254 444762 314110 546655 375121 401332 395085 242130 504989 83166
525140 437035 73823 448925 200732 206144 302025 353619 646313 283020 263566 368480 584310 312615 551137 257892 219401 342738 264026 400063 204855 88301 270974 321012 538627 303370 276020 197626 80564
550249 232762 473676 413898 230709 288636 374915 96058 483646 308281 337419 240375 320287 142221 381178 331051 452330 221980 371362 642741 593239 128546 474445 190185 560237 307371 415052 156607 382160
612844 456684 182366 429998 471684 374510 204129 383646 491640 424785 316350 528588 352900 415013 621710 494305 174971 180346 356036 397123 421022 244137 425365 435459 400748 276497 582808 604052 227757
342297 468322 361603 348819 124599 144942 505321 155368 449926 298745 305849 298568 572223 127003 496416 199079 326128 358259 226550 526140 221193 424560 400139 107891 474168 247072 480196 272600 92160
634364 463755 610596 764346 578475 466931 519951 506763 820283 573237 321228 343519 431369 318318 557197 495211 631411 258737 634116 498628 561307 466656 520726 302928 465734 306197 536744 676810 400253
646650 304159 164060 440477 503813 167961 267502 183717 777920 705683 285830 192130 608398 211418 394471 278625 480490 341429 322548 695144 527432 482700 323431 168939 615987 503148 476256 322629 529590
426067 372398 283098 420769 239502 281430 298056 230626 505349 445416 234421 253882 445763 284352 419333 237587 284927 246744 385266 496151 389000 251320 371840 221759 465997 308927 365560 340885 252854
472818 419149 329850 467521 286253 328182 344808 277377 552101 492167 281172 300633 492514 331103 466084 284338 331679 293495 432018 542902 435751 298071 418591 268510 512749 355678 412311 387637 299605
589933 576609 547947 571218 579010 437427 529723 543595 851391 544338 506201 513383 772355 625217 494511 370037 552826 295334 742466 700055 416744 489297 716908 536325 573301 437235 728661 431542 354185
331320 285612 181870 290789 134496 399220 208221 376001 620229 479545 160570 202520 339496 470547 507036 374612 396499 426986 343807 654168 426611 155540 356273 168532 679989 228119 348585 443003 92270
408432 423714 90314 280691 106201 383092 156747 171781 335383 499579 306396 343682 382529 248642 248859 95310 406713 333309 199334 544390 361275 65570 246486 195913 640665 237345 233063 358745 80865
368026 460104 278028 463350 259627 166766 566062 452114 732196 663650 479378 205545 429907 404930 572183 474980 403556 299811 382222 666921 506938 266341 295082 303953 577342 436747 566926 338451 520204
570411 516742 427443 565114 383847 425775 442401 374970 649694 589760 378765 398226 590107 428696 563677 381931 429272 391088 529611 640495 533344 395664 516184 366104 610342 453271 509904 485230 397199
589766 536097 446798 584469 403202 445130 461756 394325 669049 609115 398120 417581 609463 448051 583033 401287 448627 410443 548966 659850 552699 415019 535539 385459 629697 472627 529259 504585 416554
539477 410065 236210 566039 415683 303423 218466 217485 444482 397734 425540 213884 458644 282484 363360 392696 481504 427645 579523 475088 276034 261896 282909 308561 594787 363274 256463 587392 289923
733875 510828 598709 353442 195486 494351 441885 527179 505335 461022 250337 268446 762647 541567 513513 533791 361049 392442 450046 706208 421906 392181 312289 190404 491174 238696 345191 450001 319245
411955 358286 268986 406657 225390 267318 283944 216514 491237 431304 220309 239770 431651 270240 405221 223475 270815 232632 371154 482039 374888 237208 357728 207647 451885 294815 351448 326773 238742
673546 586355 528661 701031 522380 619132 628259 441989 686641 411586 332978 600939 752002 470506 616530 352632 310248 368199 736816 686765 549907 394522 342235 511779 690995 496609 616567 315175 402061
488272 317927 563389 381884 465299 449274 566680 203153 732440 614444 529529 332700 751710 239677 348070 442412 274591 257187 376907 741548 618509 167194 478705 482623 381645 220773 612185 272024 180051
443242 435068 287913 445247 282199 418659 350495 371544 500390 657244 258286 384232 668995 345287 592304 405987 426793 266218 452092 689636 454657 259035 647984 306388 792324 390932 717335 472930 245292
406115 392082 196509 544701 321480 166054 226712 185795 522895 634973 72748 255591 555623 468085 560166 227992 233062 158354 393251 702728 227919 110877 336907 80487 393444 172818 573043 260381 163481
463546 703511 397732 664963 287314 564104 266142 448517 484914 733665 586178 572316 679860 398991 651151 427859 576998 216314 708710 792679 554232 347764 352617 487514 776961 552589 558556 601796 370956
529065 570229 243104 320867 129311 303583 247411 258143 572829 646365 114307 272043 332800 422441 291932 254208 253164 423394 509192 373395 592451 198805 418503 232730 619023 509084 429030 383476 488643
668996 583669 450460 461271 423292 236860 601907 468132 489639 555447 458069 558725 763407 489271 359980 390808 344947 355540 668394 435243 400353 574504 531183 472458 408607 585241 320461 464131 246435
614678 434694 263431 378833 318166 387933 282645 250241 602602 613816 221264 241532 480345 227492 562848 324207 256918 296327 456709 527966 493523 300914 379551 414165 326102 165943 391855 155409 149413
349260 321010 389540 551207 196915 356532 342614 143926 489738 549604 353719 461316 410841 496462 357596 491980 174570 466990 474537 631650 476562 230664 494561 378626 639902 450356 278661 387409 414458
573342 532257 462783 591565 335611 555627 407625 205736 528792 446837 247975 445548 561014 573117 377943 209805 603890 260017 623346 812768 548452 229540 632525 211350 652534 278293 497910 634221 385166
479774 578097 491413 492865 355580 510596 454184 236114 703241 559445 369004 283755 349186 261268 366525 211728 435896 360759 573785 528252 492700 419592 475403 230412 761211 585678 640085 327853 512673
568556 686899 521923 597599 319599 411724 334327 553731 791808 538300 461212 250535 693744 274842 460161 379706 470096 479616 413162 651283 448195 386570 562162 378806 736852 352817 323399 579836 509603
581403 454013 223183 598648 221111 457499 513093 127549 629533 383458 235753 308158 667940 359306 642355 266175 403914 163897 436338 585610 597598 370574 322944 440097 651774 303953 447119 593130 500296
433875 380206 290907 428578 247310 289239 305864 238434 513157 453224 242229 261690 453571 292160 427141 245395 292736 254552 393075 503959 396808 259128 379648 229567 473806 316735 373368 348694 260662
609687 544290 494746 372400 511571 553988 347020 425329 474487 673245 480284 572307 623503 280431 730765 550277 533547 365396 508786 670260 666568 300851 410273 326969 739452 390547 521391 299473 249312
433045 431931 525309 581013 428528 469970 421835 381363 378573 448292 316324 293278 631307 469576 322126 452264 356139 206069 314880 660264 261485 503004 372389 109218 581048 416422 408749 384875 195931
540498 486829 397529 535200 353933 395861 412487 345057 619780 559847 348852 368313 560194 398783 533764 352018 399358 361175 499697 610582 503431 365751 486271 336190 580428 423358 479991 455316 367285
606912 553242 463943 601614 420347 462275 478901 411470 686194 626261 415266 434727 626608 465197 600178 418432 465772 427589 566111 676996 569845 432165 552684 402604 646842 489772 546405 521730 433699
378295 324003 481309 306474 312598 153457 314122 275623 539265 541705 462132 121295 515104 477623 600489 120175 486728 337886 382069 717971 533069 176786 244357 107255 471074 269370 258584 212368 368562
431536 622846 469680 546302 313976 385312 449695 285246 676152 618688 461999 480864 631232 309732 622253 438933 422568 349516 640694 778511 479231 508230 524126 257562 509563 305985 430237 351331 366858
364406 468927 186605 536762 64255 465474 424593 50342 511790 576862 161589 257060 453211 100815 436447 165070 316197 325186 546064 374008 388710 421741 242533 341947 370308 342314 287135 398838 101449
460032 559015 330807 542146 254992 337785 200079 109517 660136 527611 99504 484525 513600 469639 619223 77367 218470 114945 610978 686903 318766 388906 570712 278054 700512 312970 229349 359919 390801
398128 360969 401995 469348 480123 248198 474470 307353 691501 664548 408885 522218 719063 328596 465091 511660 549030 255947 352905 659748 365629 361931 518958 295322 657380 475578 628513 459964 382926
532783 353745 238191 519017 325988 392599 387706 557715 598873 772180 340200 582377 582046 375822 655604 343809 615908 321453 466226 456926 410080 524445 715597 566216 442024 644150 511711 306666 516352
484776 395641 562425 597730 470792 330008 313502 380740 655130 567987 368324 231532 489935 327434 604146 435593 630292 571332 473135 544373 448841 225050 388830 500385 697991 396640 421106 523916 427199
385484 487393 179611 562762 248041 371673 187922 321879 708006 339302 422972 367172 295533 370940 443530 250718 145478 132790 369457 576680 448716 181065 489783 125927 336592 542362 500564 272088 375333
552244 589714 208368 628932 285694 535647 298616 434984 628463 422127 513362 174882 432337 512181 507447 244006 566362 525453 584872 715578 331194 476682 307782 367992 552019 441651 419370 628761 260373
665245 518520 271185 389591 389467 511026 577981 345914 520590 604487 523885 372448 633981 479768 425646 511529 610117 312085 724467 531153 594826 313440 480402 473933 654157 439109 548648 377838 432776
409343 283476 301245 465087 329559 391628 170586 140040 568700 413942 422959 467491 554455 508677 470768 242172 247119 196772 321883 502578 446965 494027 603611 402448 313872 393758 266507 394427 243532
387781 559022 245146 623109 301384 490299 394688 294610 460444 329131 367570 388309 307845 304362 263300 320334 128901 105823 219071 312978 413414 432869 412453 104166 367149 278922 307363 434423 431456
523598 299129 580929 379173 166530 333843 343981 383639 702059 608412 323377 542475 697544 359910 413322 448716 340411 197728 562012 605442 386686 342264 597296 220623 503515 445224 433198 401355 263241
479087 425417 336118 473789 292522 334450 351076 283646 558369 498436 287441 306902 498783 337372 472353 290607 337947 299764 438286 549171 442020 304340 424860 274779 519017 361947 418580 393905 305874
673689 703234 539084 388942 518253 471473 601512 277989 729620 487979 416066 323573 617033 324009 445849 348594 253330 307204 425342 813665 462271 506254 513650 187402 606326 569387 342417 381643 481978
309517 370174 279732 595311 202665 386096 185745 414892 742958 293909 317992 317591 494237 159248 605530 380895 502377 376547 434679 543176 616810 474474 592214 352779 639678 427743 225095 189849 265117
492093 356339 407784 411949 547587 262263 445157 422225 564453 617072 333805 463462 592027 355075 728032 499981 598207 374693 460995 585563 362383 302418 354965 497554 518130 396537 367324 513002 313912
470148 416479 327180 464851 283584 325512 342138 274707 549431 489497 278502 297963 489845 328433 463415 281669 329009 290825 429348 540232 433081 295401 415921 265841 510079 353009 409641 384967 296936
367401 182233 367787 499926 220773 333810 149388 71280 585902 478673 360055 320108 494879 115296 260887 413615 224038 194628 549374 460163 186988 374266 348859 343201 595934 321909 286709 172968 256540
554377 500708 411409 549080 367812 409741 426367 358936 633660 573726 362731 382192 574073 412662 547643 365897 413238 375054 513577 624461 517310 379630 500150 350070 594308 437237 493870 469196 381164
739012 484510 277228 743272 504075 215272 544734 308639 629175 588427 469994 246300 463781 558176 704136 380942 511785 506837 581558 701132 604882 204540 409984 165568 465892 280438 442004 630698 572914
560181 498532 299202 436207 449515 373952 351123 460925 832487 681826 392829 221731 550818 354910 475830 450098 594448 362577 684601 678042 592899 369772 466312 547658 667674 447651 434183 498708 330605
310044 280656 196783 627735 462979 404129 383450 201192 738152 556109 303595 177081 433860 518207 275053 324142 238383 313725 588986 619995 489411 483894 599466 120407 452648 217123 454768 441658 135147
470195 362621 433889 572185 469610 552131 287888 302327 706083 770905 212326 403237 429929 474659 527438 263602 619280 201578 486291 540965 464924 547392 556354 528828 728203 546659 597411 625379 351323
263031 550743 215381 254123 87144 222245 454394 328420 672500 625157 318990 427348 507030 213986 405194 411478 90474 87252 518145 666273 293819 423480 414616 387081 590131 186993 185715 482047 369969
451729 384765 293076 605146 124082 193280 308234 197174 589608 511170 175640 183623 361483 230436 323547 406800 290870 317887 425501 352782 443375 225009 353971 303393 321931 350323 372715 244272 404109
416681 697915 432932 612658 503044 487191 510857 590323 788610 717730 221446 427301 488029 617736 791429 585517 436370 328858 584349 515460 578836 277881 608425 219025 542886 291230 510650 378888 454636
438350 384681 295382 433053 251785 293714 310339 242909 517632 457699 246704 266165 458046 296635 431616 249870 297211 259027 397549 508434 401283 263603 384123 234042 478281 321210 377843 353168 265137
517772 341097 403924 769147 494377 471662 452024 269898 549478 422180 501091 428663 685936 596411 778469 264597 615028 418932 622175 784555 527226 381405 508466 249916 599702 422558 679461 384559 326545
330798 320019 244389 359764 211934 429311 571866 254261 530096 435319 341102 300127 482034 358897 618211 388289 488966 334980 455211 498942 366180 194292 552429 373395 740895 294246 449730 377899 469840
422265 368596 279297 416968 235701 277629 294255 226824 501548 441614 230619 250080 441961 280550 415531 233786 281126 242942 381465 492349 385198 247518 368038 217958 462196 305125 361758 337084 249053
521039 467370 378071 515742 334474 376403 393029 325598 600322 540388 329393 348854 540735 379324 514305 332559 379900 341716 480239 591123 483972 346292 466812 316731 560970 403899 460532 435858 347826
567616 513946 424647 562318 381051 422979 439605 372174 646898 586964 375970 395431 587312 425901 560882 379136 426476 388293 526815 637700 530549 392869 513388 363308 607546 450476 507109 482434 394403
445630 427419 287815 306275 164427 142131 188645 310046 573078 424215 205643 439003 420975 446982 422616 411457 465639 337811 586705 388162 490129 305005 299166 161694 607200 405020 610816 420086 420737
364817 486772 166424 470362 310920 370898 233087 226587 428999 600895 481510 503244 614310 476260 293980 89445 518653 215681 270819 422401 309734 288972 282361 214649 589593 472138 265598 331353 249208
442035 336688 275416 327683 178549 433158 517910 245404 578812 715144 446154 516206 485422 409753 385761 329357 431090 173724 596981 786785 492052 318531 472803 518343 743170 219070 456482 242994 324823
343127 372295 247363 585250 502713 169269 219590 107338 508505 445877 200811 294420 420124 397998 520199 496246 226047 119660 389645 453368 594852 367369 543103 192395 420520 388008 419348 297120 191176
345191 301593 550885 354351 492896 176287 380129 306153 582464 571244 490749 413608 656745 212184 696415 264333 310138 164191 493107 437198 533694 480667 645836 428647 605969 427470 644355 622439 505654
339837 487816 311264 296495 293668 317427 357549 457430 422479 683476 209212 467222 377664 504760 443418 96204 270756 495367 492397 447904 526059 215790 535538 279019 491919 458307 427947 367758 229915
328535 170662 344606 532031 39961 170604 163361 186108 309336 367753 179866 308175 513234 125214 577764 120991 356627 174761 338288 589999 327273 285740 253023 75022 545513 102888 230300 380832 235792
429423 304692 163275 254138 369159 150255 318467 308812 656711 410708 49323 67213 576877 289961 495453 211166 115556 49975 317318 550892 390913 379517 204294 204190 575818 441108 507572 412117 356412
603585 299171 438485 204030 152084 346028 153508 141866 621372 248347 120829 98416 248345 116096 247827 304436 356769 88240 482866 501144 456995 206736 505398 316957 463643 406397 158477 384505 75860
565512 433449 278354 511895 505636 169869 524833 515201 560448 709317 182960 309811 523101 497861 428593 392942 239063 442758 601685 405710 561203 358444 333111 268436 497427 233612 431846 478899 319970
436933 282381 344977 553572 139643 345376 154477 239983 635488 313915 277657 437492 519829 459565 277149 440609 181321 286188 286811 482888 507697 88124 352321 137693 354354 486124 506228 231514 341398
443606 706444 484255 578231 223884 260451 537545 261660 633505 534446 480679 517801 572220 568118 371188 405480 589023 370333 540481 574521 450119 450820 518548 282590 486135 479805 380244 368395 507316
356489 244918 242231 334174 313863 123203 514914 146654 607088 586771 412734 372124 339723 424842 586310 297445 312946 483418 253669 730623 533182 323713 507475 180030 600731 537568 478108 195755 300450
674575 456640 252810 546406 447402 257969 619886 481354 704718 703240 212185 513308 718260 456482 751127 500251 259635 358459 478819 617433 541789 540524 616531 309724 809478 531341 549713 521522 498757
474239 420569 331270 468941 287674 329602 346228 278797 553521 493588 282593 302054 493935 332524 467505 285759 333099 294916 433438 544323 437172 299492 420011 269931 514169 357099 413732 389057 301026
478574 424905 335606 473277 292009 333938 350563 283133 557856 497923 286928 306389 498270 336859 471840 290094 337435 299251 437773 548658 441507 303827 424347 274266 518505 361434 418067 393392 305361
593474 247269 351295 339159 162459 549569 434197 222179 461547 502117 369782 307019 629072 426364 682664 407804 436156 342894 552016 381039 279834 171974 562745 401286 722344 239197 495647 261143 137556
600273 379392 434504 558974 85142 469092 240411 324354 558155 606161 137914 278851 523321 182868 443138 180278 219905 95889 497594 466699 369163 286219 319166 133320 611436 334094 306646 206195 108203
470149 231342 315745 645432 135620 370851 394890 227608 345045 311549 445589 214757 478227 271829 513015 226253 472435 397106 525514 447144 596006 377148 233869 67199 327397 161234 241089 485452 209234
322547 384190 155392 640440 295585 154290 263139 139661 626382 582033 159815 381328 642175 429631 455935 119072 237173 243697 563653 691842 451980 468107 497162 59818 345773 141823 489307 350623 469183
360896 349670 486160 325633 95920 485420 424286 138855 420894 309779 326983 204328 471979 239269 457838 371205 104714 437793 234133 665797 329693 266639 348878 263255 513423 379574 274049 188207 146596
538797 494353 113516 405105 221856 423071 149279 360417 396476 420232 357504 170853 625043 139572 263722 448308 218984 153796 302637 644010 325067 450766 439718 221522 382875 518121 361888 167789 216243
400717 447469 518901 628522 477792 454500 593363 428288 621811 557515 442756 195849 617700 524101 625270 156847 354812 515813 385722 666113 605437 249474 336555 161954 715303 550431 588801 389716 545064
415653 267942 442380 463429 197780 284867 402674 285324 675486 263018 158149 106536 617590 353827 576350 99422 402645 138336 565134 697591 390625 203115 504541 210774 643273 328327 209310 324412 340691
672130 594484 238243 456086 337419 464588 497726 162696 559380 440469 334119 442884 596477 310568 422317 391491 351871 372854 406224 480715 329461 337364 602608 436557 424553 532534 457572 520863 172142
375889 337658 450090 544607 471538 442738 402226 228122 694569 507635 388762 467052 703687 149042 452743 223402 399961 331411 479794 740166 570563 170415 513164 241389 725489 382082 504947 435561 476865
580921 513925 370941 596762 276955 470967 415659 112268 521342 547009 342045 341261 333618 481001 241844 398361 325407 198034 371009 709489 262897 432460 215142 58824 570846 223669 264807 474660 323391
456707 403037 313738 451409 270142 312070 328696 261265 535989 476055 265060 284521 476403 314992 449973 268227 315567 277384 415906 526790 419639 281960 402479 252399 496637 339567 396199 371525 283494
422974 369305 280006 417677 236409 278338 294964 227533 502257 442323 231328 250789 442670 281259 416240 234494 281835 243651 382174 493058 385907 248227 368747 218667 462905 305834 362467 337793 249762
498952 445282 355983 493654 312387 354315 370941 303510 578234 518300 307306 326767 518648 357237 492218 310472 357812 319629 458151 569036 461885 324205 444724 294644 538882 381812 438445 413770 325739
595441 552871 356782 521776 525566 486980 459359 270608 685712 703516 500090 474133 699876 621759 371060 536482 386329 463263 612918 762527 376144 208249 603612 469129 635366 425949 403815 553384 476552
