98 30
515662 279063 531935 505227 543895 277333 466980 383328 306443 395691 563346 388263 291991 301955 430203 319131 277306 319839 308090 317096 497674 371197 325908 367656 536332 553279 327476 291422 272437 340550
535638 299038 551910 525202 563871 297308 486955 403304 326419 415667 583321 408238 311966 321930 450178 339107 297282 339815 328065 337072 517650 391173 345884 387631 556307 573255 347452 311398 292413 360526
542700 306101 558973 532265 570933 304371 494018 410366 333481 422730 590384 415301 319029 328993 457241 346169 304344 346877 335128 344134 524712 398236 352946 394694 563370 580318 354515 318460 299475 367588
496243 259644 512516 485808 524476 257914 447561 363910 287024 376272 543927 368844 272572 282536 410784 299713 257887 300421 288671 297677 478255 351779 306489 348237 516913 533861 308058 272003 253018 321131
497053 260454 513326 486618 525286 258724 448371 364719 287834 377082 544736 369654 273382 283346 411594 300523 258697 301230 289481 298487 479065 352589 307299 349047 517723 534671 308868 272813 253828 321941
598705 362106 614977 588270 626938 360376 550023 466371 389486 478734 646389 471306 375034 384998 513246 402174 360349 402882 391133 400139 580717 454240 408951 450699 619375 636322 410519 374465 355480 423593
635391 398791 651663 624955 663624 397061 586708 503057 426172 515420 683074 507991 411720 421683 549931 438860 397035 439568 427819 436825 617403 490926 445637 487384 656060 673008 447205 411151 392165 460279
641353 404753 657625 630917 669586 403023 592670 509019 432134 521382 689036 513953 417682 427645 555893 444822 402997 445530 433780 442787 623365 496888 451599 493346 662022 678970 453167 417113 398128 466241
617177 380577 633449 606741 645410 378847 568494 484843 407958 497206 664860 489777 393506 403469 531717 420646 378821 421354 409604 418611 599189 472712 427423 469170 637846 654794 428991 392936 373952 442065
608188 371588 624460 597752 636421 369858 559505 475854 398969 488218 655871 480788 384517 394480 522728 411657 369832 412365 400615 409622 590200 463723 418434 460181 628857 645805 420002 383948 364963 433076
508885 272286 525157 498450 537118 270556 460202 376551 299666 388914 556569 381486 285214 295178 423426 312354 270529 313062 301313 310319 490897 364420 319131 360879 529555 546502 320699 284645 265660 333773
472450 235851 488722 462015 500683 234121 423767 340116 263231 352479 520133 345050 248779 258742 386991 275919 234094 276627 264878 273884 454462 327985 282696 324444 493119 510067 284264 248210 229225 297338
554809 318210 571081 544374 583042 316480 506127 422475 345591 434838 602493 427410 331138 341102 469350 358278 316453 358986 347237 356243 536821 410345 365055 406803 575479 592427 366623 330569 311584 379697
572125 335526 588397 561690 600358 333796 523443 439791 362906 452154 619809 444727 348454 358418 486666 375594 333769 376302 364553 373559 554137 427660 382371 424119 592794 609742 383939 347885 328900 397013
577597 340998 593870 567162 605830 339267 528915 445263 368378 457626 625281 450198 353926 363890 492138 381067 339241 381774 370025 379031 559609 433133 387843 429591 598267 615215 389412 353357 334372 402485
601954 365354 618226 591518 630186 363624 553271 469620 392734 481983 649637 474554 378282 388246 516494 405423 363598 406130 394381 403387 583965 457489 412200 453947 622622 639571 413768 377713 358729 426841
475579 238980 491852 465144 503812 237250 426897 343246 266360 355608 523263 348180 251908 261873 390120 279049 237223 279756 268007 277013 457591 331115 285825 327573 496249 513197 287394 251339 232354 300467
571280 334680 587552 560845 599513 332950 522597 438946 362061 451309 618963 443880 347609 357572 485820 374749 332924 375457 363708 372714 553292 426815 381526 423273 591949 608897 383095 347040 328055 396168
493114 256514 509386 482678 521347 254784 444431 360780 283894 373143 540797 365714 269442 279406 407654 296583 254758 297290 285541 294547 475125 348649 303360 345107 513783 530731 304928 268873 249889 318001
636152 399552 652424 625716 664385 397822 587469 503818 426932 516181 683835 508752 412480 422445 550692 439621 397796 440328 428579 437585 618163 491687 446398 488145 656821 673769 447966 411911 392927 461039
536647 300048 552920 526212 564880 298318 487965 404313 327428 416676 584331 409248 312976 322940 451188 340116 298291 340824 329075 338081 518659 392183 346893 388641 557317 574265 348462 312407 293422 361535
476736 240137 493008 466301 504969 238407 428054 344402 267517 356765 524420 349337 253065 263029 391277 280205 238380 280913 269164 278170 458748 332271 286983 328730 497406 514353 288550 252496 233511 301624
505350 268750 521622 494914 533582 267020 456667 373016 296130 385378 553033 377949 281678 291642 419890 308819 266994 309526 297777 306783 487361 360885 315596 357343 526019 542967 317164 281109 262124 330237
475576 238977 491849 465141 503809 237247 426894 343243 266357 355605 523260 348177 251905 261869 390117 279046 237221 279753 268004 277010 457588 331112 285822 327569 496246 513194 287391 251336 232351 300464
504066 267466 520338 493630 532298 265736 455383 371732 294846 384094 551749 376666 280394 290358 418606 307535 265710 308242 296493 305499 486077 359601 314312 356059 524735 541683 315880 279825 260840 328953
453688 217088 469960 443252 481921 215358 405005 321354 244469 333717 501371 326288 230017 239980 368228 257157 215333 257865 246115 255122 435700 309223 263934 305681 474357 491305 265502 229448 210463 278576
546983 310384 563256 536548 575216 308654 498301 414650 337764 427012 594667 419584 323312 333276 461524 350453 308628 351160 339411 348417 528995 402519 357229 398977 567653 584600 358798 322743 303758 371871
445655 209055 461927 435219 473887 207325 396972 313321 236435 325684 493338 318255 221983 231947 360195 249124 207299 249831 238082 247088 427666 301190 255902 297648 466324 483272 257469 221414 202430 270542
468436 231838 484709 458001 496669 230107 419754 336103 259217 348465 516120 341037 244765 254729 382977 271906 230081 272613 260864 269870 450448 323972 278682 320430 489106 506054 280251 244196 225211 293324
462050 225451 478323 451615 490283 223721 413368 329716 252831 342079 509734 334651 238379 248343 376590 265519 223694 266227 254478 263484 444062 317586 272296 314044 482720 499668 273865 237810 218825 286938
495082 258483 511355 484647 523315 256753 446400 362749 285863 375111 542766 367683 271411 281375 409623 298551 256726 299259 287510 296516 477094 350618 305328 347076 515752 532700 306897 270842 251857 319970
610000 373401 626272 599565 638233 371671 561318 477666 400781 490030 657684 482601 386329 396293 524541 413469 371644 414177 402428 411434 592012 465536 420246 461994 630670 647618 421814 385760 366775 434888
574993 338393 591264 564557 603225 336663 526310 442658 365773 455021 622676 447593 351321 361285 489533 378461 336636 379169 367420 376426 557004 430527 385238 426986 595662 612609 386806 350752 331767 399880
525912 289313 542185 515477 554145 287583 477230 393579 316693 405941 573596 398513 302241 312205 440453 329382 287557 330089 318340 327346 507924 381448 336158 377905 546582 563530 337727 301672 282687 350800
598281 361681 614553 587845 626514 359951 549598 465947 389062 478310 645964 470881 374610 384573 512821 401750 359925 402458 390709 399715 580293 453816 408527 450274 618950 635898 410095 374041 355056 423169
622067 385468 638339 611632 650300 383737 573384 489733 412848 502096 669750 494667 398396 408359 536608 425536 383711 426244 414495 423501 604079 477602 432313 474060 642736 659684 433881 397827 378842 446955
575434 338835 591706 564999 603667 337105 526752 443100 366215 455463 623117 448034 351763 361726 489975 378903 337078 379611 367862 376868 557446 430969 385680 427428 596103 613051 387248 351194 332208 400322
582620 346020 598892 572184 610852 344290 533937 450286 373400 462648 630303 455220 358949 368912 497160 386089 344264 386796 375047 384053 564631 438155 392866 434613 603289 620237 394434 358379 339394 407507
465843 229243 482115 455407 494076 227513 417160 333509 256624 345872 513526 338443 242172 252135 380383 269312 227487 270020 258271 267277 447855 321378 276089 317836 486512 503460 277657 241603 222618 290731
617063 380463 633335 606627 645296 378733 568379 484729 407844 497092 664746 489663 393392 403355 531603 420532 378707 421240 409491 418497 599075 472598 427309 469056 637732 654680 428877 392823 373838 441951
525162 288562 541434 514726 553394 286832 476479 392828 315943 405191 572845 397762 301490 311454 439702 328631 286806 329339 317589 326595 507173 380697 335408 377155 545831 562779 336976 300921 281937 350050
530248 293648 546520 519812 558481 291918 481565 397915 321029 410277 577931 402848 306577 316540 444788 333717 291892 334425 322675 331682 512260 385783 340494 382241 550917 567865 342062 306008 287023 355136
488991 252392 505264 478556 517224 250662 440310 356658 279772 369020 536675 361592 265320 275284 403532 292461 250636 293168 281419 290425 471003 344527 299237 340985 509661 526609 300806 264751 245766 313879
479855 243255 496127 469419 508088 241525 431172 347521 270636 359884 527538 352454 256184 266147 394395 283324 241499 284032 272283 281289 461867 335390 290101 331848 500524 517472 291669 255615 236630 304743
478231 241632 494503 467796 506464 239902 429549 345897 269012 358260 525915 350832 254560 264524 392772 281700 239875 282408 270659 279665 460244 333766 288477 330225 498901 515848 290045 253991 235006 303119
490046 253447 506318 479611 518279 251717 441364 357712 280827 370075 537729 362646 266375 276338 404587 293515 251690 294223 282474 291480 472058 345581 300292 342040 510715 527663 301860 265806 246821 314934
643169 406569 659441 632733 671402 404839 594486 510835 433950 523198 690852 515769 419498 429461 557709 446638 404813 447346 435596 444603 625181 498704 453415 495162 663837 680786 454983 418929 399944 468057
508952 272353 525224 498517 537185 270623 460270 376618 299733 388981 556636 381553 285281 295245 423493 312421 270596 313129 301380 310386 490964 364488 319198 360946 529622 546569 320766 284712 265727 333840
544978 308379 561251 534543 573211 306649 496296 412645 335759 425007 592662 417579 321307 331271 459519 348448 306622 349155 337406 346412 526990 400514 355224 396972 565648 582596 356793 320738 301753 369866
467322 230723 483594 456887 495555 228993 418640 334988 258103 347351 515006 339923 243651 253615 381863 270791 228966 271499 259750 268756 449334 322857 277568 319316 487992 504939 279136 243082 224097 292211
503946 267346 520218 493511 532179 265616 455263 371612 294727 383975 551629 376546 280275 290238 418486 307415 265590 308123 296375 305380 485958 359481 314192 355939 524615 541563 315760 279706 260721 328834
521171 284571 537443 510736 549404 282841 472488 388837 311952 401200 568854 393771 297500 307463 435711 324640 282815 325348 313599 322605 503183 376706 331417 373164 541840 558788 332985 296931 277946 346059
548556 311957 564829 538121 576789 310227 499874 416223 339337 428585 596240 421157 324885 334849 463097 352026 310201 352733 340984 349990 530568 404092 358802 400550 569226 586174 360371 324316 305331 373444
496682 260083 512954 486247 524915 258353 448000 364348 287463 376711 544366 369283 273011 282975 411223 300152 258326 300859 289110 298116 478694 352218 306928 348676 517352 534300 308496 272442 253457 321570
509781 273181 526053 499345 538014 271451 461098 377447 300562 389810 557464 382381 286109 296073 424321 313250 271425 313958 302208 311214 491792 365316 320027 361774 530450 547398 321595 285540 266556 334669
622099 385499 638371 611663 650332 383769 573416 489765 412879 502128 669782 494699 398427 408391 536639 425568 383743 426276 414526 423532 604110 477634 432345 474092 642768 659716 433913 397858 378874 446987
631893 395294 648165 621458 660126 393564 583211 499559 422674 511922 679577 504495 408222 418186 546434 435362 393537 436070 424321 433327 613905 487428 442139 483887 652563 669510 443707 407653 388668 456781
525625 289025 541896 515189 553857 287295 476942 393290 316405 405653 573308 398225 301953 311917 440165 329093 287268 329801 318052 327058 507636 381159 335870 377618 546294 563241 337438 301384 282399 350512
612489 375889 628761 602053 640721 374159 563806 480155 403269 492518 660172 485089 388817 398781 527029 415958 374133 416665 404916 413922 594500 468024 422736 464482 633158 650106 424303 388248 369264 437376
480785 244185 497057 470349 509017 242455 432102 348451 271565 360813 528468 353385 257113 267077 395325 284254 242429 284961 273212 282218 462796 336320 291031 332779 501454 518402 292599 256544 237559 305672
462612 226013 478884 452177 490845 224283 413930 330277 253393 342641 510296 335213 238941 248905 377153 266081 224256 266789 255040 264046 444624 318148 272858 314606 483282 500230 274426 238372 219387 287500
621523 384924 637796 611088 649756 383194 572841 489189 412304 501551 669207 494124 397852 407816 536064 424992 383167 425700 413951 422957 603535 477059 431769 473517 642193 659141 433338 397283 378298 446411
555584 318984 571856 545148 583817 317254 506901 423250 346365 435613 603267 428184 331912 341876 470124 359053 317228 359761 348012 357017 537595 411119 365830 407577 576253 593201 367398 331343 312359 380472
506692 270092 522964 496256 534925 268362 458009 374358 297473 386721 554375 379292 283022 292984 421232 310161 268336 310869 299119 308126 488704 362227 316938 358685 527361 544309 318506 282452 263467 331580
541541 304941 557813 531106 569774 303211 492858 409207 332322 421570 589224 414141 317870 327833 456080 345010 303185 345718 333969 342975 523553 397076 351787 393534 562210 579158 353355 317301 298316 366429
473499 236900 489771 463064 501732 235169 424816 341165 264280 353528 521182 346099 249828 259792 388040 276968 235143 277676 265927 274933 455511 329034 283745 325492 494168 511116 285313 249259 230274 298387
492940 256341 509212 482505 521173 254611 444258 360606 283721 372969 540624 365541 269269 279233 407481 296409 254584 297117 285368 294374 474952 348476 303186 344934 513610 530558 304754 268700 249715 317828
618614 382014 634886 608178 646847 380284 569931 486280 409394 498643 666297 491214 394942 404906 533154 422082 380258 422790 411041 420047 600625 474149 428860 470607 639283 656231 430428 394373 375389 443502
603964 367364 620236 593528 632197 365634 555281 471630 394744 483993 651647 476564 380292 390256 518504 407433 365608 408140 396391 405397 585975 459498 414210 455957 624633 641581 415778 379723 360739 428852
532765 296165 549037 522330 560998 294435 484082 400431 323546 412795 580448 405365 309094 319057 447305 336234 294409 336942 325193 334199 514777 388300 343011 384758 553434 570382 344579 308525 289540 357653
590623 354023 606895 580187 618856 352293 541940 458289 381404 470652 638306 463223 366952 376915 505163 394092 352267 394800 383050 392057 572635 446158 400869 442616 611292 628241 402437 366383 347398 415511
532140 295541 548412 521705 560373 293811 483458 399806 322921 412169 579824 404741 308469 318432 446681 335609 293784 336317 324568 333574 514152 387675 342386 384134 552809 569757 343954 307900 288915 357028
603835 367236 620108 593400 632068 365506 555153 471501 394616 483864 651519 476436 380164 390128 518376 407305 365479 408012 396263 405269 585847 459371 414080 455829 624505 641453 415650 379595 360610 428723
520576 283976 536847 510140 548808 282246 471893 388241 311356 400604 568259 393176 296904 306868 435116 324044 282219 324752 313003 322009 502587 376110 330821 372569 541244 558192 332389 296335 277350 345463
481275 244676 497547 470840 509508 242946 432593 348941 272056 361304 528959 353876 257604 267567 395816 284744 242919 285452 273703 282709 463287 336810 291521 333269 501944 518892 293089 257035 238050 306163
573537 336938 589810 563102 601770 335208 524855 441203 364318 453566 621221 446138 349866 359830 488078 377006 335181 377713 365965 374971 555549 429073 383783 425531 594207 611155 385352 349297 330312 398425
514468 277868 530740 504032 542701 276138 465785 382134 305248 394497 562151 387068 290796 300760 429008 317937 276112 318644 306895 315901 496479 370003 324714 366461 535137 552085 326282 290227 271243 339356
473533 236933 489805 463097 501765 235203 424850 341199 264313 353561 521216 346133 249861 259825 388073 277002 235177 277710 265960 274966 455544 329068 283779 325526 494202 511150 285347 249292 230307 298420
553216 316617 569489 542781 581449 314887 504534 420882 343997 433245 600900 425817 329545 339509 467757 356685 314860 357393 345644 354650 535228 408751 363462 405210 573885 590833 365030 328976 309991 378104
500005 263406 516277 489571 528238 261676 451323 367671 290786 380034 547688 372605 276334 286297 414546 303474 261649 304182 292433 301439 482017 355540 310251 351999 520674 537622 311819 275765 256780 324893
632181 395582 648454 621746 660414 393852 583499 499848 422962 512210 679865 504782 408510 418474 546722 435651 393825 436358 424609 433615 614193 487717 442427 484175 652851 669799 443996 407941 388956 457070
605978 369379 622251 595543 634211 367649 557296 473645 396759 486007 653662 478578 382307 392271 520519 409448 367622 410155 398406 407412 587990 461514 416224 457972 626648 643596 417793 381738 362753 430866
618552 381953 634825 608117 646785 380223 569870 486218 409333 498581 666236 491153 394881 404845 533093 422022 380196 422729 410980 419986 600564 474088 428798 470546 639222 656170 430367 394312 375327 443440
487622 251023 503895 477187 515855 249293 438940 355288 278403 367651 535306 360223 263951 273915 402163 291092 249266 291799 280050 289056 469634 343158 297869 339616 508292 525240 299437 263382 244397 312510
472955 236355 489227 462519 501187 234625 424272 340621 263735 352984 520638 345555 249283 259247 387495 276424 234599 277131 265382 274388 454966 328490 283201 324949 493624 510572 284769 248714 229730 297842
633510 396911 649783 623075 661743 395181 584828 501177 424290 513539 681194 506111 409839 419803 548051 436980 395155 437687 425938 434944 615522 489046 443756 485504 654180 671128 445325 409270 390285 458398
630658 394059 646931 620223 658891 392329 581976 498324 421440 510687 678342 503259 406987 416951 545199 434127 392302 434835 423086 432092 612670 486194 440904 482652 651328 668276 442473 406418 387433 455546
485068 248468 501340 474632 513301 246738 436385 352734 275848 365097 532750 357668 261396 271360 399608 288537 246712 289244 277495 286501 467079 340603 295314 337061 505737 522685 296882 260827 241843 309956
623017 386418 639289 612582 651250 384688 574335 490683 413798 503046 670701 495618 399346 409310 537558 426486 384661 427194 415445 424451 605029 478552 433263 475011 643686 660634 434831 398777 379792 447905
498106 261506 514378 487670 526339 259776 449423 365773 288887 378135 545789 370706 274435 284398 412646 301575 259750 302283 290533 299540 480118 353641 308352 350099 518775 535723 309920 273865 254881 322994
591883 355284 608155 581448 620116 353553 543200 459549 382664 471912 639566 464483 368212 378175 506424 395352 353527 396060 384311 393318 573895 447418 402129 443876 612552 629500 403697 367643 348658 416771
567261 330661 583534 556825 595494 328931 518578 434927 358041 447290 614944 439861 343589 353553 481801 370730 328905 371437 359688 368694 549272 422796 377507 419254 587930 604878 379075 343020 324036 392149
499437 262838 515710 489002 527670 261108 450755 367103 290218 379466 547121 372038 275766 285730 413978 302906 261081 303614 291865 300871 481449 354972 309683 351431 520106 537054 311251 275197 256212 324325
627072 390473 643344 616637 655305 388743 578390 494738 417853 507101 674755 499673 403401 413364 541613 430541 388716 431249 419500 428506 609084 482607 437318 479066 647741 664689 438886 402832 383847 451960
492748 256148 509020 482312 520981 254418 444064 360414 283529 372777 540431 365348 269077 279040 407288 296217 254392 296925 285175 294182 474760 348283 302994 344741 513417 530365 304562 268507 249523 317636
517046 280447 533319 506611 545279 278717 468364 384713 307827 397075 564730 389648 293375 303339 431587 320516 278690 321223 309474 318480 499058 372582 327292 369040 537716 554664 328861 292806 273821 341934
477019 240420 493292 466584 505252 238690 428337 344686 267800 357048 524703 349620 253348 263312 391560 280489 238664 281196 269447 278453 459031 332555 287265 329013 497689 514637 288834 252779 233794 301908
491685 255085 507957 481249 519917 253355 443002 359351 282465 371714 539368 364285 268013 277977 406225 295154 253329 295861 284112 293118 473696 347220 301931 343678 512354 529302 303499 267444 248460 316572
