100 30
441074 360422 476059 547606 396028 407191 536950 457593 549356 568051 418688 402246 452080 444562 464054 336887 394566 490490 301827 411456 368503 539740 515121 468005 277306 355030 503923 400750 456747 443409
447239 366586 482225 553771 402194 413357 543116 463758 555522 574216 424854 408412 458245 450727 470219 343051 400732 496656 307992 417622 374668 545904 521286 474171 283471 361195 510088 406914 462912 449575
509036 428384 544021 615568 463991 475154 604913 525556 617319 636013 486650 470209 520043 512523 532015 404849 462528 558452 369789 479418 436465 607702 583083 535967 345268 422992 571885 468711 524709 511372
557585 476933 592571 664116 512540 523703 653461 574104 665867 684561 535199 518757 568591 561072 580565 453398 511078 607002 418338 527968 485014 656251 631633 584516 393817 471540 620435 517260 573258 559921
526982 446330 561968 633514 481937 493100 622859 543501 635264 653959 504597 488155 537989 530469 549961 422795 480475 576399 387736 497365 454411 625647 601029 553913 363215 440938 589832 486657 542655 529318
491009 410358 525995 597542 445964 457128 586886 507529 599292 617986 468624 452182 502017 494498 513990 386823 444502 540427 351763 461392 418439 589675 565057 517942 327243 404966 553859 450685 506683 493345
401091 320439 436076 507622 356045 367209 496967 417610 509374 528067 378706 362263 412098 404578 424070 296903 354583 450507 261844 371474 328520 499756 475138 428022 237323 315047 463940 360766 416763 403426
410966 330314 445952 517497 365920 377084 506842 427486 519248 537943 388580 372139 421972 414454 433945 306778 364459 460383 271719 381349 338395 509632 485013 437897 247198 324922 473815 370641 426638 413302
489230 408579 524216 595763 444185 455349 585108 505751 597513 616207 466845 450403 500238 492718 512211 385043 442724 538647 349985 459614 416661 587897 563278 516163 325463 403187 552080 448906 504904 491566
413190 332539 448176 519723 368146 379309 509068 429711 521474 540168 390805 374363 424197 416679 436170 309003 366684 462607 273945 383573 340620 511857 487238 440123 249423 327146 476040 372867 428864 415526
545492 464840 580479 652025 500447 511610 641369 562012 653775 672470 523107 506666 556500 548981 568472 441305 498985 594910 406247 515875 472922 644159 619540 572425 381725 459449 608343 505169 561166 547829
425397 344745 460382 531928 380351 391515 521273 441917 533679 552373 403012 386569 436403 428884 448376 321210 378889 474814 286150 395780 352827 524062 499445 452329 261629 339352 488246 385072 441070 427733
385303 304652 420290 491835 340259 351422 481180 401823 493586 512280 362919 346477 396310 388792 408284 281117 338797 434721 246057 355686 312733 483969 459352 412235 221537 299259 448153 344979 400977 387639
562631 481979 597617 669163 517586 528749 658508 579151 670914 689608 540246 523804 573638 566119 585611 458444 516124 612047 423385 533014 490061 661297 636679 589562 398864 476587 625481 522306 578304 564967
470702 390050 505687 577233 425656 436820 566578 487221 578984 597678 448316 431874 481708 474189 493681 366514 424194 520118 331456 441084 398131 569367 544749 497633 306934 384658 533552 430377 486374 473037
394567 313915 429552 501099 349521 360685 490443 411086 502849 521544 372181 355739 405573 398054 417546 290380 348059 443983 255321 364949 321996 493232 468614 421498 230800 308523 457417 354242 410240 396902
378229 297577 413214 484761 333184 344347 474106 394748 486511 505205 355844 339402 389235 381717 401209 274041 331721 427646 238983 348611 305659 476895 452277 405160 214462 292185 441079 337904 393901 380565
391797 311144 426783 498329 346752 357914 487673 408317 500080 518774 369412 352970 402803 395285 414776 287609 345290 441213 252551 362180 319226 490463 465845 418728 228030 305752 454646 351473 407470 394132
519841 439188 554827 626372 474795 485958 615718 536361 628124 646817 497455 481014 530847 523328 542820 415653 473334 569257 380595 490224 447271 618507 593889 546772 356074 433796 582691 479516 535513 522177
511977 431325 546963 618509 466932 478095 607854 528497 620260 638954 489592 473150 522984 515465 534957 407790 465470 561393 372731 482360 439407 610643 586025 538909 348210 425933 574827 471653 527650 514313
449593 368941 484578 556125 404547 415711 545470 466113 557875 576570 427207 410766 460599 453081 472573 345406 403085 499009 310346 419975 377023 548258 523640 476524 285826 363548 512443 409268 465266 451929
473109 392456 508094 579640 428064 439226 568986 489628 581391 600086 450724 434281 484116 476597 496089 368921 426602 522525 333863 443492 400538 571774 547156 500040 309341 387065 535958 432784 488781 475445
460796 380144 495782 567329 415751 426915 556674 477317 569079 587773 438412 421970 471804 464285 483776 356609 414290 510214 321550 431179 388226 559463 534845 487729 297029 374753 523647 420472 476470 463132
449390 368738 484375 555921 404344 415508 545266 465909 557672 576366 427004 410562 460396 452877 472369 345203 402882 498806 310144 419772 376819 548055 523437 476321 285622 363346 512240 409065 465063 451725
559372 478720 594358 665904 514327 525490 655248 575892 667655 686349 536987 520544 570379 562859 582351 455185 512864 608788 420126 529754 486801 658037 633419 586303 395605 473328 622222 519047 575045 561708
405022 324371 440008 511554 359977 371140 500899 421542 513305 531999 382638 366196 416029 408511 428002 300836 358515 454439 265776 375406 332452 503689 479071 431955 241256 318978 467872 364698 420695 407358
430878 350226 465864 537410 385832 396996 526754 447397 539160 557855 408492 392050 441884 434365 453857 326691 384370 480294 291632 401260 358307 529543 504925 457809 267111 344834 493728 390553 446551 433213
371427 290775 406412 477958 326381 337545 467303 387946 479709 498403 349041 332599 382433 374914 394406 267240 324919 420843 232181 341809 298856 470092 445474 398358 207659 285383 434277 331102 387099 373762
482835 402183 517820 589366 437789 448953 578711 499354 591117 609811 460449 444007 493841 486322 505814 378647 436327 532251 343589 453217 410264 581500 556882 509766 319067 396790 545685 442510 498507 485170
508129 427477 543116 614662 463085 474247 604006 524650 616413 635107 485744 469302 519136 511618 531109 403942 461623 557547 368883 478512 435560 606795 582178 535062 344362 422085 570980 467805 523803 510466
493988 413336 528973 600519 448943 460106 589865 510507 602270 620964 471602 455160 504994 497476 516967 389800 447480 543405 354742 464371 421417 592653 568035 520920 330220 407944 556837 453664 509660 496323
401136 320485 436122 507669 356091 367254 497013 417657 509420 528113 378751 362310 412144 404624 424116 296950 354630 450553 261890 371519 328566 499803 475184 428069 237369 315093 463987 360813 416809 403473
400113 319460 435098 506644 355067 366230 495990 416633 508396 527090 377727 361286 411120 403600 423093 295925 353605 449530 260866 370495 327542 498779 474161 427044 236346 314069 462962 359789 415786 402448
416119 335467 451106 522651 371074 382238 511997 432640 524403 543097 393734 377292 427126 419607 439100 311932 369613 465536 276873 386503 343549 514786 490167 443052 252353 330076 478970 375796 431792 418456
539404 458752 574389 645936 494358 505521 635281 555924 647687 666381 517018 500577 550411 542892 562383 435216 492896 588821 400158 509786 466833 638070 613451 566336 375636 453359 602253 499080 555076 541739
429145 348492 464130 535676 384100 395262 525022 445664 537428 556121 406759 390317 440151 432632 452124 324957 382638 478562 289899 399527 356574 527810 503193 456076 265377 343101 491995 388821 444817 431480
426827 346175 461814 533359 381782 392946 522704 443347 535110 553805 404443 388000 437835 430316 449807 322641 380320 476244 287582 397211 354258 525493 500875 453759 263061 340783 489677 386503 442501 429164
522161 441509 557148 628694 477116 488279 618039 538681 630444 649138 499776 483334 533169 525649 545141 417975 475654 571579 382915 492545 449592 620827 596210 549093 358395 436118 585011 481837 537835 524498
446073 365420 481059 552605 401028 412190 541949 462593 554356 573050 423688 407245 457080 449560 469052 341886 399565 495489 306827 416455 373503 544739 520120 473005 282306 360028 508923 405749 461745 448409
410639 329987 445625 517170 365593 376756 506516 427159 518921 537615 388254 371811 421645 414127 433619 306452 364131 460055 271393 381022 338069 509305 484686 437571 246872 324595 473489 370314 426312 412975
409225 328573 444212 515758 364181 375343 505103 425746 517509 536202 386840 370398 420232 412714 432205 305039 362719 458643 269980 379608 336655 507892 483273 436157 245458 323181 472076 368901 424898 411561
509138 428487 544124 615670 464094 475256 605015 525658 617421 636116 486753 470311 520146 512626 532118 404952 462632 558555 369892 479521 436569 607804 583187 536070 345372 423094 571988 468814 524811 511475
371434 290782 406420 477966 326388 337551 467310 387953 479716 498411 349049 332606 382440 374921 394413 267247 324926 420851 232187 341816 298863 470100 445482 398365 207666 285389 434284 331109 387107 373769
430517 349866 465504 537049 385472 396635 526394 447037 538800 557494 408133 391691 441524 434006 453497 326331 384011 479934 291272 400901 357948 529183 504565 457449 266750 344473 493367 390194 446190 432854
561268 480616 596254 667800 516223 527386 657145 577788 669551 688245 538883 522441 572275 564756 584248 457081 514761 610684 422022 531651 488698 659934 635316 588200 397501 475224 624118 520943 576941 563604
498479 417827 533464 605011 453433 464597 594355 514999 606761 625456 476094 459652 509486 501967 521458 394291 451971 547896 359233 468862 425908 597145 572526 525410 334712 412434 561328 458155 514151 500814
462566 381915 497553 569099 417522 428684 558443 479087 570850 589543 440182 423739 473573 466054 485546 358380 416059 511983 323321 432949 389997 561232 536615 489499 298800 376523 525417 422243 478240 464903
399628 318976 434615 506161 354584 365747 495505 416148 507911 526606 377243 360802 410636 403116 422608 295441 353122 449046 260382 370011 327058 498295 473677 426561 235862 313584 462478 359304 415301 401965
555767 475114 590753 662298 510721 521885 651644 572286 664049 682743 533382 516939 566774 559255 578746 451580 509259 605184 416521 526149 483197 654433 629814 582699 391999 469723 618616 515442 571439 558102
442728 362076 477713 549259 397682 408846 538604 459247 551010 569705 420342 403900 453734 446215 465707 338541 396220 492144 303482 413110 370157 541393 516775 469659 278961 356684 505578 402403 458401 445063
532743 452091 567729 639274 487698 498860 628619 549262 641026 659719 510358 493916 543749 536230 555723 428555 486235 582160 393496 503126 460173 631409 606790 559675 368975 446698 595592 492419 548416 535078
421943 341290 456929 528474 376897 388060 517820 438462 530226 548919 399557 383115 432949 425430 444923 317755 375436 471360 282696 392326 349373 520609 495990 448875 258176 335898 484792 381618 437615 424278
565403 484752 600389 671935 520359 531521 661280 581924 673686 692381 543019 526576 576411 568892 588384 461217 518897 614821 426157 535787 492833 664069 639452 592336 401636 479360 628253 525080 581077 567739
522304 441652 557290 628836 477259 488422 618181 538824 630587 649281 499919 483477 533311 525792 545284 418117 475797 571721 383058 492687 449734 620970 596352 549236 358537 436260 585154 481980 537977 524640
452194 371543 487181 558726 407149 418313 548072 468715 560477 579171 429810 413367 463202 455683 475175 348007 405688 501611 312949 422578 379625 550860 526242 479127 288428 366151 515045 411870 467867 454530
435965 355313 470952 542497 390920 402083 531842 452486 544249 562943 413581 397139 446972 439454 458946 331779 389459 485382 296720 406349 363396 534631 510013 462897 272198 349922 498816 395642 451639 438302
467649 386998 502635 574182 422605 433768 563527 484169 575932 594627 445264 428822 478657 471138 490630 363463 421143 517066 328403 438033 395079 566316 541697 494582 303883 381605 530499 427325 483322 469986
511036 430385 546022 617568 465991 477155 606914 527556 619320 638014 488652 472209 522044 514524 534016 406850 464529 560454 371790 481419 438466 609702 585084 537969 347269 424993 573886 470713 526710 513373
381454 300801 416439 487986 336409 347572 477330 397974 489736 508431 359069 342626 392461 384942 404434 277266 334946 430870 242207 351837 308883 480120 455502 408386 217686 295409 444303 341129 397127 383789
434392 353740 469377 540923 389346 400510 530268 450911 542674 561369 412006 395564 445398 437879 457371 330205 387884 483808 295146 404774 361821 533057 508439 461323 270624 348348 497242 394067 450065 436727
456135 375483 491121 562667 411090 422253 552011 472655 564418 583112 433750 417308 467142 459623 479115 351948 409628 505551 316889 426518 383565 554801 530183 483066 292368 370091 518985 415810 471808 458471
468583 387931 503568 575115 423537 434700 564460 485102 576865 595559 446197 429756 479590 472071 491563 364395 422076 517999 329336 438966 396012 567249 542631 495514 304816 382538 531432 428258 484256 470918
557717 477065 592703 664249 512671 523835 653593 574237 665999 684693 535332 518889 568724 561205 580696 453529 511210 607134 418470 528099 485147 656382 631765 584649 393949 471672 620566 517392 573390 560053
539670 459018 574655 646202 494624 505787 635547 556190 647952 666647 517284 500842 550676 543157 562650 435483 493163 589086 400423 510052 467100 638335 613718 566601 375902 453626 602520 499346 555343 542006
408339 327687 443326 514871 363294 374457 504216 424859 516623 535316 385955 369512 419347 411828 431319 304153 361832 457757 269094 378722 335769 507005 482387 435272 244573 322296 471190 368015 424013 410676
482077 401425 517063 588608 437032 448194 577954 498596 590359 609054 459692 443250 493084 485565 505057 377889 435569 531493 342830 452459 409506 580743 556124 509008 318310 396032 544926 441753 497749 484412
529002 448349 563987 635533 483956 495120 624879 545521 637285 655978 506616 490175 540009 532490 551981 424814 482495 578418 389755 499385 456432 627667 603050 555934 365234 442958 591851 488678 544674 531337
479332 398680 514318 585864 434288 445450 575209 495853 587616 606310 456948 440506 490339 482821 502312 375145 432826 528749 340086 449716 406762 577998 553380 506264 315566 393289 542183 439008 495005 481669
388457 307804 423443 494989 343411 354574 484333 404977 496740 515434 366072 349630 399464 391945 411436 284269 341949 437874 249211 358839 315886 487122 462504 415388 224689 302412 451307 348133 404129 390793
467070 386419 502057 573603 422025 433189 562948 483591 575354 594047 444685 428244 478077 470559 490051 362884 420564 516488 327824 437453 394501 565736 541118 494002 303304 381026 529920 426746 482743 469407
454958 374306 489944 561490 409913 421076 550834 471478 563241 581935 432573 416130 465965 458445 477938 350771 408450 504374 315712 425340 382387 553623 529006 481889 291191 368914 517808 414633 470631 457294
454579 373928 489565 561111 409534 420697 550457 471099 562863 581557 432195 415752 465587 458067 477560 350393 408072 503997 315333 424962 382010 553246 528628 481511 290812 368536 517429 414255 470253 456915
555054 474402 590040 661586 510009 521171 650931 571573 663337 682031 532669 516227 566060 558542 578034 450867 508547 604470 415808 525436 482483 653719 629102 581986 391287 469010 617903 514729 570727 557390
388688 308037 423674 495220 343643 354807 484566 405209 496971 515666 366304 349862 399696 392176 411668 284502 342181 438106 249442 359071 316118 487355 462737 415620 224922 302645 451538 348364 404362 391025
418478 337827 453464 525011 373433 384596 514355 434999 526762 545456 396093 379652 429485 421966 441458 314291 371972 467896 279233 388862 345909 517145 492526 445411 254711 332434 481328 378155 434152 420814
557626 476975 592612 664158 512581 523745 653503 574147 665909 684603 535242 518799 568633 561115 580607 453440 511119 607043 418380 528010 485057 656292 631675 584559 393860 471582 620477 517303 573299 559963
488157 407506 523144 594690 443112 454275 584034 504677 596440 615135 465772 449330 499164 491645 511138 383971 441651 537574 348912 458541 415588 586823 562205 515090 324391 402114 551007 447833 503830 490493
497577 416926 532563 604110 452532 463696 593455 514098 605861 624555 475193 458751 508584 501065 520558 393391 451071 546995 358331 467960 425007 596244 571625 524510 333811 411534 560427 457254 513250 499913
533423 452770 568409 639954 488377 499540 629300 549943 641706 660400 511037 494596 544430 536911 556402 429235 486916 582840 394177 503805 460852 632088 607471 560354 369656 447379 596273 493098 549095 535758
538978 458327 573964 645511 493933 505096 634855 555499 647262 665955 516594 500151 549986 542466 561958 434791 492472 588396 399732 509362 466409 637644 613027 565911 375212 452935 601828 498654 554651 541315
529630 448979 564617 636163 484585 495748 625508 546150 637914 656608 507246 490803 540637 533118 552610 425443 483124 579048 390385 500013 457061 628296 603678 556563 365864 443586 592481 489307 545303 531966
478927 398274 513913 585459 433882 445044 574804 495447 587209 605904 456541 440100 489934 482414 501907 374739 432419 528344 339680 449310 406356 577592 552974 505859 315160 392882 541777 438603 494600 481263
459554 378902 494541 566086 414510 425673 555431 476074 567838 586532 437170 420727 470562 463042 482534 355368 413048 508971 320309 429938 386984 558221 533602 486486 295788 373511 522404 419231 475227 461891
433879 353228 468865 540411 388834 399998 529757 450400 542163 560856 411495 395052 444886 437367 456860 329693 387373 483297 294634 404262 361310 532545 507928 460812 270112 347835 496730 393556 449552 436216
388816 308164 423802 495348 343771 354934 484692 405336 497099 515793 366431 349988 399823 392303 411796 284629 342308 438232 249570 359199 316245 487482 462864 415747 225049 302772 451666 348491 404489 391152
564274 483622 599259 670805 519228 530391 660150 580793 672556 691250 541888 525446 575280 567761 587253 460086 517766 613690 425028 534656 491703 662939 638321 591205 400506 478229 627124 523949 579946 566609
402982 322330 437969 509514 357938 369101 498860 419503 511265 529960 380597 364156 413990 406470 425962 298796 356476 452399 263736 373365 330413 501649 477031 429914 239215 316939 465832 362659 418655 405318
438927 358276 473913 545459 393883 405045 534804 455448 547210 565905 416543 400101 449935 442416 461908 334740 392421 488344 299682 409310 366358 537593 512975 465859 275160 352884 501777 398603 454600 441263
432242 351589 467228 538773 387196 398360 528119 448762 540525 559218 409856 393415 443249 435729 455221 328054 385735 481658 292996 402624 359671 530908 506289 459174 268474 346197 495092 391918 447915 434578
482945 402294 517931 589477 437901 449063 578823 499465 591228 609922 460561 444119 493953 486434 505925 378759 436439 532362 343700 453329 410376 581611 556994 509877 319178 396902 545796 442621 498619 485282
551584 470932 586570 658116 506539 517702 647460 568104 659867 678561 529199 512757 562591 555072 574564 447397 505077 601000 412338 521967 479013 650250 625632 578515 387817 465540 614434 511259 567257 553920
541458 460807 576444 647991 496413 507577 637336 557979 649741 668435 519074 502632 552465 544947 564438 437271 494952 590876 402212 511842 468889 640125 615507 568391 377692 455415 604308 501135 557131 543795
486687 406035 521673 593219 441641 452805 582564 503206 594970 613663 464301 447859 497693 490175 509666 382500 440180 536104 347441 457069 414116 585352 560734 513619 322919 400642 549537 446363 502360 489023
429195 348544 464182 535728 384151 395313 525072 445716 537478 556172 406810 390368 440202 432683 452175 325008 382688 478613 289950 399578 356625 527862 503244 456127 265428 343152 492045 388872 444868 431532
515533 434881 550518 622064 470487 481651 611410 532053 623815 642510 493148 476705 526539 519021 538513 411345 469026 564950 376286 485915 442963 614198 589581 542465 351766 429489 578382 475208 531206 517869
498899 418247 533885 605431 453854 465017 594775 515418 607182 625876 476513 460071 509906 502386 521878 394712 452391 548315 359653 469281 426328 597564 572946 525830 335132 412855 561749 458574 514572 501234
537074 456422 572060 643607 492030 503192 632952 553594 645357 664051 514690 498247 548082 540563 560055 432888 490567 586492 397829 507457 464505 635740 611122 564006 373307 451031 599924 496751 552748 539410
413521 332869 448507 520052 368476 379639 509398 430040 521804 540497 391135 374694 424528 417009 436501 309334 367014 462938 274274 383903 340950 512187 487569 440453 249753 327477 476371 373196 429193 415856
398188 317536 433173 504719 353142 364306 494065 414708 506471 525165 375803 359360 409195 401676 421168 294001 351680 447605 258941 368571 325618 496854 472236 425120 234421 312143 461038 357863 413860 400524
533839 453187 568825 640371 488794 499957 629715 550358 642121 660816 511453 495011 544845 537326 556818 429652 487331 583255 394593 504221 461268 632504 607886 560770 370072 447795 596689 493514 549512 536174
