97 29
531666 380042 585937 455820 526449 520784 380604 361576 521618 611646 535354 530988 412484 379915 492881 576641 423256 602566 432241 569508 471943 367947 586566 564610 504716 484288 644488 506646 478693
489807 338183 544078 413961 484590 478924 338745 319718 479759 569787 493495 489129 370625 338056 451022 534782 381397 560707 390381 527649 430084 326088 544707 522751 462857 442429 602629 464787 436834
538099 386475 592370 462253 532882 527216 387037 368009 528051 618079 541787 537421 418917 386348 499314 583074 429689 608999 438673 575941 478376 374380 592999 571043 511149 490721 650921 513079 485126
543778 392154 598050 467932 538561 532895 392716 373689 533730 623758 547466 543100 424597 392028 504994 588754 435368 614678 444353 581621 484056 380059 598679 576722 516829 496401 656601 518759 490805
455101 303477 509372 379255 449884 444218 304039 285011 445053 535081 458789 454423 335919 303350 416316 500076 346691 526002 355675 492943 395378 291382 510001 488045 428151 407724 567923 430081 402128
455478 303854 509750 379632 450261 444595 304416 285388 445430 535458 459166 454800 336296 303727 416693 500453 347068 526378 356052 493320 395755 291759 510378 488422 428528 408100 568300 430458 402505
517760 366136 572031 441914 512543 506877 366698 347670 507712 597740 521448 517082 398578 366009 478975 562735 409350 588660 418334 555602 458037 354041 572660 550704 490810 470382 630582 492740 464787
383367 231743 437638 307521 378150 372484 232305 213277 373319 463347 387055 382689 264185 231616 344583 428342 274957 454267 283942 421209 323644 219648 438268 416311 356417 335989 496189 358347 330394
486878 335254 541149 411032 481661 475995 335816 316788 476830 566858 490567 486200 367696 335127 448093 531853 378468 557778 387452 524720 427155 323159 541778 519822 459928 439500 599700 461858 433905
432326 280702 486597 356480 427109 421443 281264 262236 422278 512306 436014 431648 313144 280575 393541 477301 323916 503226 332900 470169 372603 268607 487226 465270 405376 384948 545148 407306 379353
522276 370652 576547 446430 517059 511393 371214 352186 512228 602256 525964 521598 403094 370525 483491 567251 413866 593176 422851 560118 462553 358557 577176 555220 495326 474898 635098 497256 469303
433377 281753 487648 357531 428160 422494 282316 263287 423329 513357 437065 432699 314195 281626 394592 478352 324967 504277 333951 471219 373654 269658 488277 466321 406427 385999 546199 408357 380404
518563 366939 572835 442717 513346 507680 367501 348473 508515 598543 522251 517885 399381 366812 479778 563538 410153 589463 419137 556405 458840 354844 573463 551507 491613 471185 631385 493543 465590
545217 393593 599488 469371 540000 534334 394155 375127 535169 625197 548905 544539 426035 393466 506432 590192 436807 616117 445791 583059 485494 381498 600117 578161 518267 497839 658039 520197 492244
500926 349302 555197 425080 495709 490043 349864 330836 490878 580906 504614 500248 381744 349175 462141 545901 392516 571826 401500 538768 441203 337207 555826 533870 473976 453548 613748 475906 447953
515097 363473 569368 439251 509880 504214 364035 345007 505049 595077 518785 514419 395915 363347 476312 560072 406687 585997 415671 552939 455374 351378 569997 548041 488147 467719 627919 490077 462124
533736 382112 588007 457890 528519 522853 382674 363646 523688 613716 537424 533058 414554 381985 494951 578711 425326 604636 434310 571578 474013 370017 588636 566680 506786 486358 646558 508717 480763
508969 357345 563240 433123 503752 498085 357906 338879 498921 588949 512656 508290 389787 357218 470184 553944 400558 579869 409543 546811 449246 345249 563869 541912 482019 461591 621791 483949 455995
426472 274848 480744 350626 421255 415589 275410 256383 416424 506452 430160 425794 307290 274721 387688 471447 318062 497372 327047 464314 366749 262753 481373 459416 399523 379095 539294 401453 373499
522026 370402 576297 446180 516809 511143 370964 351936 511978 602006 525714 521348 402844 370275 483241 567001 413616 592926 422600 559868 462303 358306 576926 554969 495076 474648 634848 497006 469053
523859 372235 578130 448013 518642 512976 372797 353769 513811 603839 527547 523181 404677 372108 485074 568834 415449 594759 424433 561701 464136 360140 578759 556803 496909 476481 636681 498839 470886
523304 371681 577575 447458 518087 512421 372242 353214 513256 603284 526992 522626 404122 371553 484519 568279 414894 594204 423878 561146 463581 359585 578204 556248 496354 475926 636127 498284 470331
499720 348096 553991 423874 494503 488837 348658 329630 489672 579700 503408 499042 380538 347969 460935 544695 391310 570620 400294 537562 439997 336001 554620 532664 472770 452342 612542 474700 446747
550418 398795 604689 474572 545201 539535 399356 380328 540370 630398 554106 549740 431236 398667 511633 595393 442008 621318 450992 588260 490695 386699 605318 583362 523468 503040 663240 525398 497445
559159 407535 613430 483313 553942 548276 408097 389069 549111 639139 562847 558481 439977 407408 520374 604135 450749 630059 459733 597001 499436 395440 614059 592103 532209 511781 671981 534139 506186
562109 410485 616381 486263 556892 551226 411047 392019 552061 642089 565797 561431 442927 410358 523324 607084 453699 633009 462683 599951 502386 398390 617009 595053 535159 514731 674932 537089 509136
535224 383600 589495 459378 530007 524341 384162 365134 525176 615204 538912 534546 416042 383473 496439 580199 426814 606124 435798 573066 475501 371505 590124 568168 508274 487846 648046 510204 482251
404275 252651 458546 328429 399058 393392 253213 234185 394227 484255 407963 403597 285093 252524 365490 449250 295865 475175 304849 442117 344552 240556 459175 437219 377325 356897 517097 379255 351302
439553 287929 493824 363707 434336 428670 288491 269463 429505 519533 443241 438875 320371 287802 400768 484528 331143 510453 340127 477395 379830 275834 494453 472497 412603 392175 552375 414533 386580
578199 426575 632470 502353 572982 567316 427137 408109 568151 658179 581887 577521 459017 426448 539414 623174 469789 649099 478773 616041 518476 414480 633099 611143 551249 530821 691021 553179 525226
462708 311084 516979 386862 457491 451825 311646 292618 452660 542688 466396 462030 343526 310957 423923 507683 354298 533608 363282 500550 402985 298989 517608 495652 435758 415330 575530 437688 409735
438233 286609 492504 362387 433016 427350 287171 268143 428185 518213 441921 437555 319051 286482 399448 483208 329823 509133 338807 476075 378510 274514 493133 471177 411283 390855 551055 413213 385260
499230 347606 553501 423384 494013 488347 348168 329140 489182 579210 502918 498552 380048 347479 460445 544205 390820 570130 399804 537072 439507 335511 554130 532174 472280 451852 612052 474210 446257
488412 336788 542684 412566 483195 477529 337350 318323 478364 568392 492100 487734 369231 336661 449628 533388 380002 559312 388987 526254 428689 324693 543313 521356 461463 441035 601234 463393 435439
556906 405282 611177 481060 551689 546023 405844 386816 546858 636886 560594 556228 437724 405155 518121 601881 448496 627806 457480 594748 497183 393187 611806 589850 529956 509528 669728 531886 503933
557308 405684 611579 481462 552091 546425 406246 387218 547260 637288 560996 556630 438126 405557 518523 602283 448898 628208 457882 595150 497585 393589 612208 590252 530358 509930 670130 532288 504335
429977 278353 484248 354131 424760 419094 278915 259887 419929 509957 433665 429299 310795 278226 391192 474952 321567 500877 330551 467819 370254 266258 484877 462921 403027 382599 542799 404957 377004
513972 362348 568243 438126 508755 503089 362910 343882 503924 593952 517660 513294 394790 362221 475187 558947 405562 584872 414546 551814 454249 350253 568872 546916 487022 466594 626794 488952 460999
547499 395875 601770 471653 542282 536616 396437 377409 537451 627479 551187 546821 428317 395748 508714 592474 439089 618399 448073 585341 487776 383780 602399 580443 520549 500121 660321 522479 494526
411729 260105 466000 335883 406512 400846 260667 241639 401681 491709 415417 411052 292547 259978 372944 456704 303319 482629 312303 449571 352006 248010 466629 444673 384779 364351 524551 386709 358756
494358 342734 548629 418512 489141 483475 343296 324268 484310 574338 498046 493680 375176 342608 455573 539333 385948 565258 394932 532200 434635 330639 549258 527302 467408 446980 607180 469338 441385
381928 230304 436199 306082 376711 371045 230866 211838 371880 461908 385616 381250 262746 230177 343143 426903 273518 452828 282502 419770 322205 218209 436828 414872 354978 334550 494750 356908 328955
567523 415899 621794 491677 562306 556640 416461 397433 557475 647503 571211 566845 448341 415772 528738 612498 459113 638423 468097 605365 507800 403804 622423 600467 540573 520145 680345 542503 514550
537960 386336 592231 462114 532743 527076 386897 367870 527912 617940 541648 537282 418778 386209 499175 582935 429550 608860 438534 575802 478237 374240 592860 570903 511010 490582 650782 512940 484987
488261 336637 542532 412415 483044 477378 337199 318171 478213 568241 491949 487583 369079 336510 449476 533236 379851 559161 388835 526103 428538 324542 543161 521205 461311 440883 601083 463241 435288
465275 313651 519546 389429 460058 454392 314213 295185 455227 545255 468963 464597 346093 313524 426490 510250 356865 536175 365849 503117 405552 301556 520175 498219 438325 417897 578097 440255 412302
477901 326277 532172 402055 472684 467018 326839 307811 467853 557881 481589 477223 358719 326150 439116 522876 369491 548801 378475 515743 418178 314182 532801 510845 450951 430523 590723 452881 424928
449865 298241 504136 374019 444648 438982 298803 279775 439817 529845 453553 449187 330683 298114 411080 494840 341455 520765 350439 487707 390142 286146 504765 482809 422915 402487 562687 424845 396892
445624 294000 499895 369778 440407 434741 294562 275534 435576 525604 449312 444946 326442 293873 406839 490599 337214 516524 346198 483466 385901 281905 500524 478568 418674 398246 558446 420604 392651
464660 313036 518932 388814 459443 453777 313598 294570 454612 544640 468348 463982 345478 312909 425876 509635 356250 535560 365235 502502 404937 300941 519561 497604 437710 417283 577482 439641 411687
550929 399305 605200 475083 545712 540046 399867 380840 540881 630909 554617 550251 431747 399178 512144 595904 442519 621829 451503 588771 491206 387210 605829 583873 523979 503551 663751 525909 497956
458936 307312 513207 383091 453719 448053 307874 288846 448888 538916 462624 458258 339754 307185 420151 503911 350526 529836 359510 496778 399213 295217 513836 491880 431987 411558 571758 433916 405963
493905 342281 548176 418059 488688 483022 342843 323815 483857 573885 497593 493227 374723 342154 455120 538880 385495 564805 394479 531747 434182 330186 548805 526849 466955 446527 606727 468885 440932
415367 263743 469638 339521 410150 404484 264305 245277 405319 495347 419055 414689 296185 263616 376582 460342 306957 486267 315941 453209 355644 251648 470267 448311 388417 367989 528189 390347 362394
557706 406082 611977 481860 552489 546823 406644 387617 547658 637686 561394 557028 438524 405955 518921 602681 449296 628606 458280 595548 497983 393987 612606 590650 530756 510328 670528 532686 504733
447424 295800 501695 371578 442207 436541 296362 277335 437376 527404 451112 446746 328242 295674 408639 492399 339014 518324 347998 485266 387701 283705 502324 480368 420474 400046 560246 422404 394451
542412 390788 596684 466566 537195 531529 391350 372322 532364 622392 546100 541734 423230 390661 503628 587387 434002 613312 442987 580254 482689 378693 597313 575356 515462 495034 655234 517392 489439
416628 265004 470899 340782 411411 405745 265566 246538 406580 496608 420316 415951 297446 264877 377843 461603 308218 487528 317202 454470 356905 252909 471528 449572 389678 369250 529450 391608 363655
534071 382447 588342 458226 528854 523188 383009 363981 524023 614051 537759 533393 414889 382320 495286 579046 425661 604971 434645 571913 474348 370352 588971 567015 507121 486693 646893 509051 481098
465268 313644 519539 389422 460051 454386 314206 295178 455220 545248 468956 464591 346086 313517 426483 510243 356858 536168 365842 503110 405545 301549 520168 498212 438318 417890 578090 440248 412295
414814 263190 469085 338968 409597 403931 263752 244724 404766 494794 418502 414136 295632 263063 376029 459789 306404 485714 315388 452656 355091 251095 469714 447758 387864 367436 527636 389794 361841
444467 292843 498738 368621 439250 433584 293405 274377 434419 524447 448155 443789 325285 292716 405682 489442 336057 515367 345041 482309 384744 280748 499367 477411 417517 397089 557289 419447 391494
433916 282292 488187 358069 428699 423032 282853 263826 423867 513896 437603 433237 314734 282165 395131 478891 325505 504816 334490 471758 374193 270196 488816 466859 406966 386538 546738 408896 380942
439986 288362 494257 364140 434769 429103 288924 269896 429938 519966 443674 439308 320804 288235 401201 484961 331576 510887 340560 477828 380263 276267 494886 472930 413036 392608 552808 414966 387013
465783 314159 520054 389937 460566 454900 314721 295693 455735 545763 469471 465105 346601 314032 426998 510758 357373 536683 366357 503625 406060 302064 520683 498727 438833 418405 578605 440763 412810
526156 374532 580427 450310 520939 515273 375094 356066 516108 606136 529844 525478 406974 374405 487371 571131 417746 597056 426730 563998 466433 362437 581056 559100 499206 478778 638978 501136 473183
440464 288840 494735 364618 435247 429581 289402 270374 430416 520444 444152 439786 321282 288713 401679 485439 332054 511364 341038 478306 380741 276745 495364 473408 413514 393086 553286 415444 387491
576450 424826 630721 500604 571233 565567 425388 406360 566402 656430 580138 575772 457268 424699 537665 621425 468040 647350 477024 614292 516727 412731 631350 609394 549500 529072 689272 551430 523477
424992 273368 479263 349146 419775 414109 273930 254902 414944 504972 428680 424314 305810 273241 386207 469967 316582 495892 325566 462834 365269 261273 479892 457936 398042 377614 537814 399972 372019
444765 293141 499037 368919 439548 433882 293703 274675 434717 524745 448453 444087 325583 293014 405981 489740 336355 515665 345340 482607 385042 281046 499666 477709 417815 397387 557587 419746 391792
435193 283569 489464 359347 429976 424310 284131 265103 425145 515173 438881 434515 316011 283442 396408 480168 326783 506093 335767 473035 375470 271474 490093 468137 408243 387815 548015 410173 382220
449854 298230 504125 374008 444637 438971 298792 279764 439806 529834 453542 449176 330672 298103 411069 494829 341444 520754 350428 487696 390131 286135 504754 482798 422904 402476 562676 424834 396881
576043 424419 630314 500197 570826 565159 424980 405953 565995 656023 579731 575364 456861 424292 537258 621018 467633 646943 476617 613885 516320 412323 630943 608986 549093 528665 688865 551023 523070
561581 409957 615852 485735 556364 550698 410519 391491 551533 641561 565269 560903 442399 409830 522796 606556 453171 632481 462155 599423 501858 397862 616481 594525 534631 514203 674403 536561 508608
469090 317466 523361 393244 463873 458207 318028 299000 459042 549070 472778 468412 349908 317339 430305 514066 360680 539990 369664 506932 409367 305371 523990 502034 442140 421712 581912 444070 416117
478464 326840 532735 402618 473247 467581 327402 308374 468416 558444 482152 477786 359282 326713 439679 523439 370054 549364 379038 516306 418741 314745 533364 511407 451514 431086 591286 453444 425491
390089 238465 444360 314243 384872 379206 239027 219999 380041 470069 393777 389411 270907 238338 351304 435064 281679 460989 290664 427931 330366 226370 444989 423033 363139 342711 502911 365069 337116
546572 394948 600843 470726 541355 535689 395510 376482 536524 626552 550260 545894 427390 394821 507787 591547 438162 617472 447146 584414 486849 382853 601472 579516 519622 499194 659394 521553 493599
400387 248763 454658 324541 395170 389504 249325 230297 390339 480367 404075 399709 281205 248636 361602 445362 291977 471287 300961 438229 340664 236668 455288 433331 373437 353009 513209 375367 347414
475646 324022 529917 399800 470429 464763 324584 305556 465598 555626 479334 474968 356464 323895 436861 520621 367236 546546 376220 513488 415923 311927 530546 508590 448696 428268 588468 450626 422673
416178 264554 470449 340333 410961 405295 265116 246088 406130 496158 419866 415500 296996 264427 377393 461153 307768 487078 316752 454020 356455 252459 471078 449122 389228 368800 529000 391158 363205
526663 375039 580934 450817 521446 515780 375601 356573 516615 606643 530351 525985 407481 374912 487878 571638 418253 597563 427237 564505 466940 362944 581563 559607 499713 479285 639485 501643 473690
451958 300334 506229 376112 446741 441075 300896 281868 441910 531938 455646 451280 332776 300207 413173 496933 343548 522858 352532 489800 392235 288239 506858 484902 425008 404580 564780 426938 398985
460662 309038 514933 384816 455445 449779 309601 290572 450614 540642 464350 459985 341480 308911 421877 505638 352252 531562 361236 498504 400939 296943 515562 493606 433712 413284 573484 435642 407689
428361 276737 482632 352515 423144 417478 277299 258271 418313 508341 432049 427683 309179 276610 389576 473336 319951 499261 328935 466204 368638 264642 483261 461305 401411 380983 541183 403341 375388
555336 403712 609607 479490 550119 544453 404274 385246 545288 635316 559024 554658 436154 403585 516551 600311 446926 626236 455911 593178 495613 391617 610237 588280 528386 507958 668158 530316 502363
538429 386805 592701 462583 533212 527546 387367 368340 528381 618409 542117 537751 419248 386678 499645 583405 430019 609329 439004 576272 478707 374710 593330 571373 511480 491052 651252 513410 485456
413234 261610 467505 337388 408017 402351 262172 243144 403186 493214 416922 412556 294052 261483 374449 458209 304824 484134 313808 451076 353511 249515 468134 446178 386284 365856 526056 388214 360261
409236 257612 463507 333390 404019 398352 258174 239146 399188 489216 412924 408558 290054 257485 370451 454211 300826 480136 309810 447078 349513 245516 464136 442179 382286 361858 522058 384216 356263
544634 393010 598905 468788 539417 533751 393573 374544 534586 624614 548322 543956 425452 392883 505849 589609 436224 615534 445208 582476 484911 380915 599534 577578 517684 497256 657456 519614 491661
573539 421915 627811 497693 568322 562656 422477 403450 563491 653519 577227 572861 454358 421788 534755 618515 465129 644439 474114 611382 513816 409820 628440 606483 546590 526162 686361 548520 520566
388688 237064 442960 312842 383471 377805 237626 218599 378640 468668 392376 388010 269507 236937 349904 433664 280278 459588 289263 426531 328965 224969 443589 421632 361739 341311 501511 363669 335715
520012 368388 574283 444166 514795 509129 368950 349922 509964 599992 523700 519334 400830 368261 481227 564987 411602 590912 420586 557854 460289 356293 574912 552956 493062 472634 632834 494992 467039
559358 407734 613629 483513 554141 548475 408296 389268 549310 639338 563046 558680 440176 407607 520573 604333 450948 630258 459932 597200 499635 395639 614258 592302 532408 511980 672180 534338 506385
565477 413853 619748 489631 560260 554594 414415 395387 555429 645457 569165 564799 446295 413726 526692 610452 457067 636377 466051 603319 505754 401758 620377 598421 538527 518099 678299 540457 512504
415650 264026 469921 339804 410433 404767 264588 245560 405602 495630 419338 414972 296468 263899 376865 460625 307240 486550 316224 453492 355927 251931 470550 448594 388700 368272 528472 390630 362677
383484 231860 437755 307638 378267 372601 232422 213394 373436 463464 387172 382806 264302 231733 344699 428459 275074 454384 284058 421326 323761 219765 438384 416428 356534 336107 496306 358464 330511
