97 29
398512 286242 367693 461840 251661 432296 436907 365291 513442 510550 465118 303107 315485 561409 460966 400078 316857 580615 345113 420432 495798 514498 532633 517903 355821 510334 536632 420563 456185
453095 340825 422276 516423 306244 486879 491490 419874 568025 565133 519701 357690 370068 615992 515549 454661 371440 635198 399696 475015 550381 569081 587216 572486 410404 564917 591215 475146 510768
461061 397278 478729 524389 411184 494845 596430 476327 672965 670073 576154 414143 475008 623958 523515 511114 427893 691651 407662 531468 606834 674021 643669 580452 466857 621370 647668 580086 567221
486009 373739 455190 549337 339158 519793 524404 452788 600939 598047 552615 390604 402982 648906 548463 487575 404354 668112 432610 507929 583295 601995 620130 605400 443318 597831 624129 508060 543682
410329 298059 379510 473657 263478 444113 448724 377108 525259 522367 476935 314924 327302 573226 472783 411895 328674 592432 356930 432249 507615 526315 544450 529720 367638 522151 548449 432380 468002
402785 387489 420453 466113 352908 436569 489667 369564 614689 563310 517878 355867 416732 614169 465239 452838 418104 584888 349386 521679 597045 567258 585393 522176 457068 514607 589392 473323 557432
486687 374417 407381 550015 388323 471984 573569 404979 601617 598725 553293 342795 452147 649584 500654 488253 453519 668790 384801 508607 632460 602673 620808 606078 443996 598509 624807 557225 544360
445505 381722 366199 508833 347141 479289 483900 363797 560435 606030 560598 301613 410965 608402 507959 398584 412337 579121 343619 467425 542791 609978 531139 564896 451301 508840 535138 516043 503178
459371 347101 428552 522699 312520 493155 497766 426150 574301 571409 525977 363966 376344 622268 521825 460937 377716 641474 405972 481291 556657 575357 593492 578762 416680 571193 597491 481422 517044
528784 465001 449478 543625 430420 562568 567179 495563 692201 689309 595390 433379 445757 643194 591238 481863 447129 662400 475385 599191 626070 693257 662905 599688 534580 640606 618417 550835 586457
482929 370659 452110 546257 336078 516713 521324 449708 597859 594967 549535 387524 399902 645826 545383 484495 401274 665032 429530 504849 580215 598915 617050 602320 440238 594751 621049 504980 540602
558877 446607 528058 622205 460513 544174 597272 477169 673807 670915 625483 463472 475850 721774 621331 560443 477222 740980 505478 580797 704650 674863 692998 629781 564673 622212 696997 629415 616550
417054 304784 337748 480382 318690 402351 455449 383833 580471 529092 532147 273162 382514 579951 479508 370133 335399 599157 315168 487461 514340 581527 502688 536445 374363 480389 506687 487592 523214
507582 443799 476763 570910 360731 492879 545977 474361 670999 668107 574188 412177 473042 621992 521549 509148 474414 689685 405696 529502 604868 623568 593216 578486 464891 619404 645702 529633 613742
407669 343886 425337 470997 309305 441453 494551 422935 619573 568194 522762 360751 373129 619053 470123 457722 422988 638259 354270 526563 553442 620629 590277 527060 461952 567978 594276 526694 513829
490704 426921 411398 554032 343853 476001 529099 408996 605634 651229 557310 346812 407677 605114 504671 443783 457536 672807 437305 512624 587990 655177 624825 610095 496500 602526 628824 561242 596864
516260 500964 533928 579588 417896 550044 651629 531526 728164 725272 631353 420855 530207 727644 627201 517826 483092 698363 511348 586667 710520 729220 650381 684138 522056 628082 702867 635285 622420
557042 493259 477736 571883 458678 590826 595437 523821 720459 717567 623648 461637 474015 671452 619496 510121 475387 690658 503643 627449 654328 721515 691163 627946 562838 668864 646675 579093 614715
439015 326745 408196 502343 292164 472799 477410 405794 553945 551053 505621 343610 355988 601912 501469 440581 357360 621118 385616 460935 536301 555001 573136 558406 396324 550837 577135 461066 496688
444753 380970 413934 508081 346389 478537 580122 460019 656657 605278 608333 397835 410213 607650 555694 494806 460072 626856 439841 563647 639013 657713 578874 564144 450549 605062 631360 563778 550913
523284 459501 443978 538125 424920 508581 610166 490063 686701 683809 638377 379392 440257 686181 585738 476363 441629 656900 469885 545204 669057 687757 608918 594188 480593 635106 612917 593822 580957
386198 370902 355379 498013 336321 468469 473080 352977 598102 595210 549778 290793 400145 549095 497139 387764 401517 616788 332799 456605 531971 550671 520319 554076 440481 546507 524318 456736 540845
564348 452078 533529 627676 417497 598132 602743 531127 679278 676386 630954 468943 481321 727245 626802 565914 482693 746451 510949 586268 661634 680334 698469 683739 521657 676170 702468 586399 622021
435373 371590 404554 547188 337009 517644 570742 402152 647277 595898 550466 388455 449320 646757 546314 485426 402205 617476 430461 505780 629633 599846 617981 554764 489656 547195 621980 505911 590020
339006 323710 308187 450821 289129 421277 425888 305785 550910 548018 502586 243601 352953 501903 449947 340572 354325 569596 285607 409413 484779 503479 473127 506884 393289 499315 477126 409544 493653
446223 382440 415404 461064 347859 480007 533105 364515 561153 558261 561316 302331 411683 560633 508677 447789 364568 579839 344337 516630 591996 610696 531857 517127 403532 558045 535856 516761 503896
409068 296798 378249 472396 262217 442852 447463 375847 523998 521106 475674 313663 326041 571965 471522 410634 327413 591171 355669 430988 506354 525054 543189 528459 366377 520890 547188 431119 466741
390849 278579 311543 405690 243998 376146 477731 357628 554266 502887 505942 295444 356309 505259 453303 343928 357681 572952 337450 461256 536622 506835 476483 461753 348158 502671 480482 412900 497009
527785 464002 496966 591113 477908 610056 663154 494564 739689 736797 642878 432380 541732 690682 638726 577838 543104 758375 522873 646679 673558 740745 661906 695663 533581 639607 665905 646810 633945
483221 370951 452402 546549 336370 517005 521616 450000 598151 595259 549827 387816 400194 646118 545675 484787 401566 665324 429822 505141 580507 599207 617342 602612 440530 595043 621341 505272 540894
516545 404275 485726 579873 369694 550329 554940 483324 631475 628583 631638 372653 482005 679442 578999 518111 434890 650161 463146 538465 613831 632531 650666 587449 473854 628367 606178 587083 622705
453153 389370 373847 467994 306302 486937 491548 371445 616570 565191 568246 309261 418613 616050 515607 454719 419985 586769 351267 475073 598926 617626 587274 524057 458949 516488 542786 523691 510826
535460 423190 456154 598788 437096 520757 622342 453752 650390 647498 602066 391568 500920 698357 549427 537026 502292 717563 433574 557380 681233 651446 669581 654851 492769 647282 673580 605998 593133
420777 405481 389958 484105 370900 503048 556146 436043 632681 581302 535870 325372 434724 632161 483231 422343 436096 602880 415865 539671 566550 633737 554898 540168 426573 581086 607384 491315 575424
466971 354701 436152 530299 320120 500755 505366 433750 581901 579009 533577 371566 383944 629868 529425 468537 385316 649074 413572 488891 564257 582957 601092 586362 424280 578793 605091 489022 524644
500535 388265 469716 563863 353684 534319 538930 467314 615465 612573 567141 405130 417508 663432 562989 502101 418880 682638 447136 522455 597821 616521 634656 619926 457844 612357 638655 522586 558208
399267 286997 319961 462595 252416 384564 486149 366046 514197 559792 465873 303862 364727 562164 461721 352346 317612 532883 297381 469674 545040 563740 484901 518658 356576 462602 537387 469805 456940
497458 385188 418152 560786 399094 482755 535853 464237 660875 609496 612551 353566 462918 660355 559912 450537 415803 679561 395572 567865 594744 661931 583092 616849 454767 560793 587091 567996 603618
469526 357256 438707 532854 322675 503310 507921 436305 584456 581564 536132 374121 386499 632423 531980 471092 387871 651629 416127 491446 566812 585512 603647 588917 426835 581348 607646 491577 527199
410426 298156 379607 473754 263575 444210 448821 377205 525356 522464 477032 315021 327399 573323 472880 411992 328771 592529 357027 432346 507712 526412 544547 529817 367735 522248 548546 432477 468099
414954 302684 384135 478282 268103 448738 453349 381733 529884 526992 481560 319549 331927 577851 477408 416520 333299 597057 361555 436874 512240 530940 549075 534345 372263 526776 553074 437005 472627
443401 379618 412582 506729 296550 428698 481796 410180 606818 603926 510007 347996 408861 557811 457368 444967 410233 625504 341515 465321 540687 559387 529035 514305 400710 555223 581521 465452 549561
458084 394301 475752 521412 408207 540355 593453 424863 621501 618609 621664 362679 472031 669468 520538 459650 473403 640187 453172 576978 652344 622557 592205 577475 512367 618393 644691 577109 564244
444766 332496 413947 508094 297915 478550 483161 411545 559696 556804 511372 349361 361739 607663 507220 446332 363111 626869 391367 466686 542052 560752 578887 564157 402075 556588 582886 466817 502439
419242 306972 388423 482570 272391 453026 457637 386021 534172 531280 485848 323837 336215 582139 481696 420808 337587 601345 365843 441162 516528 535228 553363 538633 376551 531064 557362 441293 476915
560783 448513 529964 624111 413932 594567 599178 527562 675713 672821 627389 465378 477756 723680 623237 562349 479128 742886 507384 582703 658069 676769 694904 680174 518092 672605 698903 582834 618456
488642 376372 457823 551970 341791 522426 527037 455421 603572 600680 603735 344750 454102 651539 551096 490208 406987 622258 435243 510562 585928 604628 622763 559546 445951 600464 578275 559180 594802
506044 442261 475225 569372 407680 539828 592926 472823 620974 618082 572650 410639 423017 620454 520011 507610 472876 639660 452645 527964 603330 670517 591678 625435 463353 569379 644164 528095 563717
440859 328589 410040 504187 294008 474643 479254 407638 555789 552897 507465 345454 357832 603756 503313 442425 359204 622962 387460 462779 538145 556845 574980 560250 398168 552681 578979 462910 498532
484793 421010 405487 499634 337942 518577 523188 451572 599723 596831 599886 340901 450253 599203 498760 486359 403138 666896 431394 506713 582079 649266 618914 604184 490589 548128 574426 555331 590953
499243 386973 468424 562571 352392 533027 537638 466022 614173 611281 565849 403838 416216 662140 561697 500809 417588 681346 445844 521163 596529 615229 633364 618634 456552 611065 637363 521294 556916
490809 378539 459990 554137 343958 524593 529204 457588 605739 602847 557415 395404 407782 653706 553263 492375 409154 672912 437410 512729 588095 606795 624930 610200 448118 602631 628929 512860 548482
553260 440990 522441 616588 406409 587044 591655 520039 668190 665298 619866 457855 470233 716157 615714 554826 471605 735363 499861 575180 650546 669246 687381 672651 510569 665082 691380 575311 610933
386940 274670 356121 401781 240089 372237 473822 353719 501870 547465 502033 243048 303913 549837 400907 388506 305285 520556 285054 457347 532713 551413 521061 457844 344249 498762 476573 457478 493100
516886 404616 486067 580214 370035 550670 555281 483665 631816 628924 583492 421481 433859 679783 579340 518452 435231 698989 463487 538806 614172 632872 651007 636277 474195 628708 655006 538937 574559
466200 353930 435381 529528 319349 499984 504595 432979 581130 578238 532806 370795 383173 629097 528654 467766 384545 648303 412801 488120 563486 582186 600321 585591 423509 578022 604320 488251 523873
458289 394506 378983 521617 359925 492073 496684 376581 573219 618814 573382 362884 375262 572699 472256 459855 425121 640392 356403 528696 555575 622762 543923 529193 415598 570111 596409 480340 515962
499466 387196 468647 562794 352615 533250 537861 466245 614396 611504 566072 404061 416439 662363 561920 501032 417811 681569 446067 521386 596752 615452 633587 618857 456775 611288 637586 521517 557139
575725 463455 496419 639053 477361 609509 614120 542504 690655 687763 690818 431833 541185 690135 589692 577291 542557 757828 473839 597645 721498 691711 709846 646629 581521 687547 665358 597776 681885
504986 489690 522654 568314 406622 587257 640355 471765 668403 665511 668566 458068 518933 667883 567440 555039 520305 687089 500074 623880 650759 669459 639107 672864 510782 665295 691593 575524 659633
392112 328329 361293 455440 293748 425896 478994 358891 507042 504150 458718 296707 309085 506522 406079 393678 358944 525728 338713 414032 489398 556585 477746 511503 349421 455447 530232 414163 449785
406703 294433 375884 470031 259852 440487 445098 373482 521633 518741 473309 311298 323676 569600 469157 408269 325048 588806 353304 428623 503989 522689 540824 526094 364012 518525 544823 428754 464376
496307 384037 465488 559635 349456 530091 534702 463086 611237 608345 562913 400902 413280 659204 558761 497873 414652 678410 442908 518227 593593 612293 630428 615698 453616 608129 634427 518358 553980
511309 447526 432003 526150 364458 545093 549704 429601 674726 623347 626402 367417 476769 674206 573763 512875 478141 644925 409423 533229 657082 675782 645430 582213 517105 574644 600942 581847 568982
418006 402710 435674 481334 368129 451790 504888 384785 629910 627018 533099 371088 383466 629390 480460 419572 433325 648596 413094 488413 563779 630966 600614 537397 472289 529828 604613 488544 572653
467762 355492 436943 482603 320911 453059 554644 434541 582692 628287 582855 323870 384735 630659 481729 469328 386107 601378 365876 538169 613535 632235 601883 538666 425071 579584 557395 538300 573922
526206 413936 495387 589534 379355 559990 564601 492985 641136 638244 592812 430801 443179 689103 588660 527772 444551 708309 472807 548126 623492 642192 660327 645597 483515 638028 664326 548257 583879
398967 383671 416635 510782 300603 481238 534336 365746 610871 607979 562547 352049 412914 561864 509908 449020 365799 581070 345568 469374 544740 563440 533088 518358 404763 510789 585574 517992 553614
491246 378976 460427 554574 344395 525030 529641 458025 606176 603284 557852 395841 408219 654143 553700 492812 409591 673349 437847 513166 588532 607232 625367 610637 448555 603068 629366 513297 548919
524273 412003 493454 587601 377422 558057 562668 491052 639203 636311 590879 428868 441246 687170 586727 525839 442618 706376 470874 546193 621559 640259 658394 643664 481582 636095 662393 546324 581946
405668 293398 374849 420509 258817 390965 492550 323960 520598 517706 472274 310263 371128 520078 468122 407234 372500 587771 303782 476075 551441 570141 539789 525059 362977 469003 543788 427719 463341
433557 369774 354251 496885 335193 467341 471952 351849 548487 594082 548650 338152 350530 547967 447524 435123 400389 615660 331671 503964 530843 598030 519191 504461 390866 545379 571677 455608 491230
382135 269865 351316 445463 235284 415919 420530 348914 497065 494173 448741 286730 299108 545032 444589 383701 300480 564238 328736 404055 479421 498121 516256 501526 339444 493957 520255 404186 439808
550245 437975 519426 613573 403394 584029 588640 517024 665175 662283 616851 454840 467218 713142 612699 551811 468590 732348 496846 572165 647531 666231 684366 669636 507554 662067 688365 572296 607918
332187 316891 349855 395515 282310 365971 419069 298966 544091 541199 447280 285269 297647 543571 394641 333753 347506 562777 327275 402594 477960 545147 514795 451578 386470 444009 518794 402725 486834
507464 395194 476645 570792 360613 541248 545859 474243 622394 619502 574070 412059 424437 670361 569918 509030 425809 689567 454065 529384 604750 623450 641585 626855 464773 619286 645584 529515 565137
515910 452127 485091 530751 417546 549694 554305 482689 679327 676435 631003 420505 432883 630320 578364 517476 434255 698013 462511 537830 613196 631896 650031 586814 473219 579245 605543 537961 573583
522140 409870 491321 585468 375289 555924 560535 488919 637070 634178 588746 426735 439113 685037 584594 523706 440485 704243 468741 544060 619426 638126 656261 641531 479449 633962 660260 544191 579813
374140 310357 391808 437468 275776 407924 461022 389406 586044 534665 489233 327222 339600 585524 436594 424193 389459 604730 320741 493034 519913 587100 556748 493531 428423 534449 560747 493165 480300
559877 447607 480571 623205 413026 593661 598272 526656 723294 671915 674970 464472 476850 674287 622331 512956 526709 741980 506478 630284 657163 724350 693998 630781 517186 671699 649510 581928 617550
436922 373139 406103 548737 338558 519193 572291 403701 648826 597447 552015 390004 450869 648306 547863 486975 403754 619025 432010 507329 631182 601395 619530 556313 491205 548744 623529 507460 591569
444797 429501 462465 508125 346433 478581 531679 460063 608214 653809 608377 397879 410257 656181 507251 494850 411629 626900 391398 563691 590570 657757 627405 612675 499080 605106 631404 515335 550957
336540 321244 354208 399868 238176 370324 471909 351806 548444 545552 451633 241135 350487 547924 447481 338106 303372 518643 331628 406947 530800 549500 470661 504418 342336 448362 523147 455565 442700
471529 407746 440710 486370 373165 505313 558411 389821 586459 583567 586622 327637 436989 585939 533983 473095 389874 605145 369643 541936 617302 636002 557163 542433 428838 583351 561162 542067 529202
362267 346971 379935 425595 263903 444538 497636 329046 525684 522792 525847 315349 376214 525164 424721 412320 377586 544370 357355 481161 508040 526740 496388 530145 368063 522576 548874 432805 516914
392840 280570 362021 456168 245989 426624 431235 359619 507770 504878 459446 297435 309813 555737 455294 394406 311185 574943 339441 414760 490126 508826 526961 512231 350149 504662 530960 414891 450513
359763 344467 377431 471578 261399 442034 495132 326542 571667 568775 523343 312845 373710 522660 470704 409816 326595 541866 306364 430170 505536 524236 493884 479154 365559 471585 546370 478788 514410
550672 438402 519853 614000 403821 584456 589067 517451 665602 662710 617278 455267 467645 713569 613126 552238 469017 732775 497273 572592 647958 666658 684793 670063 507981 662494 688792 572723 608345
483004 467708 452185 546332 433127 565275 618373 498270 694908 643529 598097 387599 496951 694388 545458 484570 498323 665107 478092 601898 628777 695964 617125 602395 488800 643313 669611 553542 637651
428635 364852 446303 491963 378758 510906 564004 395414 592052 589160 592215 333230 442582 640019 491089 430201 443954 610738 423723 547529 622895 593108 562756 548026 482918 588944 615242 547660 534795
448636 384853 369330 511964 350272 482420 487031 366928 563566 609161 563729 304744 414096 611533 511090 401715 415468 582252 346750 470556 545922 613109 534270 568027 454432 511971 538269 519174 506309
391380 327597 312074 454708 244529 376677 429775 309672 506310 551905 457986 247488 308353 505790 405347 344459 358212 573483 337981 413300 488666 555853 525501 510771 397176 503202 529500 461918 497540
492884 380614 462065 556212 346033 526668 531279 459663 607814 604922 559490 397479 409857 655781 555338 494450 411229 674987 439485 514804 590170 608870 627005 612275 450193 604706 631004 514935 550557
344070 280287 313251 455885 294193 426341 430952 359336 507487 504595 459163 248665 358017 555454 406524 345636 359389 574660 339158 462964 538330 508543 478191 511948 349866 504379 482190 463095 498717
397861 382565 367042 461189 299497 431645 533230 364640 609765 558386 561441 350943 363321 560758 508802 447914 413180 579964 392949 516755 543634 610821 580469 517252 452144 509683 584468 516886 504021
423925 311655 393106 487253 277074 457709 462320 390704 538855 535963 490531 328520 340898 586822 486379 425491 342270 606028 370526 445845 521211 539911 558046 543316 381234 535747 562045 445976 481598
361292 297509 378960 424620 262928 443563 448174 376558 573196 521817 524872 265887 375239 572676 423746 362858 376611 591882 307893 480186 507065 525765 543900 529170 415575 473114 547899 480317 467452
