100 50
616949 616949 616949 616949 616949 616949 616949 616949 616949 616949 616949 616949 616949 616949 616949 616949 616949 616949 616949 616949 616949 616949 616949 616949 616949 616949 616949 616949 616949 616949 616949 616949 616949 616949 616949 616949 616949 616949 616949 616949 616949 616949 616949 616949 616949 616949 616949 616949 616949 616949
143468 143468 143468 143468 143468 143468 143468 143468 143468 143468 143468 143468 143468 143468 143468 143468 143468 143468 143468 143468 143468 143468 143468 143468 143468 143468 143468 143468 143468 143468 143468 143468 143468 143468 143468 143468 143468 143468 143468 143468 143468 143468 143468 143468 143468 143468 143468 143468 143468 143469
19203 19203 19203 19203 19203 19203 19203 19203 19203 19203 19203 19203 19203 19203 19203 19203 19203 19203 19203 19203 19203 19203 19203 19203 19203 19203 19203 19203 19203 19203 19203 19203 19203 19203 19203 19203 19203 19203 19203 19203 19203 19203 19203 19203 19203 19203 19203 19203 19204 19204
453111 453111 453111 453111 453111 453111 453111 453111 453111 453111 453111 453111 453111 453111 453111 453111 453111 453111 453111 453111 453111 453111 453111 453111 453111 453111 453111 453111 453111 453111 453111 453111 453111 453111 453111 453111 453111 453111 453111 453111 453111 453111 453111 453111 453111 453111 453111 453112 453112 453112
149726 149726 149726 149726 149726 149726 149726 149726 149726 149726 149726 149726 149726 149726 149726 149726 149726 149726 149726 149726 149726 149726 149726 149726 149726 149726 149726 149726 149726 149726 149726 149726 149726 149726 149726 149726 149726 149726 149726 149726 149726 149726 149726 149726 149726 149726 149727 149727 149727 149727
352108 352108 352108 352108 352108 352108 352108 352108 352108 352108 352108 352108 352108 352108 352108 352108 352108 352108 352108 352108 352108 352108 352108 352108 352108 352108 352108 352108 352108 352108 352108 352108 352108 352108 352108 352108 352108 352108 352108 352108 352108 352108 352108 352108 352108 352109 352109 352109 352109 352109
43856 43856 43856 43856 43856 43856 43856 43856 43856 43856 43856 43856 43856 43856 43856 43856 43856 43856 43856 43856 43856 43856 43856 43856 43856 43856 43856 43856 43856 43856 43856 43856 43856 43856 43856 43856 43856 43856 43856 43856 43856 43856 43856 43856 43857 43857 43857 43857 43857 43857
27162 27162 27162 27162 27162 27162 27162 27162 27162 27162 27162 27162 27162 27162 27162 27162 27162 27162 27162 27162 27162 27162 27162 27162 27162 27162 27162 27162 27162 27162 27162 27162 27162 27162 27162 27162 27162 27162 27162 27162 27162 27162 27162 27163 27163 27163 27163 27163 27163 27163
562985 562985 562985 562985 562985 562985 562985 562985 562985 562985 562985 562985 562985 562985 562985 562985 562985 562985 562985 562985 562985 562985 562985 562985 562985 562985 562985 562985 562985 562985 562985 562985 562985 562985 562985 562985 562985 562985 562985 562985 562985 562985 562986 562986 562986 562986 562986 562986 562986 562986
226799 226799 226799 226799 226799 226799 226799 226799 226799 226799 226799 226799 226799 226799 226799 226799 226799 226799 226799 226799 226799 226799 226799 226799 226799 226799 226799 226799 226799 226799 226799 226799 226799 226799 226799 226799 226799 226799 226799 226799 226799 226800 226800 226800 226800 226800 226800 226800 226800 226800
4785 4785 4785 4785 4785 4785 4785 4785 4785 4785 4785 4785 4785 4785 4785 4785 4785 4785 4785 4785 4785 4785 4785 4785 4785 4785 4785 4785 4785 4785 4785 4785 4785 4785 4785 4785 4785 4785 4785 4785 4786 4786 4786 4786 4786 4786 4786 4786 4786 4786
742059 742059 742059 742059 742059 742059 742059 742059 742059 742059 742059 742059 742059 742059 742059 742059 742059 742059 742059 742059 742059 742059 742059 742059 742059 742059 742059 742059 742059 742059 742059 742059 742059 742059 742059 742059 742059 742059 742059 742060 742060 742060 742060 742060 742060 742060 742060 742060 742060 742060
129933 129933 129933 129933 129933 129933 129933 129933 129933 129933 129933 129933 129933 129933 129933 129933 129933 129933 129933 129933 129933 129933 129933 129933 129933 129933 129933 129933 129933 129933 129933 129933 129933 129933 129933 129933 129933 129933 129934 129934 129934 129934 129934 129934 129934 129934 129934 129934 129934 129934
606452 606452 606452 606452 606452 606452 606452 606452 606452 606452 606452 606452 606452 606452 606452 606452 606452 606452 606452 606452 606452 606452 606452 606452 606452 606452 606452 606452 606452 606452 606452 606452 606452 606452 606452 606452 606452 606453 606453 606453 606453 606453 606453 606453 606453 606453 606453 606453 606453 606453
499779 499779 499779 499779 499779 499779 499779 499779 499779 499779 499779 499779 499779 499779 499779 499779 499779 499779 499779 499779 499779 499779 499779 499779 499779 499779 499779 499779 499779 499779 499779 499779 499779 499779 499779 499779 499780 499780 499780 499780 499780 499780 499780 499780 499780 499780 499780 499780 499780 499780
500611 500611 500611 500611 500611 500611 500611 500611 500611 500611 500611 500611 500611 500611 500611 500611 500611 500611 500611 500611 500611 500611 500611 500611 500611 500611 500611 500611 500611 500611 500611 500611 500611 500611 500611 500612 500612 500612 500612 500612 500612 500612 500612 500612 500612 500612 500612 500612 500612 500612
651404 651404 651404 651404 651404 651404 651404 651404 651404 651404 651404 651404 651404 651404 651404 651404 651404 651404 651404 651404 651404 651404 651404 651404 651404 651404 651404 651404 651404 651404 651404 651404 651404 651404 651405 651405 651405 651405 651405 651405 651405 651405 651405 651405 651405 651405 651405 651405 651405 651405
545299 545299 545299 545299 545299 545299 545299 545299 545299 545299 545299 545299 545299 545299 545299 545299 545299 545299 545299 545299 545299 545299 545299 545299 545299 545299 545299 545299 545299 545299 545299 545299 545299 545300 545300 545300 545300 545300 545300 545300 545300 545300 545300 545300 545300 545300 545300 545300 545300 545300
520797 520797 520797 520797 520797 520797 520797 520797 520797 520797 520797 520797 520797 520797 520797 520797 520797 520797 520797 520797 520797 520797 520797 520797 520797 520797 520797 520797 520797 520797 520797 520797 520798 520798 520798 520798 520798 520798 520798 520798 520798 520798 520798 520798 520798 520798 520798 520798 520798 520798
461920 461920 461920 461920 461920 461920 461920 461920 461920 461920 461920 461920 461920 461920 461920 461920 461920 461920 461920 461920 461920 461920 461920 461920 461920 461920 461920 461920 461920 461920 461920 461921 461921 461921 461921 461921 461921 461921 461921 461921 461921 461921 461921 461921 461921 461921 461921 461921 461921 461921
504559 504559 504559 504559 504559 504559 504559 504559 504559 504559 504559 504559 504559 504559 504559 504559 504559 504559 504559 504559 504559 504559 504559 504559 504559 504559 504559 504559 504559 504559 504560 504560 504560 504560 504560 504560 504560 504560 504560 504560 504560 504560 504560 504560 504560 504560 504560 504560 504560 504560
192118 192118 192118 192118 192118 192118 192118 192118 192118 192118 192118 192118 192118 192118 192118 192118 192118 192118 192118 192118 192118 192118 192118 192118 192118 192118 192118 192118 192118 192119 192119 192119 192119 192119 192119 192119 192119 192119 192119 192119 192119 192119 192119 192119 192119 192119 192119 192119 192119 192119
184161 184161 184161 184161 184161 184161 184161 184161 184161 184161 184161 184161 184161 184161 184161 184161 184161 184161 184161 184161 184161 184161 184161 184161 184161 184161 184161 184161 184162 184162 184162 184162 184162 184162 184162 184162 184162 184162 184162 184162 184162 184162 184162 184162 184162 184162 184162 184162 184162 184162
657923 657923 657923 657923 657923 657923 657923 657923 657923 657923 657923 657923 657923 657923 657923 657923 657923 657923 657923 657923 657923 657923 657923 657923 657923 657923 657923 657924 657924 657924 657924 657924 657924 657924 657924 657924 657924 657924 657924 657924 657924 657924 657924 657924 657924 657924 657924 657924 657924 657924
76210 76210 76210 76210 76210 76210 76210 76210 76210 76210 76210 76210 76210 76210 76210 76210 76210 76210 76210 76210 76210 76210 76210 76210 76210 76210 76211 76211 76211 76211 76211 76211 76211 76211 76211 76211 76211 76211 76211 76211 76211 76211 76211 76211 76211 76211 76211 76211 76211 76211
147196 147196 147196 147196 147196 147196 147196 147196 147196 147196 147196 147196 147196 147196 147196 147196 147196 147196 147196 147196 147196 147196 147196 147196 147196 147197 147197 147197 147197 147197 147197 147197 147197 147197 147197 147197 147197 147197 147197 147197 147197 147197 147197 147197 147197 147197 147197 147197 147197 147197
466134 466134 466134 466134 466134 466134 466134 466134 466134 466134 466134 466134 466134 466134 466134 466134 466134 466134 466134 466134 466134 466134 466134 466134 466135 466135 466135 466135 466135 466135 466135 466135 466135 466135 466135 466135 466135 466135 466135 466135 466135 466135 466135 466135 466135 466135 466135 466135 466135 466135
725983 725983 725983 725983 725983 725983 725983 725983 725983 725983 725983 725983 725983 725983 725983 725983 725983 725983 725983 725983 725983 725983 725983 725984 725984 725984 725984 725984 725984 725984 725984 725984 725984 725984 725984 725984 725984 725984 725984 725984 725984 725984 725984 725984 725984 725984 725984 725984 725984 725984
239941 239941 239941 239941 239941 239941 239941 239941 239941 239941 239941 239941 239941 239941 239941 239941 239941 239941 239941 239941 239941 239941 239942 239942 239942 239942 239942 239942 239942 239942 239942 239942 239942 239942 239942 239942 239942 239942 239942 239942 239942 239942 239942 239942 239942 239942 239942 239942 239942 239942
155247 155247 155247 155247 155247 155247 155247 155247 155247 155247 155247 155247 155247 155247 155247 155247 155247 155247 155247 155247 155247 155248 155248 155248 155248 155248 155248 155248 155248 155248 155248 155248 155248 155248 155248 155248 155248 155248 155248 155248 155248 155248 155248 155248 155248 155248 155248 155248 155248 155248
184161 184161 184161 184161 184161 184161 184161 184161 184161 184161 184161 184161 184161 184161 184161 184161 184161 184161 184161 184161 184162 184162 184162 184162 184162 184162 184162 184162 184162 184162 184162 184162 184162 184162 184162 184162 184162 184162 184162 184162 184162 184162 184162 184162 184162 184162 184162 184162 184162 184162
495549 495549 495549 495549 495549 495549 495549 495549 495549 495549 495549 495549 495549 495549 495549 495549 495549 495549 495549 495550 495550 495550 495550 495550 495550 495550 495550 495550 495550 495550 495550 495550 495550 495550 495550 495550 495550 495550 495550 495550 495550 495550 495550 495550 495550 495550 495550 495550 495550 495550
632191 632191 632191 632191 632191 632191 632191 632191 632191 632191 632191 632191 632191 632191 632191 632191 632191 632191 632192 632192 632192 632192 632192 632192 632192 632192 632192 632192 632192 632192 632192 632192 632192 632192 632192 632192 632192 632192 632192 632192 632192 632192 632192 632192 632192 632192 632192 632192 632192 632192
615961 615961 615961 615961 615961 615961 615961 615961 615961 615961 615961 615961 615961 615961 615961 615961 615961 615962 615962 615962 615962 615962 615962 615962 615962 615962 615962 615962 615962 615962 615962 615962 615962 615962 615962 615962 615962 615962 615962 615962 615962 615962 615962 615962 615962 615962 615962 615962 615962 615962
66201 66201 66201 66201 66201 66201 66201 66201 66201 66201 66201 66201 66201 66201 66201 66201 66202 66202 66202 66202 66202 66202 66202 66202 66202 66202 66202 66202 66202 66202 66202 66202 66202 66202 66202 66202 66202 66202 66202 66202 66202 66202 66202 66202 66202 66202 66202 66202 66202 66202
315403 315403 315403 315403 315403 315403 315403 315403 315403 315403 315403 315403 315403 315403 315403 315404 315404 315404 315404 315404 315404 315404 315404 315404 315404 315404 315404 315404 315404 315404 315404 315404 315404 315404 315404 315404 315404 315404 315404 315404 315404 315404 315404 315404 315404 315404 315404 315404 315404 315404
722767 722767 722767 722767 722767 722767 722767 722767 722767 722767 722767 722767 722767 722767 722768 722768 722768 722768 722768 722768 722768 722768 722768 722768 722768 722768 722768 722768 722768 722768 722768 722768 722768 722768 722768 722768 722768 722768 722768 722768 722768 722768 722768 722768 722768 722768 722768 722768 722768 722768
404830 404830 404830 404830 404830 404830 404830 404830 404830 404830 404830 404830 404830 404831 404831 404831 404831 404831 404831 404831 404831 404831 404831 404831 404831 404831 404831 404831 404831 404831 404831 404831 404831 404831 404831 404831 404831 404831 404831 404831 404831 404831 404831 404831 404831 404831 404831 404831 404831 404831
604476 604476 604476 604476 604476 604476 604476 604476 604476 604476 604476 604476 604477 604477 604477 604477 604477 604477 604477 604477 604477 604477 604477 604477 604477 604477 604477 604477 604477 604477 604477 604477 604477 604477 604477 604477 604477 604477 604477 604477 604477 604477 604477 604477 604477 604477 604477 604477 604477 604477
683392 683392 683392 683392 683392 683392 683392 683392 683392 683392 683392 683393 683393 683393 683393 683393 683393 683393 683393 683393 683393 683393 683393 683393 683393 683393 683393 683393 683393 683393 683393 683393 683393 683393 683393 683393 683393 683393 683393 683393 683393 683393 683393 683393 683393 683393 683393 683393 683393 683393
137527 137527 137527 137527 137527 137527 137527 137527 137527 137527 137528 137528 137528 137528 137528 137528 137528 137528 137528 137528 137528 137528 137528 137528 137528 137528 137528 137528 137528 137528 137528 137528 137528 137528 137528 137528 137528 137528 137528 137528 137528 137528 137528 137528 137528 137528 137528 137528 137528 137528
610956 610956 610956 610956 610956 610956 610956 610956 610956 610957 610957 610957 610957 610957 610957 610957 610957 610957 610957 610957 610957 610957 610957 610957 610957 610957 610957 610957 610957 610957 610957 610957 610957 610957 610957 610957 610957 610957 610957 610957 610957 610957 610957 610957 610957 610957 610957 610957 610957 610957
190461 190461 190461 190461 190461 190461 190461 190461 190462 190462 190462 190462 190462 190462 190462 190462 190462 190462 190462 190462 190462 190462 190462 190462 190462 190462 190462 190462 190462 190462 190462 190462 190462 190462 190462 190462 190462 190462 190462 190462 190462 190462 190462 190462 190462 190462 190462 190462 190462 190462
550671 550671 550671 550671 550671 550671 550671 550672 550672 550672 550672 550672 550672 550672 550672 550672 550672 550672 550672 550672 550672 550672 550672 550672 550672 550672 550672 550672 550672 550672 550672 550672 550672 550672 550672 550672 550672 550672 550672 550672 550672 550672 550672 550672 550672 550672 550672 550672 550672 550672
743217 743217 743217 743217 743217 743217 743218 743218 743218 743218 743218 743218 743218 743218 743218 743218 743218 743218 743218 743218 743218 743218 743218 743218 743218 743218 743218 743218 743218 743218 743218 743218 743218 743218 743218 743218 743218 743218 743218 743218 743218 743218 743218 743218 743218 743218 743218 743218 743218 743218
360351 360351 360351 360351 360351 360352 360352 360352 360352 360352 360352 360352 360352 360352 360352 360352 360352 360352 360352 360352 360352 360352 360352 360352 360352 360352 360352 360352 360352 360352 360352 360352 360352 360352 360352 360352 360352 360352 360352 360352 360352 360352 360352 360352 360352 360352 360352 360352 360352 360352
572860 572860 572860 572860 572861 572861 572861 572861 572861 572861 572861 572861 572861 572861 572861 572861 572861 572861 572861 572861 572861 572861 572861 572861 572861 572861 572861 572861 572861 572861 572861 572861 572861 572861 572861 572861 572861 572861 572861 572861 572861 572861 572861 572861 572861 572861 572861 572861 572861 572861
149206 149206 149206 149207 149207 149207 149207 149207 149207 149207 149207 149207 149207 149207 149207 149207 149207 149207 149207 149207 149207 149207 149207 149207 149207 149207 149207 149207 149207 149207 149207 149207 149207 149207 149207 149207 149207 149207 149207 149207 149207 149207 149207 149207 149207 149207 149207 149207 149207 149207
319450 319450 319451 319451 319451 319451 319451 319451 319451 319451 319451 319451 319451 319451 319451 319451 319451 319451 319451 319451 319451 319451 319451 319451 319451 319451 319451 319451 319451 319451 319451 319451 319451 319451 319451 319451 319451 319451 319451 319451 319451 319451 319451 319451 319451 319451 319451 319451 319451 319451
67532 67533 67533 67533 67533 67533 67533 67533 67533 67533 67533 67533 67533 67533 67533 67533 67533 67533 67533 67533 67533 67533 67533 67533 67533 67533 67533 67533 67533 67533 67533 67533 67533 67533 67533 67533 67533 67533 67533 67533 67533 67533 67533 67533 67533 67533 67533 67533 67533 67533
358371 358371 358371 358371 358371 358371 358371 358371 358371 358371 358371 358371 358371 358371 358371 358371 358371 358371 358371 358371 358371 358371 358371 358371 358371 358371 358371 358371 358371 358371 358371 358371 358371 358371 358371 358371 358371 358371 358371 358371 358371 358371 358371 358371 358371 358371 358371 358371 358371 358371
237454 237454 237454 237454 237454 237454 237454 237454 237454 237454 237454 237454 237454 237454 237454 237454 237454 237454 237454 237454 237454 237454 237454 237454 237454 237454 237454 237454 237454 237454 237454 237454 237454 237454 237454 237454 237454 237454 237454 237454 237454 237454 237454 237454 237454 237454 237454 237454 237454 237454
739298 739298 739298 739298 739298 739298 739298 739298 739298 739298 739298 739298 739298 739298 739298 739298 739298 739298 739298 739298 739298 739298 739298 739298 739298 739298 739298 739298 739298 739298 739298 739298 739298 739298 739298 739298 739298 739298 739298 739298 739298 739298 739298 739298 739298 739298 739298 739298 739298 739298
714834 714834 714834 714834 714834 714834 714834 714834 714834 714834 714834 714834 714834 714834 714834 714834 714834 714834 714834 714834 714834 714834 714834 714834 714834 714834 714834 714834 714834 714834 714834 714834 714834 714834 714834 714834 714834 714834 714834 714834 714834 714834 714834 714834 714834 714834 714834 714834 714834 714834
733873 733873 733873 733873 733873 733873 733873 733873 733873 733873 733873 733873 733873 733873 733873 733873 733873 733873 733873 733873 733873 733873 733873 733873 733873 733873 733873 733873 733873 733873 733873 733873 733873 733873 733873 733873 733873 733873 733873 733873 733873 733873 733873 733873 733873 733873 733873 733873 733873 733873
66976 66976 66976 66976 66976 66976 66976 66976 66976 66976 66976 66976 66976 66976 66976 66976 66976 66976 66976 66976 66976 66976 66976 66976 66976 66976 66976 66976 66976 66976 66976 66976 66976 66976 66976 66976 66976 66976 66976 66976 66976 66976 66976 66976 66976 66976 66976 66976 66976 66976
616513 616513 616513 616513 616513 616513 616513 616513 616513 616513 616513 616513 616513 616513 616513 616513 616513 616513 616513 616513 616513 616513 616513 616513 616513 616513 616513 616513 616513 616513 616513 616513 616513 616513 616513 616513 616513 616513 616513 616513 616513 616513 616513 616513 616513 616513 616513 616513 616513 616513
38962 38962 38962 38962 38962 38962 38962 38962 38962 38962 38962 38962 38962 38962 38962 38962 38962 38962 38962 38962 38962 38962 38962 38962 38962 38962 38962 38962 38962 38962 38962 38962 38962 38962 38962 38962 38962 38962 38962 38962 38962 38962 38962 38962 38962 38962 38962 38962 38962 38962
664843 664843 664843 664843 664843 664843 664843 664843 664843 664843 664843 664843 664843 664843 664843 664843 664843 664843 664843 664843 664843 664843 664843 664843 664843 664843 664843 664843 664843 664843 664843 664843 664843 664843 664843 664843 664843 664843 664843 664843 664843 664843 664843 664843 664843 664843 664843 664843 664843 664843
335971 335971 335971 335971 335971 335971 335971 335971 335971 335971 335971 335971 335971 335971 335971 335971 335971 335971 335971 335971 335971 335971 335971 335971 335971 335971 335971 335971 335971 335971 335971 335971 335971 335971 335971 335971 335971 335971 335971 335971 335971 335971 335971 335971 335971 335971 335971 335971 335971 335971
272408 272408 272408 272408 272408 272408 272408 272408 272408 272408 272408 272408 272408 272408 272408 272408 272408 272408 272408 272408 272408 272408 272408 272408 272408 272408 272408 272408 272408 272408 272408 272408 272408 272408 272408 272408 272408 272408 272408 272408 272408 272408 272408 272408 272408 272408 272408 272408 272408 272408
314045 314045 314045 314045 314045 314045 314045 314045 314045 314045 314045 314045 314045 314045 314045 314045 314045 314045 314045 314045 314045 314045 314045 314045 314045 314045 314045 314045 314045 314045 314045 314045 314045 314045 314045 314045 314045 314045 314045 314045 314045 314045 314045 314045 314045 314045 314045 314045 314045 314045
547145 547145 547145 547145 547145 547145 547145 547145 547145 547145 547145 547145 547145 547145 547145 547145 547145 547145 547145 547145 547145 547145 547145 547145 547145 547145 547145 547145 547145 547145 547145 547145 547145 547145 547145 547145 547145 547145 547145 547145 547145 547145 547145 547145 547145 547145 547145 547145 547145 547145
87014 87014 87014 87014 87014 87014 87014 87014 87014 87014 87014 87014 87014 87014 87014 87014 87014 87014 87014 87014 87014 87014 87014 87014 87014 87014 87014 87014 87014 87014 87014 87014 87014 87014 87014 87014 87014 87014 87014 87014 87014 87014 87014 87014 87014 87014 87014 87014 87014 87014
53661 53661 53661 53661 53661 53661 53661 53661 53661 53661 53661 53661 53661 53661 53661 53661 53661 53661 53661 53661 53661 53661 53661 53661 53661 53661 53661 53661 53661 53661 53661 53661 53661 53661 53661 53661 53661 53661 53661 53661 53661 53661 53661 53661 53661 53661 53661 53661 53661 53661
418630 418630 418630 418630 418630 418630 418630 418630 418630 418630 418630 418630 418630 418630 418630 418630 418630 418630 418630 418630 418630 418630 418630 418630 418630 418630 418630 418630 418630 418630 418630 418630 418630 418630 418630 418630 418630 418630 418630 418630 418630 418630 418630 418630 418630 418630 418630 418630 418630 418630
705058 705058 705058 705058 705058 705058 705058 705058 705058 705058 705058 705058 705058 705058 705058 705058 705058 705058 705058 705058 705058 705058 705058 705058 705058 705058 705058 705058 705058 705058 705058 705058 705058 705058 705058 705058 705058 705058 705058 705058 705058 705058 705058 705058 705058 705058 705058 705058 705058 705058
722158 722158 722158 722158 722158 722158 722158 722158 722158 722158 722158 722158 722158 722158 722158 722158 722158 722158 722158 722158 722158 722158 722158 722158 722158 722158 722158 722158 722158 722158 722158 722158 722158 722158 722158 722158 722158 722158 722158 722158 722158 722158 722158 722158 722158 722158 722158 722158 722158 722158
467788 467788 467788 467788 467788 467788 467788 467788 467788 467788 467788 467788 467788 467788 467788 467788 467788 467788 467788 467788 467788 467788 467788 467788 467788 467788 467788 467788 467788 467788 467788 467788 467788 467788 467788 467788 467788 467788 467788 467788 467788 467788 467788 467788 467788 467788 467788 467788 467788 467788
505363 505363 505363 505363 505363 505363 505363 505363 505363 505363 505363 505363 505363 505363 505363 505363 505363 505363 505363 505363 505363 505363 505363 505363 505363 505363 505363 505363 505363 505363 505363 505363 505363 505363 505363 505363 505363 505363 505363 505363 505363 505363 505363 505363 505363 505363 505363 505363 505363 505363
214402 214402 214402 214402 214402 214402 214402 214402 214402 214402 214402 214402 214402 214402 214402 214402 214402 214402 214402 214402 214402 214402 214402 214402 214402 214402 214402 214402 214402 214402 214402 214402 214402 214402 214402 214402 214402 214402 214402 214402 214402 214402 214402 214402 214402 214402 214402 214402 214402 214402
105099 105099 105099 105099 105099 105099 105099 105099 105099 105099 105099 105099 105099 105099 105099 105099 105099 105099 105099 105099 105099 105099 105099 105099 105099 105099 105099 105099 105099 105099 105099 105099 105099 105099 105099 105099 105099 105099 105099 105099 105099 105099 105099 105099 105099 105099 105099 105099 105099 105099
354502 354502 354502 354502 354502 354502 354502 354502 354502 354502 354502 354502 354502 354502 354502 354502 354502 354502 354502 354502 354502 354502 354502 354502 354502 354502 354502 354502 354502 354502 354502 354502 354502 354502 354502 354502 354502 354502 354502 354502 354502 354502 354502 354502 354502 354502 354502 354502 354502 354502
21508 21508 21508 21508 21508 21508 21508 21508 21508 21508 21508 21508 21508 21508 21508 21508 21508 21508 21508 21508 21508 21508 21508 21508 21508 21508 21508 21508 21508 21508 21508 21508 21508 21508 21508 21508 21508 21508 21508 21508 21508 21508 21508 21508 21508 21508 21508 21508 21508 21508
458586 458586 458586 458586 458586 458586 458586 458586 458586 458586 458586 458586 458586 458586 458586 458586 458586 458586 458586 458586 458586 458586 458586 458586 458586 458586 458586 458586 458586 458586 458586 458586 458586 458586 458586 458586 458586 458586 458586 458586 458586 458586 458586 458586 458586 458586 458586 458586 458586 458586
462964 462964 462964 462964 462964 462964 462964 462964 462964 462964 462964 462964 462964 462964 462964 462964 462964 462964 462964 462964 462964 462964 462964 462964 462964 462964 462964 462964 462964 462964 462964 462964 462964 462964 462964 462964 462964 462964 462964 462964 462964 462964 462964 462964 462964 462964 462964 462964 462964 462964
191887 191887 191887 191887 191887 191887 191887 191887 191887 191887 191887 191887 191887 191887 191887 191887 191887 191887 191887 191887 191887 191887 191887 191887 191887 191887 191887 191887 191887 191887 191887 191887 191887 191887 191887 191887 191887 191887 191887 191887 191887 191887 191887 191887 191887 191887 191887 191887 191887 191887
207900 207900 207900 207900 207900 207900 207900 207900 207900 207900 207900 207900 207900 207900 207900 207900 207900 207900 207900 207900 207900 207900 207900 207900 207900 207900 207900 207900 207900 207900 207900 207900 207900 207900 207900 207900 207900 207900 207900 207900 207900 207900 207900 207900 207900 207900 207900 207900 207900 207900
626882 626882 626882 626882 626882 626882 626882 626882 626882 626882 626882 626882 626882 626882 626882 626882 626882 626882 626882 626882 626882 626882 626882 626882 626882 626882 626882 626882 626882 626882 626882 626882 626882 626882 626882 626882 626882 626882 626882 626882 626882 626882 626882 626882 626882 626882 626882 626882 626882 626882
483707 483707 483707 483707 483707 483707 483707 483707 483707 483707 483707 483707 483707 483707 483707 483707 483707 483707 483707 483707 483707 483707 483707 483707 483707 483707 483707 483707 483707 483707 483707 483707 483707 483707 483707 483707 483707 483707 483707 483707 483707 483707 483707 483707 483707 483707 483707 483707 483707 483707
219455 219455 219455 219455 219455 219455 219455 219455 219455 219455 219455 219455 219455 219455 219455 219455 219455 219455 219455 219455 219455 219455 219455 219455 219455 219455 219455 219455 219455 219455 219455 219455 219455 219455 219455 219455 219455 219455 219455 219455 219455 219455 219455 219455 219455 219455 219455 219455 219455 219455
75439 75439 75439 75439 75439 75439 75439 75439 75439 75439 75439 75439 75439 75439 75439 75439 75439 75439 75439 75439 75439 75439 75439 75439 75439 75439 75439 75439 75439 75439 75439 75439 75439 75439 75439 75439 75439 75439 75439 75439 75439 75439 75439 75439 75439 75439 75439 75439 75439 75439
610910 610910 610910 610910 610910 610910 610910 610910 610910 610910 610910 610910 610910 610910 610910 610910 610910 610910 610910 610910 610910 610910 610910 610910 610910 610910 610910 610910 610910 610910 610910 610910 610910 610910 610910 610910 610910 610910 610910 610910 610910 610910 610910 610910 610910 610910 610910 610910 610910 610910
706615 706615 706615 706615 706615 706615 706615 706615 706615 706615 706615 706615 706615 706615 706615 706615 706615 706615 706615 706615 706615 706615 706615 706615 706615 706615 706615 706615 706615 706615 706615 706615 706615 706615 706615 706615 706615 706615 706615 706615 706615 706615 706615 706615 706615 706615 706615 706615 706615 706615
134352 134352 134352 134352 134352 134352 134352 134352 134352 134352 134352 134352 134352 134352 134352 134352 134352 134352 134352 134352 134352 134352 134352 134352 134352 134352 134352 134352 134352 134352 134352 134352 134352 134352 134352 134352 134352 134352 134352 134352 134352 134352 134352 134352 134352 134352 134352 134352 134352 134352
48291 48291 48291 48291 48291 48291 48291 48291 48291 48291 48291 48291 48291 48291 48291 48291 48291 48291 48291 48291 48291 48291 48291 48291 48291 48291 48291 48291 48291 48291 48291 48291 48291 48291 48291 48291 48291 48291 48291 48291 48291 48291 48291 48291 48291 48291 48291 48291 48291 48291
280246 280246 280246 280246 280246 280246 280246 280246 280246 280246 280246 280246 280246 280246 280246 280246 280246 280246 280246 280246 280246 280246 280246 280246 280246 280246 280246 280246 280246 280246 280246 280246 280246 280246 280246 280246 280246 280246 280246 280246 280246 280246 280246 280246 280246 280246 280246 280246 280246 280246
737605 737605 737605 737605 737605 737605 737605 737605 737605 737605 737605 737605 737605 737605 737605 737605 737605 737605 737605 737605 737605 737605 737605 737605 737605 737605 737605 737605 737605 737605 737605 737605 737605 737605 737605 737605 737605 737605 737605 737605 737605 737605 737605 737605 737605 737605 737605 737605 737605 737605
744760 744760 744760 744760 744760 744760 744760 744760 744760 744760 744760 744760 744760 744760 744760 744760 744760 744760 744760 744760 744760 744760 744760 744760 744760 744760 744760 744760 744760 744760 744760 744760 744760 744760 744760 744760 744760 744760 744760 744760 744760 744760 744760 744760 744760 744760 744760 744760 744760 744760
304542 304542 304542 304542 304542 304542 304542 304542 304542 304542 304542 304542 304542 304542 304542 304542 304542 304542 304542 304542 304542 304542 304542 304542 304542 304542 304542 304542 304542 304542 304542 304542 304542 304542 304542 304542 304542 304542 304542 304542 304542 304542 304542 304542 304542 304542 304542 304542 304542 304542
77066 77066 77066 77066 77066 77066 77066 77066 77066 77066 77066 77066 77066 77066 77066 77066 77066 77066 77066 77066 77066 77066 77066 77066 77066 77066 77066 77066 77066 77066 77066 77066 77066 77066 77066 77066 77066 77066 77066 77066 77066 77066 77066 77066 77066 77066 77066 77066 77066 77066
283801 283801 283801 283801 283801 283801 283801 283801 283801 283801 283801 283801 283801 283801 283801 283801 283801 283801 283801 283801 283801 283801 283801 283801 283801 283801 283801 283801 283801 283801 283801 283801 283801 283801 283801 283801 283801 283801 283801 283801 283801 283801 283801 283801 283801 283801 283801 283801 283801 283801
153045 153045 153045 153045 153045 153045 153045 153045 153045 153045 153045 153045 153045 153045 153045 153045 153045 153045 153045 153045 153045 153045 153045 153045 153045 153045 153045 153045 153045 153045 153045 153045 153045 153045 153045 153045 153045 153045 153045 153045 153045 153045 153045 153045 153045 153045 153045 153045 153045 153045
584558 584558 584558 584558 584558 584558 584558 584558 584558 584558 584558 584558 584558 584558 584558 584558 584558 584558 584558 584558 584558 584558 584558 584558 584558 584558 584558 584558 584558 584558 584558 584558 584558 584558 584558 584558 584558 584558 584558 584558 584558 584558 584558 584558 584558 584558 584558 584558 584558 584558
331635 331635 331635 331635 331635 331635 331635 331635 331635 331635 331635 331635 331635 331635 331635 331635 331635 331635 331635 331635 331635 331635 331635 331635 331635 331635 331635 331635 331635 331635 331635 331635 331635 331635 331635 331635 331635 331635 331635 331635 331635 331635 331635 331635 331635 331635 331635 331635 331635 331635
682935 682935 682935 682935 682935 682935 682935 682935 682935 682935 682935 682935 682935 682935 682935 682935 682935 682935 682935 682935 682935 682935 682935 682935 682935 682935 682935 682935 682935 682935 682935 682935 682935 682935 682935 682935 682935 682935 682935 682935 682935 682935 682935 682935 682935 682935 682935 682935 682935 682935
561280 561280 561280 561280 561280 561280 561280 561280 561280 561280 561280 561280 561280 561280 561280 561280 561280 561280 561280 561280 561280 561280 561280 561280 561280 561280 561280 561280 561280 561280 561280 561280 561280 561280 561280 561280 561280 561280 561280 561280 561280 561280 561280 561280 561280 561280 561280 561280 561280 561280
490073 490073 490073 490073 490073 490073 490073 490073 490073 490073 490073 490073 490073 490073 490073 490073 490073 490073 490073 490073 490073 490073 490073 490073 490073 490073 490073 490073 490073 490073 490073 490073 490073 490073 490073 490073 490073 490073 490073 490073 490073 490073 490073 490073 490073 490073 490073 490073 490073 490073
715467 715467 715467 715467 715467 715467 715467 715467 715467 715467 715467 715467 715467 715467 715467 715467 715467 715467 715467 715467 715467 715467 715467 715467 715467 715467 715467 715467 715467 715467 715467 715467 715467 715467 715467 715467 715467 715467 715467 715467 715467 715467 715467 715467 715467 715467 715467 715467 715467 715467
209512 209512 209512 209512 209512 209512 209512 209512 209512 209512 209512 209512 209512 209512 209512 209512 209512 209512 209512 209512 209512 209512 209512 209512 209512 209512 209512 209512 209512 209512 209512 209512 209512 209512 209512 209512 209512 209512 209512 209512 209512 209512 209512 209512 209512 209512 209512 209512 209512 209512
