100 15
709518 709518 709518 709518 709518 709518 709518 709518 709518 709518 709518 709518 709518 709518 709518
226958 226958 226958 226958 226958 226958 226958 226958 226958 226958 226958 226958 226958 226958 226959
8158 8158 8158 8158 8158 8158 8158 8158 8158 8158 8158 8158 8158 8159 8159
575505 575505 575505 575505 575505 575505 575505 575505 575505 575505 575505 575505 575506 575506 575506
36996 36996 36996 36996 36996 36996 36996 36996 36996 36996 36996 36997 36997 36997 36997
145722 145722 145722 145722 145722 145722 145722 145722 145722 145722 145723 145723 145723 145723 145723
62888 62888 62888 62888 62888 62888 62888 62888 62888 62889 62889 62889 62889 62889 62889
102945 102945 102945 102945 102945 102945 102945 102945 102946 102946 102946 102946 102946 102946 102946
444500 444500 444500 444500 444500 444500 444500 444501 444501 444501 444501 444501 444501 444501 444501
656911 656911 656911 656911 656911 656911 656912 656912 656912 656912 656912 656912 656912 656912 656912
606330 606330 606330 606330 606330 606331 606331 606331 606331 606331 606331 606331 606331 606331 606331
317986 317986 317986 317986 317987 317987 317987 317987 317987 317987 317987 317987 317987 317987 317987
689209 689209 689209 689210 689210 689210 689210 689210 689210 689210 689210 689210 689210 689210 689210
36256 36256 36257 36257 36257 36257 36257 36257 36257 36257 36257 36257 36257 36257 36257
501481 501482 501482 501482 501482 501482 501482 501482 501482 501482 501482 501482 501482 501482 501482
305808 305808 305808 305808 305808 305808 305808 305808 305808 305808 305808 305808 305808 305808 305808
508536 508536 508536 508536 508536 508536 508536 508536 508536 508536 508536 508536 508536 508536 508536
264531 264531 264531 264531 264531 264531 264531 264531 264531 264531 264531 264531 264531 264531 264531
412695 412695 412695 412695 412695 412695 412695 412695 412695 412695 412695 412695 412695 412695 412695
702297 702297 702297 702297 702297 702297 702297 702297 702297 702297 702297 702297 702297 702297 702297
539809 539809 539809 539809 539809 539809 539809 539809 539809 539809 539809 539809 539809 539809 539809
84526 84526 84526 84526 84526 84526 84526 84526 84526 84526 84526 84526 84526 84526 84526
633509 633509 633509 633509 633509 633509 633509 633509 633509 633509 633509 633509 633509 633509 633509
413791 413791 413791 413791 413791 413791 413791 413791 413791 413791 413791 413791 413791 413791 413791
228588 228588 228588 228588 228588 228588 228588 228588 228588 228588 228588 228588 228588 228588 228588
736773 736773 736773 736773 736773 736773 736773 736773 736773 736773 736773 736773 736773 736773 736773
561081 561081 561081 561081 561081 561081 561081 561081 561081 561081 561081 561081 561081 561081 561081
504830 504830 504830 504830 504830 504830 504830 504830 504830 504830 504830 504830 504830 504830 504830
405535 405535 405535 405535 405535 405535 405535 405535 405535 405535 405535 405535 405535 405535 405535
233160 233160 233160 233160 233160 233160 233160 233160 233160 233160 233160 233160 233160 233160 233160
100278 100278 100278 100278 100278 100278 100278 100278 100278 100278 100278 100278 100278 100278 100278
253713 253713 253713 253713 253713 253713 253713 253713 253713 253713 253713 253713 253713 253713 253713
335422 335422 335422 335422 335422 335422 335422 335422 335422 335422 335422 335422 335422 335422 335422
142779 142779 142779 142779 142779 142779 142779 142779 142779 142779 142779 142779 142779 142779 142779
447667 447667 447667 447667 447667 447667 447667 447667 447667 447667 447667 447667 447667 447667 447667
615590 615590 615590 615590 615590 615590 615590 615590 615590 615590 615590 615590 615590 615590 615590
47753 47753 47753 47753 47753 47753 47753 47753 47753 47753 47753 47753 47753 47753 47753
213327 213327 213327 213327 213327 213327 213327 213327 213327 213327 213327 213327 213327 213327 213327
492135 492135 492135 492135 492135 492135 492135 492135 492135 492135 492135 492135 492135 492135 492135
698060 698060 698060 698060 698060 698060 698060 698060 698060 698060 698060 698060 698060 698060 698060
495673 495673 495673 495673 495673 495673 495673 495673 495673 495673 495673 495673 495673 495673 495673
180682 180682 180682 180682 180682 180682 180682 180682 180682 180682 180682 180682 180682 180682 180682
583156 583156 583156 583156 583156 583156 583156 583156 583156 583156 583156 583156 583156 583156 583156
538134 538134 538134 538134 538134 538134 538134 538134 538134 538134 538134 538134 538134 538134 538134
570371 570371 570371 570371 570371 570371 570371 570371 570371 570371 570371 570371 570371 570371 570371
238740 238740 238740 238740 238740 238740 238740 238740 238740 238740 238740 238740 238740 238740 238740
154042 154042 154042 154042 154042 154042 154042 154042 154042 154042 154042 154042 154042 154042 154042
677409 677409 677409 677409 677409 677409 677409 677409 677409 677409 677409 677409 677409 677409 677409
479149 479149 479149 479149 479149 479149 479149 479149 479149 479149 479149 479149 479149 479149 479149
218388 218388 218388 218388 218388 218388 218388 218388 218388 218388 218388 218388 218388 218388 218388
678916 678916 678916 678916 678916 678916 678916 678916 678916 678916 678916 678916 678916 678916 678916
15911 15911 15911 15911 15911 15911 15911 15911 15911 15911 15911 15911 15911 15911 15911
454077 454077 454077 454077 454077 454077 454077 454077 454077 454077 454077 454077 454077 454077 454077
495844 495844 495844 495844 495844 495844 495844 495844 495844 495844 495844 495844 495844 495844 495844
211759 211759 211759 211759 211759 211759 211759 211759 211759 211759 211759 211759 211759 211759 211759
62685 62685 62685 62685 62685 62685 62685 62685 62685 62685 62685 62685 62685 62685 62685
290419 290419 290419 290419 290419 290419 290419 290419 290419 290419 290419 290419 290419 290419 290419
413342 413342 413342 413342 413342 413342 413342 413342 413342 413342 413342 413342 413342 413342 413342
290501 290501 290501 290501 290501 290501 290501 290501 290501 290501 290501 290501 290501 290501 290501
506117 506117 506117 506117 506117 506117 506117 506117 506117 506117 506117 506117 506117 506117 506117
146080 146080 146080 146080 146080 146080 146080 146080 146080 146080 146080 146080 146080 146080 146080
544873 544873 544873 544873 544873 544873 544873 544873 544873 544873 544873 544873 544873 544873 544873
421711 421711 421711 421711 421711 421711 421711 421711 421711 421711 421711 421711 421711 421711 421711
502252 502252 502252 502252 502252 502252 502252 502252 502252 502252 502252 502252 502252 502252 502252
703526 703526 703526 703526 703526 703526 703526 703526 703526 703526 703526 703526 703526 703526 703526
507541 507541 507541 507541 507541 507541 507541 507541 507541 507541 507541 507541 507541 507541 507541
467346 467346 467346 467346 467346 467346 467346 467346 467346 467346 467346 467346 467346 467346 467346
347743 347743 347743 347743 347743 347743 347743 347743 347743 347743 347743 347743 347743 347743 347743
90680 90680 90680 90680 90680 90680 90680 90680 90680 90680 90680 90680 90680 90680 90680
286087 286087 286087 286087 286087 286087 286087 286087 286087 286087 286087 286087 286087 286087 286087
237003 237003 237003 237003 237003 237003 237003 237003 237003 237003 237003 237003 237003 237003 237003
697186 697186 697186 697186 697186 697186 697186 697186 697186 697186 697186 697186 697186 697186 697186
276078 276078 276078 276078 276078 276078 276078 276078 276078 276078 276078 276078 276078 276078 276078
190668 190668 190668 190668 190668 190668 190668 190668 190668 190668 190668 190668 190668 190668 190668
585211 585211 585211 585211 585211 585211 585211 585211 585211 585211 585211 585211 585211 585211 585211
462533 462533 462533 462533 462533 462533 462533 462533 462533 462533 462533 462533 462533 462533 462533
330294 330294 330294 330294 330294 330294 330294 330294 330294 330294 330294 330294 330294 330294 330294
654093 654093 654093 654093 654093 654093 654093 654093 654093 654093 654093 654093 654093 654093 654093
42787 42787 42787 42787 42787 42787 42787 42787 42787 42787 42787 42787 42787 42787 42787
391357 391357 391357 391357 391357 391357 391357 391357 391357 391357 391357 391357 391357 391357 391357
527527 527527 527527 527527 527527 527527 527527 527527 527527 527527 527527 527527 527527 527527 527527
726353 726353 726353 726353 726353 726353 726353 726353 726353 726353 726353 726353 726353 726353 726353
537776 537776 537776 537776 537776 537776 537776 537776 537776 537776 537776 537776 537776 537776 537776
302892 302892 302892 302892 302892 302892 302892 302892 302892 302892 302892 302892 302892 302892 302892
56783 56783 56783 56783 56783 56783 56783 56783 56783 56783 56783 56783 56783 56783 56783
161361 161361 161361 161361 161361 161361 161361 161361 161361 161361 161361 161361 161361 161361 161361
522277 522277 522277 522277 522277 522277 522277 522277 522277 522277 522277 522277 522277 522277 522277
388247 388247 388247 388247 388247 388247 388247 388247 388247 388247 388247 388247 388247 388247 388247
225728 225728 225728 225728 225728 225728 225728 225728 225728 225728 225728 225728 225728 225728 225728
167229 167229 167229 167229 167229 167229 167229 167229 167229 167229 167229 167229 167229 167229 167229
394873 394873 394873 394873 394873 394873 394873 394873 394873 394873 394873 394873 394873 394873 394873
390432 390432 390432 390432 390432 390432 390432 390432 390432 390432 390432 390432 390432 390432 390432
570914 570914 570914 570914 570914 570914 570914 570914 570914 570914 570914 570914 570914 570914 570914
478771 478771 478771 478771 478771 478771 478771 478771 478771 478771 478771 478771 478771 478771 478771
310980 310980 310980 310980 310980 310980 310980 310980 310980 310980 310980 310980 310980 310980 310980
460128 460128 460128 460128 460128 460128 460128 460128 460128 460128 460128 460128 460128 460128 460128
264147 264147 264147 264147 264147 264147 264147 264147 264147 264147 264147 264147 264147 264147 264147
645917 645917 645917 645917 645917 645917 645917 645917 645917 645917 645917 645917 645917 645917 645917
281544 281544 281544 281544 281544 281544 281544 281544 281544 281544 281544 281544 281544 281544 281544
442992 442992 442992 442992 442992 442992 442992 442992 442992 442992 442992 442992 442992 442992 442992
