100 5
189408 189408 189408 189408 189408
492165 492165 492165 492165 492166
79713 79713 79713 79714 79714
458319 458319 458320 458320 458320
332509 332510 332510 332510 332510
106539 106539 106539 106539 106539
60079 60079 60079 60079 60079
98167 98167 98167 98167 98167
654790 654790 654790 654790 654790
425994 425994 425994 425994 425994
672792 672792 672792 672792 672792
707915 707915 707915 707915 707915
196818 196818 196818 196818 196818
18043 18043 18043 18043 18043
28663 28663 28663 28663 28663
236179 236179 236179 236179 236179
722314 722314 722314 722314 722314
651052 651052 651052 651052 651052
250343 250343 250343 250343 250343
37149 37149 37149 37149 37149
305729 305729 305729 305729 305729
128260 128260 128260 128260 128260
535352 535352 535352 535352 535352
697674 697674 697674 697674 697674
703147 703147 703147 703147 703147
529173 529173 529173 529173 529173
613926 613926 613926 613926 613926
336062 336062 336062 336062 336062
134951 134951 134951 134951 134951
568205 568205 568205 568205 568205
219567 219567 219567 219567 219567
659556 659556 659556 659556 659556
617769 617769 617769 617769 617769
213086 213086 213086 213086 213086
431633 431633 431633 431633 431633
181494 181494 181494 181494 181494
552715 552715 552715 552715 552715
148242 148242 148242 148242 148242
154457 154457 154457 154457 154457
518602 518602 518602 518602 518602
153895 153895 153895 153895 153895
106436 106436 106436 106436 106436
522878 522878 522878 522878 522878
445530 445530 445530 445530 445530
101242 101242 101242 101242 101242
314227 314227 314227 314227 314227
107119 107119 107119 107119 107119
359354 359354 359354 359354 359354
546336 546336 546336 546336 546336
16997 16997 16997 16997 16997
300435 300435 300435 300435 300435
613360 613360 613360 613360 613360
697804 697804 697804 697804 697804
256458 256458 256458 256458 256458
683206 683206 683206 683206 683206
389458 389458 389458 389458 389458
47274 47274 47274 47274 47274
339868 339868 339868 339868 339868
58098 58098 58098 58098 58098
95636 95636 95636 95636 95636
76426 76426 76426 76426 76426
261187 261187 261187 261187 261187
34606 34606 34606 34606 34606
637563 637563 637563 637563 637563
500833 500833 500833 500833 500833
662176 662176 662176 662176 662176
309182 309182 309182 309182 309182
172128 172128 172128 172128 172128
213051 213051 213051 213051 213051
56515 56515 56515 56515 56515
308950 308950 308950 308950 308950
374874 374874 374874 374874 374874
646006 646006 646006 646006 646006
721429 721429 721429 721429 721429
371874 371874 371874 371874 371874
550929 550929 550929 550929 550929
358796 358796 358796 358796 358796
10357 10357 10357 10357 10357
138665 138665 138665 138665 138665
510903 510903 510903 510903 510903
720663 720663 720663 720663 720663
445355 445355 445355 445355 445355
35586 35586 35586 35586 35586
73167 73167 73167 73167 73167
481733 481733 481733 481733 481733
269248 269248 269248 269248 269248
732380 732380 732380 732380 732380
39125 39125 39125 39125 39125
577308 577308 577308 577308 577308
662270 662270 662270 662270 662270
576109 576109 576109 576109 576109
366695 366695 366695 366695 366695
656875 656875 656875 656875 656875
30013 30013 30013 30013 30013
571705 571705 571705 571705 571705
36536 36536 36536 36536 36536
466579 466579 466579 466579 466579
469447 469447 469447 469447 469447
602707 602707 602707 602707 602707
305968 305968 305968 305968 305968
