40404 100 100 100 202
11311
6858
1342
33586
9137
32534
4418
17596
219
36087
27700
32608
9038
37603
9907
4425
20347
34228
16795
19358
39055
17874
20748
8085
25371
33809
20385
22674
1777
2761
26337
23244
33018
3026
27376
32600
6038
22197
17477
388
23977
10456
27452
6343
25010
765
9535
8908
4134
4284
30442
33273
36149
10919
27121
8144
39472
14923
3140
429
16921
16837
24817
30132
38098
20574
29457
32817
569
10829
986
23704
1659
34633
25244
11836
11225
20458
10035
16349
28669
15490
1245
24450
34222
4573
40076
18287
28191
3604
29239
34088
11933
603
17827
7884
20850
12205
31940
7466
13 22833
32 14522
117 5367
175 33851
30 26806
197 16703
63 22800
174 19355
52 3244
74 12560
21 23366
139 10612
126 16013
181 1836
112 5632
166 11396
140 32901
118 2287
136 13750
27 9798
36 8883
40 10614
163 39341
67 37597
79 1421
108 26915
99 9931
62 27927
83 8953
133 4344
171 16731
127 11319
46 24890
96 8981
156 4265
188 19831
143 18794
10 19996
101 34133
191 8318
88 31854
149 12425
38 12241
114 7937
132 4858
160 38813
59 24069
158 6121
35 17559
1 30354
95 39114
162 37542
68 13174
16 10210
169 14650
60 18702
49 18628
157 37515
7 30417
58 16545
76 28987
48 26205
65 14049
39 2022
28 26840
18 26616
103 30432
124 5142
148 18624
184 22969
61 19623
190 3792
73 31925
119 27768
57 21519
153 31343
87 2550
37 25369
2 37209
19 345
128 18113
116 16170
102 32770
23 31075
55 14570
45 39065
100 16145
146 34001
97 16359
72 3099
89 5249
109 27419
111 19873
200 17478
66 14757
3 2793
125 10182
195 14534
134 30176
104 32534
