1000000000000 100 100 2 202
328357813456
903330009313
164185997981
231561194553
124550158519
296392508550
475599519385
900825035172
189235656551
408784569411
483033980726
336217024948
278904951489
995121215037
943411844411
156124098161
755105443489
749582869428
62956166430
689364357815
264627842323
233428526485
533918157087
599057257777
686126958699
248343217649
375534248031
14885181993
962500582614
389083974416
71198406088
190462425138
262693276036
859883573440
282776228557
655118126295
959154667252
902981102381
517796414801
729619069068
661577818464
729112512415
906654086578
999834729605
2768658927
976980092831
271453735120
51100693980
843593612082
660944797638
649863766830
951897549500
379369220652
466804469729
805114876826
150633758768
791482764875
236539370412
869698734022
43238494880
373021438876
169429037817
566724648293
225199522472
10995005785
850607404656
159804000552
905074079776
960926490461
243719032728
271589674847
298347086267
802294218070
117722471973
504728758625
52133158805
74509666319
706587380608
8320883651
808253500842
893953940934
746739164359
512889351646
287810807501
698613724776
203264365812
930566138539
72635626753
243556574717
123058442002
337043526886
738233608316
866497926099
935671135493
389063398983
851394979239
795877826272
607255592301
842723254238
208447597527
69 559836958
164 326431068
107 600651693
124 441573342
103 326736350
8 678854391
85 107388557
175 892106005
3 28814272
46 984323661
1 217982535
24 789390216
86 48710656
180 62063894
20 47115795
98 676753866
108 686052421
61 837579103
89 978645166
19 424556560
73 435657726
139 933450279
67 128578069
120 607984126
99 870847753
151 537285658
28 467592990
146 687012831
100 72210811
72 228970737
78 948420077
92 626257979
169 615116544
71 420621808
159 260348445
148 174393434
183 999029648
55 220843255
194 682768052
105 301979984
6 442011711
21 486000644
7 248149089
22 780613432
184 63990271
160 520825743
115 477757725
17 955756179
177 205446002
96 883161158
125 712711832
192 863384488
132 776538233
62 743484760
136 385646288
165 20497314
12 370165564
170 237143584
138 573987003
144 205400880
118 955022237
131 776002559
174 393326053
128 902516771
93 634404939
79 470865275
32 14805515
23 452838322
186 160798080
137 932999610
173 116768636
9 993794242
179 326964493
152 457305269
109 130135033
158 796834000
36 363460404
197 810897370
29 441047906
84 733966066
80 716287709
149 862345891
189 308183502
182 529586211
106 264103403
56 515381366
187 607578966
43 134861784
31 967680005
52 200962415
153 443337030
26 903122828
168 485116215
130 95898713
199 342232638
39 108757237
91 45344675
40 973824455
10 812930447
122 601605068
