40809 100 100 95 202
21615
6871
28286
5260
9302
25464
17992
2440
35772
13554
17596
6488
12146
39216
13766
32
13366
238
22662
4484
9536
16406
36204
23884
13786
40048
32576
9954
18238
21270
39856
19456
31780
3502
20876
10374
5124
6540
9168
4322
19070
40080
34628
39680
3726
25140
11810
12822
27570
24744
29392
39090
34244
1926
15260
14454
33444
3146
27590
31834
16080
9618
24568
5582
15078
40128
9830
35688
6602
18118
39734
32868
9236
21762
9038
37724
14900
33082
9046
37328
4000
4204
19154
15924
14108
5222
26434
7852
15934
16340
38966
30888
27860
4632
4230
10494
21000
17164
36558
5654
2 45716
4 6919
7 31115
9 4539
11 13342
13 44625
15 10789
17 42469
19 47694
21 12532
23 33613
25 45385
27 5167
29 41931
31 5969
33 33630
35 30803
37 18286
39 33238
41 26546
43 1416
45 24006
47 3049
49 4386
51 26360
53 12203
55 47786
57 37082
59 16631
61 12511
63 48660
65 23894
67 45727
69 32102
71 18178
73 48223
75 9141
77 7506
79 954
81 31475
83 31117
85 26334
87 10477
89 28679
91 41622
93 1624
95 24061
97 13215
99 21917
101 4976
103 11903
105 17575
107 19412
109 12889
111 8387
113 45977
115 23411
117 27652
119 40479
121 39335
123 40853
125 37692
127 45253
129 41227
131 3568
133 2442
135 41966
137 20035
139 13629
141 11387
143 13734
145 44666
147 9700
149 37643
151 44886
153 27009
155 17699
157 5010
159 1107
161 11929
163 17084
165 37495
167 43573
169 14993
171 28144
173 30534
175 44934
177 11496
179 9632
181 39007
183 19195
185 26673
187 50173
189 41895
191 1424
193 19462
195 38705
197 7950
199 13682
201 27629
