60199 100 100 15 202
4041
4448
55152
25460
34552
13748
19810
33144
51528
17594
58602
54362
24872
23056
47096
33160
21446
27104
16400
16604
28322
1862
27114
29944
59842
45906
32172
32578
27126
52580
32584
35818
6530
28954
31380
48552
14618
53404
8966
7756
35230
45938
46344
9784
11806
20696
57260
30194
23732
36258
11818
2124
914
8996
312
50410
1528
49202
42538
8604
56278
59108
57494
58506
34066
58510
1346
28214
36498
36096
57914
58926
25800
12470
19946
6616
51866
51464
42376
21168
35310
33090
24608
21176
23804
11686
27646
16336
2198
46640
12100
10284
53312
47254
4836
45440
47058
55948
17166
19390
2 2137
5 4172
7 3518
9 3865
11 26
13 2437
15 805
17 1359
19 570
21 4412
23 2839
25 542
27 1787
29 340
31 2345
33 3235
35 3058
37 4760
39 3906
41 3202
43 299
45 3016
47 959
49 2034
51 4501
53 1859
55 4002
57 440
59 2158
61 3209
63 968
65 1105
67 144
69 3798
71 4546
73 1695
75 2451
77 2203
79 1210
81 1132
83 210
85 4947
87 2175
89 4527
91 3044
93 3857
95 4478
97 3730
99 508
101 2370
103 2138
105 1290
107 4208
109 2275
111 4806
113 665
115 783
117 204
119 2824
121 4311
123 1752
125 2520
127 900
129 3238
131 3793
133 269
135 3784
137 2184
139 3241
141 4761
143 4254
145 4175
147 4205
149 306
151 1492
153 2848
155 2209
157 1987
159 727
161 2166
163 1498
165 4313
167 1441
169 4006
171 2377
173 1981
175 1167
177 4304
179 1083
181 4598
183 4362
185 1893
187 4376
189 3993
191 1507
193 112
195 2796
197 4147
199 1549
201 1151
