65536 100 100 10 202
15719
65259
44533
65473
8864
7251
65451
60046
65487
39693
11486
56020
8259
25793
13704
62263
63674
10881
60447
14710
34657
32240
40701
65456
21157
48360
5034
26599
41306
22972
52796
6445
33850
24383
29016
49367
65452
65258
38684
56422
54809
23577
53600
35660
65469
33248
50376
4027
51990
36263
57431
45138
18538
65262
1210
65284
13099
47957
61254
65257
31837
64883
65475
42314
30023
24987
46748
58237
20353
37070
65275
17731
65248
63271
65472
9872
27809
30627
38281
65276
3423
59242
16926
19344
6043
65455
16323
1611
51183
65465
65483
46145
42919
22165
43726
2417
54205
28412
12494
65261
136 2647360
144 6239744
199 740810812
62 51
148 7674008
46 1
110 47340
180 126595851
1 1
152 14040522
168 63004081
198 636166108
81 1339
80 924
97 10390
22 1
193 399055657
196 545450579
75 632
201 861349474
55 4
126 662299
128 841952
60 32
72 287
19 1
162 36513601
142 5058882
85 2736
40 1
190 290017110
71 190
150 9411420
58 12
50 1
107 26286
84 1922
28 1
59 20
117 187629
5 1
119 314745
159 25094916
158 20729958
109 35377
177 106651798
10 1
194 466925818
32 1
111 62996
114 143879
36 1
155 17082061
124 518951
43 1
161 30306040
100 14249
129 1066299
57 7
20 1
112 83384
68 124
188 246602118
53 1
6 1
121 404993
138 3295457
87 3863
187 209314964
118 243556
9 1
14 1
167 52644230
54 2
18 1
33 1
113 109804
192 340484383
133 1691758
134 2119831
164 43892182
90 5412
73 428
65 80
173 89671856
34 1
151 11510610
23 1
42 1
51 1
182 149978668
169 75242510
26 1
106 19414
37 1
140 4089309
31 1
184 177344218
91 7525
131 1345487
