99999 100 100 245 202
17539
14516
42540
37504
57654
34480
30242
9476
3427
47782
66525
81847
21369
72772
25603
76001
50602
23184
99793
93947
16128
45765
78018
53422
70760
32260
15523
20160
79027
97982
80840
29233
98990
63503
84066
77009
89107
28628
52818
90920
2218
68744
13106
41734
54832
1211
56443
48387
39319
84870
26208
58663
4233
73781
38512
89710
18144
85677
5242
7460
65518
67735
6452
64713
43549
93140
55840
96771
19152
79630
46571
83058
61485
62898
74992
31655
71563
10484
8265
35284
59672
44355
12299
24595
94955
49395
99991
87090
60479
91929
40730
95762
33471
36495
69752
51406
22176
88099
27216
11290
191 736226011
72 4997276
133 148812216
152 225787267
78 6597839
4 23
125 102162850
68 3192589
23 9514
175 474230404
11 1599
114 57248934
154 241246539
112 52400238
108 47885781
127 119155147
149 211130866
100 26876550
3 3
53 612395
187 661923612
199 904834401
115 62450094
80 8584522
126 110397671
91 13987348
176 502118811
44 388588
61 1951565
186 627093454
181 561830973
183 593745174
137 159912838
101 29733302
147 197245648
173 447595165
97 21821390
105 39789866
138 171666232
7 297
33 72251
124 94426931
194 775799144
71 4323024
93 17557217
196 817055960
89 12434822
66 2723965
123 87166895
58 1365249
121 80360440
21 5618
87 11023319
24 15323
39 179785
63 2312061
38 135094
172 422170380
16 3117
92 15691212
189 698284495
165 352746239
43 304469
59 1637507
26 23675
129 128459771
139 184100773
69 3723598
32 51172
155 257541224
41 235592
197 860049622
177 531304096
200 951465687
31 35327
103 32827968
116 68022593
169 397914313
168 374786201
48 490350
160 292771358
118 73985971
161 311776276
157 274704734
163 331755571
130 138336790
104 36175109
74 5753149
35 99768
79 7538954
95 19596670
6 97
99 24243723
56 929165
54 757616
2 1
86 9743008
8 739
106 43687976
57 1130472
