1000000000000 100 100 559132 202
323529417495
794117660130
676470599579
941176486281
725490208431
225490199989
274509808640
29411765389
450980399582
49019608647
352941182685
470588243446
862745112643
480392164773
656862755916
303921574034
441176478259
529411773829
823529425524
774509816672
970588251271
137254904419
333333339023
872549034372
284313730370
568627460549
754901973213
460784321513
519607852098
343137260955
784313738402
215686278057
558823538818
58823530377
647058834590
68627452510
127450982689
705882364566
509803929963
950980408011
803921582265
9803922134
235294121518
382352947876
176470591340
421568634798
205882356327
745098051888
921568642619
245098043451
372549025944
401960791337
578431382078
686274521510
166666669610
186274513272
539215695560
19607843861
98039217298
264705886910
892156877629
931372564552
313725495562
39215687118
627450990931
980392173001
500000008234
117647060756
392156869203
294117651899
411764712865
254901965382
196078434597
107843139228
764705895144
549019616886
598039225539
833333347455
715686286296
78431373837
696078443039
156862747880
607843147673
617647069000
852941190510
431372556125
911764721090
490196086705
813725503592
147058825947
960784329540
901960799359
362745104416
637254912860
882352955899
735294129755
588235303809
666666677849
88235295568
843137268983
81 308255
194 542028740
27 2
150 44576242
199 818725294
47 863
134 16501912
145 29469295
186 352533331
88 722348
172 158335800
154 50979890
197 667580442
158 66327482
49 1277
160 75462691
191 438142868
192 487601236
82 384029
124 8916445
63 24972
196 601864312
143 25572115
167 124429909
75 121513
72 94926
77 154624
156 58199892
18 1
24 1
55 5345
132 14197949
181 282284042
122 7598067
11 1
53 3808
41 151
34 32
118 6457800
103 1583233
79 195645
129 12187645
26 1
163 97204446
161 85715068
179 252123300
177 200341432
20 1
115 4627073
30 9
97 1308638
127 10437247
110 2293048
60 18688
84 476173
8 1
4 1
114 3900014
56 7419
170 140464696
65 33098
149 38905845
175 178227829
66 43531
165 110061759
21 1
52 2681
35 55
29 5
32 18
10 1
59 13865
178 224894476
45 573
147 33893094
85 587758
90 884069
95 1077675
185 315654043
188 393246200
58 10192
37 92
116 5473924
1 1
69 56835
139 22145075
42 240
198 739685353
23 1
136 19137067
111 2745785
2 1
80 246214
201 905286954
43 375
106 1908639
70 73694
50 1863
16 1
113 3277440
