1000000000000 100 100 559132 202
794117660331
882352955701
823529425321
78431373842
941176486280
705882364758
156862747881
225490200194
656862755906
686274521297
98039217302
323529417296
588235303998
392156869609
549019617078
166666669612
205882356532
500000008634
627450990917
970588251472
490196086706
147058826358
480392165178
715686286689
950980407808
637254912445
784313738802
519607851891
921568642821
362745104014
352941182688
764705894937
49019609056
127450982493
39215687325
460784321314
833333347052
774509816870
372549025744
676470599770
558823538809
117647060764
186274513276
666666677838
215686278463
294117651903
470588243043
58823530382
901960799562
617647069188
872549033971
931372564752
754901973610
137254904223
411764712866
245098043654
696078443229
284313730577
196078434600
529411773620
852941190918
450980399988
343137260957
401960791137
735294129946
235294121923
431372556528
862745112446
725490208418
607843147457
382352947677
745098051475
803921582263
264705886711
960784329943
254901964981
274509808644
9803921932
19607843461
578431382471
176470591141
303921574038
568627460740
892156877428
509803930160
441176478258
68627452111
313725495364
539215695550
333333339025
980392173404
598039225726
647058834377
107843139033
911764721091
813725503994
88235295976
421568634394
29411765595
843137269187
155 66327482
181 393246200
29 18
84 121513
24 1
185 438142868
154 58199892
89 195645
79 56835
128 14197949
121 7598067
26 856033500
170 158335800
68 10192
104 1583233
3 1
159 85715068
50 375
61 3808
138 25572115
126 12187645
75 24972
136 22145075
49 240
1 1
59 2681
17 1
83 94926
150 50979890
28 9
87 765121412
180 352533331
91 308255
27 5
99 884069
9 1
63 5345
98 403600206
56 1277
178 315654043
171 178227829
105 1908639
190 542028740
141 33893094
113 3900014
53 863
173 224894476
22 1
191 601864312
163 110061759
164 124429909
76 33098
103 1308638
146 44576242
66 7419
80 73694
133 19137067
71 18688
38 55
7 1
110 2745785
143 38905845
172 200341432
111 3277440
58 1863
77 43531
94 476173
175 282284042
21 1
196 739685353
198 818725294
115 4627073
52 573
165 140464696
161 97204446
107 2293048
201 905286954
47 151
124 10437247
31 32
41 92
139 29469295
131 16501912
158 895725217
193 667580442
19 1
187 487601236
11 1
20 1
97 212660602
14 1
12 1
174 252123300
117 5473924
101 1077675
123 8916445
93 384029
90 246214
70 13865
119 6457800
