77777777 100 100 777777 202
1
205
409
613
817
1021
1225
1429
1633
1837
2041
2245
2449
2653
2857
3061
3265
3469
3673
3877
4081
4285
4489
4693
4897
5101
5305
5509
5713
5917
6121
6325
6529
6733
6937
7141
7345
7549
7753
7957
8161
8365
8569
8773
8977
9181
9385
9589
9793
9997
10202
10406
10610
10814
11018
11222
11426
11630
11834
12038
12242
12446
12650
12854
13058
13262
13466
13670
13874
14078
14282
14486
14690
14894
15098
15302
15506
15710
15914
16118
16322
16526
16730
16934
17138
17342
17546
17750
17954
18158
18362
18566
18770
18974
19178
19382
19586
19790
19994
20198
2 1
4 1
6 1
8 1
10 1
12 1
14 1
16 1
18 1
20 1
22 1
24 1
26 1
28 1
30 1
32 1
34 1
36 1
38 1
40 1
42 1
44 1
46 1
48 1
50 1
52 1
54 1
56 1
58 1
60 1
62 1
64 1
66 1
68 1
70 1
72 1
74 1
76 1
78 1
80 1
82 1
84 1
86 1
88 1
90 1
92 1
94 1
96 1
98 1
100 1
103 1
105 1
107 1
109 1
111 1
113 1
115 1
117 1
119 1
121 1
123 1
125 1
127 1
129 1
131 1
133 1
135 1
137 1
139 1
141 1
143 1
145 1
147 1
149 1
151 1
153 1
155 1
157 1
159 1
161 1
163 1
165 1
167 1
169 1
171 1
173 1
175 1
177 1
179 1
181 1
183 1
185 1
187 1
189 1
191 1
193 1
195 1
197 1
199 1
201 1
