9999999 100 100 9999 202
8114745
1921225
982735
1324319
3187569
1402901
1284329
3785495
5348977
3374631
9315453
6890849
1966899
797523
8523823
4473119
3111439
2470293
5533827
673911
7342135
3874403
6690083
9136305
542419
4483643
1852191
1136507
607269
9020975
9532845
2715549
8555573
8420033
5752221
7211269
9064419
6845653
4987457
5436101
9218957
3728801
6121493
5708809
8582867
8200483
6228359
1020397
4707909
8120297
2714981
3196955
9594499
9643385
2688123
6202319
2286147
4353013
9409
1295545
2066177
7393929
1271311
3806413
2649763
282527
8478477
1897117
6200931
1234965
917221
5465051
7625241
9611307
1159023
8672213
4103581
3623429
4882093
92877
5044505
6085009
2685351
9897359
3973307
8885949
3809691
2176321
2204401
433267
8521147
3021497
8071095
4358135
5949897
1857784
4954648
2960506
9652364
825774
2 976610630
4 954597398
6 925245854
8 953394450
10 963514484
12 975979392
14 946378705
16 990353116
18 943799880
20 988080096
22 913965396
24 919246666
26 990472136
28 936484508
30 930332250
32 916791407
34 961523647
36 957773776
38 918004194
40 963685121
42 978531202
44 947320418
46 932043863
48 996359579
50 956093457
52 995212544
54 943311654
56 929707189
58 977810354
60 964510926
62 978863919
64 957919776
66 947431701
68 994778327
70 903879723
72 936383676
74 911311697
76 968354611
78 936021859
80 904505753
82 925754759
84 922458862
86 944579571
88 951403968
90 968835335
92 923760366
94 977349851
96 961913960
98 968964615
100 944096149
102 925723537
104 908301387
106 965249324
108 997212851
110 919010558
112 946183950
114 949211523
116 996157631
118 950923162
120 928482203
122 900140175
124 993655417
126 989093563
128 977015814
130 989871305
132 919954198
134 945320310
136 916668401
138 900376558
140 968222678
142 923273685
144 991249784
146 986194280
148 917743551
150 904715136
152 979234216
154 927307973
156 940281652
158 929163625
160 970248109
162 915995893
164 927619569
166 971455770
168 927813004
170 971315376
172 986178219
174 966318868
176 902213410
178 997293508
180 912501954
182 909781474
184 905325420
186 993705393
188 938897379
190 911061516
193 956479219
195 983043442
197 922365458
199 960214028
201 993360810
