9999999 100 100 19600 202
2760937
1304519
4383001
2385425
8328873
4344627
2938911
1288977
1293827
8385645
3523911
9778843
5759651
5117091
9807735
8204059
4132145
1993977
8679371
3532413
7505957
389903
2825015
6727253
8409309
5595249
9138129
3767961
3038743
9128237
5867959
5630611
6070569
5414677
1196313
5285603
5265607
533153
9464585
5597499
6416813
1928779
8453583
9074129
5717901
5182805
9236543
9283005
3454095
1611049
2859613
5515511
1680947
7427849
8185553
6983857
6771355
731961
916591
741257
5591077
5497553
7167893
8979633
9630075
112847
9866621
7619979
5408283
3164469
2706335
9203263
5343651
7417789
8398501
9974305
4054899
2956223
5159237
8123791
4976229
6280141
2432245
2526985
8185007
1617787
2171471
2476089
1086129
9186937
9102705
1650523
2968777
3207947
3688305
2388236
6851832
4835470
7666300
2500960
2 944640251
4 940250291
6 983806556
8 946870259
10 958725663
12 945557425
14 950389593
16 935379271
18 998549647
20 971005067
22 974240065
24 901028944
26 974681998
28 973852012
30 982642446
32 974105369
34 980335167
36 971970977
38 973423088
40 961413314
42 989994320
44 971965519
46 961846031
48 932310657
50 919774710
52 976738669
54 940992510
56 932412725
58 917515597
60 965323966
62 918469972
64 996141835
66 986894968
68 930900313
70 908717084
72 934344709
74 977634005
76 984898531
78 917631417
80 908918985
82 950362756
84 924832549
86 954599974
88 948483116
90 967623816
92 911097925
94 982613576
96 934663194
98 966754624
100 985698997
102 952381846
104 962635289
106 925068741
108 993806981
110 905113339
112 961029636
114 952347840
116 999212454
118 975143468
120 984012393
122 923354592
124 904830933
126 978029286
128 949858953
130 990889438
132 926774889
134 916106610
136 995068095
138 997140747
140 990806435
142 912779536
144 923806703
146 980319085
148 917459295
150 976303161
152 954863098
154 926211164
156 925544253
158 938894201
160 973792732
162 958215205
164 934998719
166 982866543
168 919052838
170 920465139
172 995990920
174 943839017
176 969826325
178 925075895
180 997418733
182 902653174
184 986117283
186 964968799
188 948610441
190 965800114
193 975068078
195 972429425
197 975662653
199 912162685
201 937130730
