100000 100 100 31 202
66008
20233
27880
96660
60745
51880
81893
82036
9567
29386
56196
60137
35604
73348
84764
96466
72291
54591
83860
37818
69653
60055
56255
51912
90778
64277
78238
96672
28164
63932
45195
31470
64496
93367
4471
20950
84791
70958
1089
31565
98661
24025
22671
51156
30821
90587
48173
76739
46208
79893
24072
89394
50476
48846
72041
46456
53854
31476
6333
49673
14015
73312
86615
89803
36094
69739
8155
12186
70131
20149
29018
45310
18991
11798
21426
88494
57867
34741
2552
78735
74954
38992
87354
52987
52041
97876
25285
6512
68463
34477
96121
54999
95479
70971
51215
62958
49053
87318
31743
40472
21 59
197 35
162 26
36 961731380
141 9
70 16
185 22
67 4
94 40
87 65
201 19
23 91
5 8
46 88
119 944519463
84 1
120 8
59 67
102 73
190 42
65 22
19 16
182 94
20 56
81 10
118 65
114 86
57 15
39 10
192 33
175 38
113 72
147 48
134 54
191 70
195 33
173 81
163 52
123 960710967
150 64
155 25
60 969300051
193 16
93 94
121 976446844
142 43
106 83
9 28
11 60
1 984826441
130 948734932
68 946746378
17 4
25 31
170 1
42 38
88 73
7 65
32 53
74 100
161 49
133 2
15 20
158 96
124 31
92 97
154 987892559
8 93
89 80
13 970289165
26 972951068
196 66
176 11
125 28
31 89
98 29
167 69
78 36
2 67
148 18
76 50
139 27
38 95
179 957708635
146 15
105 22
111 27
16 5
180 13
186 53
131 16
107 47
184 976879232
194 13
28 25
101 78
45 941134275
140 96
172 8
174 983257194
