333333 100 100 112231 202
59631
59756
59671
59699
59661
59727
59721
59743
59604
59704
59613
59710
59718
59779
59618
59784
59626
59629
59696
59729
59766
59742
59599
59611
59711
59761
59730
59751
59670
59667
59755
59746
59662
59786
59687
59595
59737
59790
59732
59600
59775
59723
59774
59605
59607
59690
59763
59782
59765
59758
59652
59676
59788
59682
59769
59714
59646
59701
59712
59654
59753
59642
59625
59773
59621
59747
59776
59596
59640
59691
59603
59630
59778
59720
59706
59709
59664
59609
59719
59738
59627
59748
59598
59791
59695
59739
59632
59689
59668
59638
59606
59639
59616
59602
59686
59733
59735
59680
59622
59754
34 252814100
57 48912541
132 161286435
66 79704187
151 185680799
51 250429403
169 221120883
197 52169959
182 90892260
103 12504152
69 155497364
25 271072520
141 107647562
155 992460238
160 194086941
127 199165142
79 256882379
95 268361079
174 919500202
67 194038077
83 184045410
24 115759379
29 201090633
123 213211944
162 217068893
178 37676114
76 967617175
181 990849120
89 163340415
59 230561823
70 135100611
45 1873889
125 153634661
117 81223378
104 909676209
3 28549861
47 958207000
193 153206794
43 974227502
199 38053641
150 187789899
195 108255280
55 236906726
94 199016772
187 175068561
73 6914254
1 154089130
84 255395255
118 249636406
93 28433170
18 161636978
68 81838959
191 118979137
46 153599412
112 74920083
102 30941772
30 31643859
65 38786219
135 974179041
170 909743765
159 119677523
88 282855784
87 125458849
11 922936509
146 170023827
154 289260782
27 191121228
4 211165075
167 167986693
98 28440410
75 110374696
172 58273893
107 56049313
7 200158875
22 106781666
38 135611526
180 145195460
85 43016411
126 121239851
134 48525996
138 227185728
82 102256023
177 264970180
58 172639156
190 262373676
60 50537862
20 153622054
54 235009006
61 260766777
110 125135182
115 208580096
2 918134207
63 4032130
144 100312480
44 46105476
108 269845283
136 142262991
113 10775002
91 296258877
53 944204657
