50000 100 100 50 202
13807
18302
7822
41564
28370
36614
47713
45687
40814
41680
15292
42480
1856
5026
24147
18557
14602
46726
47397
48107
14881
23577
49213
38587
25723
4789
16102
15467
15544
35794
28216
34134
34612
14911
6759
32693
45269
31753
14805
48280
5515
956
24835
45259
10732
43412
35798
9237
3229
18134
47860
47288
6746
25382
46739
38311
31839
18117
20449
786
47154
12446
26207
44929
3461
37606
3097
39524
1224
3630
45841
9405
47485
5223
20937
26845
16523
22628
43410
12561
25964
12686
31484
29904
33562
21993
36055
36175
22306
19872
8265
26649
30599
900
2334
49136
10909
9280
17933
19622
84 13593
176 37354
18 37624
101 24384
95 5478
6 19265
140 8602
36 37069
102 38325
141 4548
168 36010
33 10437
167 18441
65 18451
158 19183
200 7840
164 30216
7 28664
159 25367
57 17101
54 613
160 8688
151 8745
63 19651
107 37009
73 19132
117 583
194 23435
126 39337
96 25111
83 10445
43 22892
14 21085
116 27491
89 488
72 19089
66 34261
123 14492
94 3912
48 38098
81 4255
128 30350
170 2149
105 17
119 12377
118 31028
120 10119
29 14727
195 14732
42 13742
3 20909
23 597
9 16560
22 33673
51 39830
155 18728
183 6894
74 268
56 36825
169 27253
100 25048
172 10103
87 10669
186 19014
201 22067
79 32707
46 23842
98 38430
32 35801
153 2298
53 24903
45 30828
13 6252
111 28990
110 5432
150 34712
49 39196
78 38627
75 19658
152 18451
91 34893
179 38981
136 6864
55 12121
104 19644
121 15958
62 29219
197 8682
16 36063
137 16146
24 29083
163 1895
82 20620
19 4068
103 7481
166 13817
114 16757
25 28605
193 32991
130 22924
