50000 100 100 50 202
25546
22474
457
46882
5430
7874
32456
15680
16590
20930
1040
20627
28109
29496
44654
31602
23107
26024
19818
5021
49471
28106
7959
3350
21444
47345
39551
48660
42745
44325
39741
47544
39843
6283
28670
14657
19463
15502
18450
38489
6549
19656
14092
47259
39291
34875
35705
16887
42351
39720
49069
11629
8120
16110
45839
21761
2413
13165
30495
22470
7573
22410
23381
43031
8463
43762
15922
26802
19159
5955
17603
18915
33446
29360
46713
15148
24248
8283
49342
34833
43594
27618
44687
7954
22951
35206
3235
37930
48014
26244
31660
630
8805
31177
10781
25296
40296
22971
34387
17639
86 21489
176 248
141 17437
50 36863
16 18305
117 15436
101 18489
201 34316
102 18898
143 9240
25 37284
105 19
132 9958
7 2133
64 32642
100 14838
57 32917
197 8245
11 30022
15 39771
177 10382
170 35500
43 33492
95 24092
159 9079
192 1231
158 13809
84 9130
93 2175
167 13976
135 6960
137 26046
111 19709
44 20278
169 2765
114 31387
41 34339
72 3253
88 28118
174 7777
104 245
19 23129
42 5369
10 27459
17 23051
34 16554
61 34317
122 32082
139 6796
162 24570
9 35920
182 8726
59 15943
66 11077
60 35420
56 14569
155 6857
179 19826
189 19404
172 30505
73 38504
20 10967
110 28712
194 20243
33 3239
83 8850
39 9840
82 11845
80 12509
38 5723
2 14666
13 34568
199 5047
6 12696
144 13303
127 22793
175 12974
67 29393
108 23426
163 32140
112 19057
157 38336
36 29498
184 30100
14 14207
165 29612
134 6506
160 3991
142 39454
107 34363
27 36212
96 17107
37 10836
55 13420
120 29036
63 15450
92 12240
196 6282
78 24181
91 3083
