150 150 270
1 59
124 150
100 150
1 150
146 150
125 150
1 146
1 51
139 150
36 150
1 135
33 150
68 150
34 150
1 127
1 17
55 150
20 150
116 150
1 83
14 150
70 150
101 150
17 150
48 150
1 133
1 23
1 34
51 150
1 101
78 150
1 89
1 88
1 111
1 123
45 150
43 150
37 150
1 108
63 150
29 150
1 93
91 150
1 141
15 150
1 149
1 104
1 118
35 150
93 150
54 150
1 99
1 24
1 56
118 150
1 47
95 150
120 150
127 150
129 150
1 32
1 110
1 46
147 150
132 150
12 150
38 150
80 150
1 91
1 9
85 150
1 69
131 150
1 12
135 150
141 150
130 150
1 15
92 150
1 29
1 97
1 64
24 150
21 150
1 68
1 1
1 147
49 150
83 150
112 150
1 75
128 150
117 150
1 3
1 31
1 49
6 150
1 122
7 150
16 150
1 7
79 150
1 70
1 20
1 139
2 150
47 150
88 150
64 150
58 150
1 73
1 100
1 106
1 14
1 61
145 150
61 150
1 19
1 87
1 11
74 150
110 150
1 5
77 150
1 131
1 132
1 33
94 150
144 150
122 150
26 150
150 150
106 150
1 117
1 44
148 150
1 136
57 150
1 53
40 150
1 27
50 150
1 43
1 119
60 150
105 150
1 145
1 38
1 55
126 150
13 150
22 150
1 54
1 74
107 150
18 150
119 150
1 39
113 150
89 150
1 144
1 72
46 150
11 150
82 150
1 62
1 52
1 85
1 103
65 150
1 79
1 121
1 71
86 150
53 150
1 2
73 150
111 150
8 150
114 150
1 138
96 150
30 150
69 150
41 150
115 150
1 77
81 150
1 48
1 81
1 98
84 150
4 150
1 115
44 150
140 150
1 35
1 148
1 67
1 65
109 150
19 150
1 37
149 150
1 129
123 150
143 150
1 4
136 150
31 150
1 120
1 94
1 130
5 150
1 102
1 125
72 150
134 150
1 13
142 150
1 22
1 66
9 150
67 150
90 150
10 150
1 21
1 92
1 112
1 114
1 134
23 150
1 16
1 18
108 150
1 25
1 36
1 90
1 107
56 150
71 150
103 150
97 150
75 150
1 58
27 150
76 150
102 150
137 150
1 137
39 150
59 150
1 96
42 150
1 140
1 28
99 150
1 8
1 80
1 78
1 95
1 45
1 82
1 42
1 26
1 126
1 6
1 128
138 150
25 150
