150 150 250
150 89
87 1
122 1
150 8
102 1
121 1
107 1
150 37
150 34
25 1
150 12
95 1
150 74
150 31
46 1
150 137
150 121
150 59
150 62
57 1
150 114
49 1
150 72
150 91
150 141
86 1
116 1
21 1
58 1
60 1
150 24
150 139
150 3
147 1
98 1
144 1
149 1
112 1
71 1
3 1
11 1
150 111
150 6
45 1
85 1
150 4
150 149
150 69
150 90
6 1
142 1
56 1
20 1
61 1
150 70
150 108
150 28
128 1
131 1
150 44
140 1
114 1
150 55
150 22
38 1
150 115
83 1
146 1
103 1
23 1
150 21
150 100
39 1
150 109
17 1
67 1
22 1
150 106
138 1
150 29
150 126
28 1
35 1
150 13
104 1
108 1
150 81
150 123
150 18
115 1
82 1
55 1
92 1
134 1
12 1
30 1
59 1
150 118
150 61
150 78
150 128
150 48
150 60
150 9
89 1
150 88
150 27
1 1
150 40
109 1
150 87
150 33
93 1
137 1
150 79
91 1
150 98
150 142
150 1
65 1
150 113
8 1
150 97
150 147
73 1
41 1
27 1
4 1
150 146
150 132
84 1
106 1
150 5
76 1
32 1
18 1
72 1
150 101
51 1
43 1
2 1
118 1
150 16
42 1
53 1
113 1
88 1
150 39
132 1
48 1
99 1
150 125
150 82
150 129
150 7
139 1
150 43
150 148
150 134
150 130
141 1
117 1
68 1
77 1
7 1
14 1
150 119
150 64
66 1
13 1
26 1
150 52
150 47
126 1
69 1
150 92
150 50
150 32
150 95
110 1
150 67
150 84
34 1
101 1
80 1
143 1
40 1
150 53
150 143
150 45
150 63
15 1
150 131
33 1
70 1
150 19
150 46
5 1
150 75
16 1
96 1
150 120
150 140
150 99
150 11
150 2
124 1
130 1
150 136
150 35
29 1
150 65
52 1
150 56
63 1
97 1
150 57
150 17
150 86
150 103
150 112
90 1
150 25
135 1
64 1
150 54
150 49
150 105
129 1
119 1
150 41
111 1
145 1
150 10
100 1
150 36
44 1
150 127
79 1
150 71
150 76
47 1
105 1
150 138
120 1
150 107
150 58
150 94
150 77
123 1
