150 150 500
82 1
101 1
1 42
150 145
4 1
96 1
150 107
141 1
146 1
90 150
12 1
150 17
1 78
150 37
147 150
38 150
1 110
122 1
1 115
23 1
150 66
116 150
150 18
1 90
31 1
148 150
42 150
1 131
30 1
9 1
133 1
115 1
100 150
150 23
1 76
150 43
107 150
1 10
1 34
43 1
26 150
150 112
58 1
50 1
138 1
1 18
119 1
150 96
120 1
150 20
81 150
1 14
1 120
150 70
1 79
11 1
60 150
1 46
1 126
40 1
1 66
150 81
75 1
150 11
57 150
1 20
1 140
113 1
39 1
150 103
150 82
150 36
54 1
148 1
150 83
47 1
150 55
128 1
150 118
17 1
1 55
150 119
1 124
150 74
2 1
124 150
111 1
110 150
1 136
1 51
124 1
94 1
120 150
117 1
1 16
84 1
150 47
66 1
1 15
115 150
1 149
150 31
109 1
129 150
1 150
22 150
45 150
1 135
150 92
85 1
150 140
62 150
150 123
29 1
1 45
135 150
42 1
150 22
93 1
108 1
1 61
101 150
150 113
65 150
1 13
136 150
150 28
100 1
1 25
150 27
98 150
1 93
1 9
1 62
1 58
150 77
150 79
1 144
1 73
45 1
1 38
34 150
1 72
91 1
99 150
150 132
70 1
1 134
112 150
123 1
1 21
1 33
150 33
24 1
1 145
1 2
1 109
139 150
1 142
60 1
150 108
34 1
150 50
92 1
23 150
125 1
116 1
12 150
85 150
35 150
59 1
150 91
83 150
150 127
150 64
1 108
78 150
35 1
150 4
1 82
150 6
87 150
150 21
33 150
1 129
14 150
1 47
1 63
71 150
150 53
150 14
75 150
41 150
44 1
150 10
137 1
111 150
18 150
1 53
150 19
140 150
147 1
55 150
150 3
1 56
1 4
3 150
29 150
1 29
132 150
1 67
1 71
15 1
106 1
150 61
77 150
11 150
150 129
98 1
8 150
24 150
150 45
109 150
4 150
150 46
91 150
130 150
150 138
150 120
150 34
1 143
40 150
150 89
150 105
59 150
1 41
73 1
150 38
46 150
5 150
150 72
1 98
126 1
80 1
143 150
105 150
52 1
1 123
1 5
1 31
53 1
1 139
150 136
1 36
150 30
150 13
87 1
52 150
102 1
1 118
150 12
1 95
19 1
67 150
78 1
1 64
127 150
150 35
92 150
28 150
38 1
32 150
150 90
150 68
47 150
1 77
150 133
1 54
68 150
7 1
150 88
1 99
86 150
150 143
150 56
138 150
30 150
48 1
49 1
76 1
150 24
140 1
150 93
31 150
134 150
150 52
1 132
106 150
66 150
1 127
79 1
150 2
144 1
150 49
41 1
1 100
150 1
46 1
150 86
1 125
127 1
150 16
103 1
1 102
97 1
1 39
150 87
1 121
9 150
1 138
1 35
1 92
16 1
150 147
137 150
150 26
37 1
134 1
73 150
56 1
117 150
80 150
150 121
1 141
108 150
61 150
150 29
10 150
1 1
37 150
13 1
97 150
150 44
143 1
150 85
133 150
1 116
1 114
150 135
150 48
79 150
20 150
16 150
67 1
131 150
25 1
1 111
1 97
150 130
21 1
112 1
64 1
6 1
150 148
90 1
96 150
119 150
150 39
150 101
1 3
150 62
150 109
1 101
70 150
114 150
58 150
150 41
33 1
86 1
1 113
150 141
141 150
126 150
150 84
71 1
128 150
125 150
1 11
1 122
1 128
1 37
1 59
1 32
150 98
130 1
1 43
150 110
36 150
56 150
69 150
1 12
94 150
26 1
104 1
6 150
1 81
150 65
150 137
1 96
121 1
150 76
150 63
150 115
88 150
150 9
150 57
149 1
1 44
95 1
1 23
83 1
74 1
1 74
1 26
1 106
122 150
150 122
14 1
150 134
121 150
1 89
102 150
150 78
1 147
1 148
1 91
150 144
150 128
76 150
89 1
113 150
1 85
150 124
51 1
1 88
1 27
131 1
1 87
81 1
1 28
150 73
72 150
63 1
1 40
3 1
21 150
51 150
61 1
150 51
7 150
1 83
150 102
64 150
150 116
1 105
43 150
1 48
1 130
1 22
17 150
142 150
150 150
145 1
142 1
1 24
149 150
1 6
150 80
1 75
132 1
105 1
65 1
150 42
150 71
150 7
1 104
107 1
36 1
1 133
150 139
54 150
57 1
93 150
62 1
150 67
1 107
1 80
1 117
150 8
150 106
