100 100 10000
95 14
20 28
28 48
58 42
51 42
98 28
26 60
98 70
49 5
92 74
38 31
98 33
59 2
85 88
7 39
52 29
96 2
9 91
64 4
94 76
47 94
85 2
17 54
92 70
98 36
3 40
53 72
90 35
93 79
6 79
80 31
30 97
32 99
100 13
29 27
22 64
55 48
17 85
60 65
56 76
69 28
12 50
79 22
99 72
67 47
40 95
43 14
39 98
44 17
50 9
34 78
55 24
80 71
17 28
91 73
62 72
84 65
87 98
52 44
71 18
69 54
29 91
24 71
73 31
23 83
51 95
78 95
19 49
91 96
35 89
28 54
70 54
58 5
67 37
72 47
97 65
28 68
55 63
73 46
22 75
75 35
86 44
96 31
79 63
63 64
9 5
96 44
98 8
39 55
50 19
8 98
27 89
93 90
38 15
60 41
82 62
71 35
93 77
4 78
84 32
81 4
57 65
62 67
75 26
21 9
48 25
11 74
43 17
44 79
24 56
2 85
90 85
2 86
76 56
17 71
24 46
62 2
44 88
66 36
1 68
63 96
88 23
83 2
98 88
3 78
91 99
99 97
46 12
100 95
77 50
20 88
52 3
76 16
1 1
42 67
33 25
37 78
39 3
52 79
73 14
73 7
92 51
84 85
96 82
67 38
51 2
15 66
65 53
67 67
3 28
8 13
76 13
4 68
8 66
33 92
98 87
99 14
38 20
55 76
19 6
41 35
37 93
5 61
74 25
90 47
82 51
39 12
4 99
35 19
94 80
39 23
54 21
93 89
38 91
56 39
26 90
9 24
77 66
80 68
79 38
48 50
95 40
3 10
85 63
95 47
94 9
6 65
53 57
47 10
59 5
81 28
33 61
71 15
43 11
22 54
76 30
23 81
1 75
64 56
56 93
23 38
67 35
45 49
35 80
28 72
25 54
11 69
6 49
30 91
29 74
2 54
7 25
87 80
23 91
67 31
33 67
24 22
76 96
67 66
12 60
100 48
45 54
65 95
55 11
63 26
60 13
48 99
3 77
71 14
45 7
39 16
10 8
4 59
97 89
18 72
38 39
84 47
51 52
41 1
79 15
43 56
50 63
27 62
11 99
47 55
32 87
21 28
37 46
77 54
42 15
99 90
95 61
23 46
46 74
69 7
86 100
42 77
53 43
37 42
94 4
53 90
87 60
51 96
42 11
9 77
27 23
35 16
10 91
31 71
69 63
66 87
17 66
56 61
85 32
55 45
79 76
13 47
74 69
74 67
57 3
37 77
96 93
35 74
23 35
10 61
19 13
61 19
12 33
40 73
78 34
14 33
24 17
45 39
89 94
88 38
64 86
58 78
12 51
45 35
13 85
77 76
24 81
89 73
50 92
46 89
54 25
27 65
32 54
9 95
46 83
4 89
81 73
35 68
66 85
5 30
37 55
1 62
19 1
78 57
84 51
53 84
8 72
68 14
32 21
60 1
7 16
49 100
49 1
76 69
44 24
26 92
10 27
70 58
23 10
54 18
22 2
38 34
65 22
37 22
7 19
64 10
31 70
64 25
57 20
66 41
5 36
87 77
54 82
94 44
57 35
77 47
42 48
86 40
82 27
14 31
54 5
12 87
66 59
67 60
46 48
73 96
88 32
67 85
67 83
58 13
4 31
96 95
59 91
8 64
59 97
71 1
62 100
16 14
59 40
12 88
1 84
10 35
58 95
59 76
76 14
75 39
56 69
60 80
56 86
31 14
48 53
83 44
80 6
49 99
64 95
15 17
79 58
13 56
83 52
4 28
59 11
99 17
70 98
87 90
57 44
47 100
64 89
5 17
100 56
38 58
5 9
96 32
44 75
38 45
79 10
34 57
72 6
7 59
87 3
66 13
28 94
89 36
75 81
59 33
96 53
52 78
31 85
73 90
29 43
2 32
37 4
77 82
28 42
83 3
40 28
51 97
70 59
68 58
8 56
42 9
62 98
30 49
29 95
78 56
22 5
72 50
99 9
44 90
27 4
76 58
43 66
59 18
73 81
6 26
18 82
97 50
15 55
27 68
99 66
42 58
42 56
84 74
2 45
95 3
11 36
27 85
90 13
83 94
79 25
48 34
58 83
41 86
35 28
60 72
66 97
96 39
3 27
39 86
10 23
97 57
92 22
71 39
9 58
1 81
22 57
7 64
34 68
89 16
40 70
64 35
33 38
48 5
46 33
42 31
54 97
90 20
74 44
59 99
44 27
48 2
47 9
81 22
2 21
4 75
61 45
54 45
77 61
41 20
56 95
17 47
80 72
34 53
38 14
66 63
71 71
59 96
6 77
56 71
45 87
97 72
58 59
30 15
22 65
50 34
53 3
83 56
85 10
63 98
47 1
11 73
70 11
78 86
71 2
78 97
74 86
87 81
22 69
16 6
13 78
64 39
57 91
29 33
32 86
60 90
30 88
20 97
97 24
16 46
39 47
2 28
49 10
34 85
48 38
70 41
32 3
91 41
41 38
49 69
41 8
49 48
36 23
1 20
24 59
41 100
98 30
61 83
63 80
55 81
23 85
69 80
18 21
42 22
84 83
63 83
48 67
40 57
33 94
74 55
10 9
50 73
86 25
99 46
71 96
63 81
27 64
96 94
19 71
5 71
31 37
19 36
14 22
62 75
87 9
9 17
80 4
26 74
10 21
46 97
80 28
91 25
30 21
30 100
47 4
40 92
64 46
20 39
97 92
1 26
32 17
84 82
69 98
31 36
73 59
53 88
96 25
96 81
93 9
99 59
49 72
99 28
42 33
58 36
23 62
41 29
70 51
33 30
67 71
52 56
76 78
13 3
42 34
61 90
91 48
24 51
45 93
56 92
10 19
87 85
12 63
12 30
100 55
7 22
53 73
4 13
50 45
5 92
100 91
75 48
10 43
32 50
100 15
18 97
49 16
61 48
92 89
9 81
74 70
63 88
60 95
6 93
31 9
89 38
67 22
6 78
92 33
58 8
24 100
78 16
84 11
15 78
30 59
60 63
83 100
45 84
79 62
25 56
53 41
96 99
34 92
58 16
3 49
86 59
7 34
77 91
34 80
60 19
7 96
48 66
36 22
82 28
65 96
21 93
96 15
1 90
26 52
40 90
98 23
78 64
91 24
86 31
67 39
35 90
81 47
34 75
34 64
30 87
33 1
10 52
24 30
1 83
78 27
20 5
64 92
12 46
62 79
11 67
19 97
18 100
73 16
78 35
67 90
95 65
82 11
74 56
1 93
40 34
70 8
75 14
81 12
84 55
6 4
33 53
88 22
35 70
83 23
82 8
7 68
77 72
82 88
28 52
46 31
9 88
45 20
38 92
12 89
94 34
36 37
14 62
51 80
73 71
63 41
59 79
32 58
82 15
73 49
21 57
11 75
77 6
5 68
100 16
67 15
23 49
23 6
29 75
7 13
38 77
83 86
30 86
2 17
38 67
92 15
65 7
79 87
40 81
5 29
68 6
25 100
22 89
8 74
68 13
43 39
70 78
75 49
85 18
4 17
30 68
42 69
73 78
17 98
63 55
77 23
66 89
46 99
59 34
63 39
23 41
49 84
17 17
61 71
49 15
71 61
79 61
60 3
61 88
41 34
54 80
63 47
33 3
13 91
2 41
67 63
9 54
33 59
67 4
87 38
66 52
6 58
85 90
34 76
96 1
19 18
17 92
47 81
15 77
33 36
57 63
78 46
57 48
11 77
97 78
67 96
85 11
1 51
82 66
86 79
58 89
67 91
12 95
30 79
39 46
42 29
81 53
62 37
62 20
71 23
20 63
14 29
83 82
24 6
75 59
66 31
27 7
89 9
79 52
96 10
84 61
4 34
44 9
47 68
71 85
50 90
92 86
71 37
15 79
16 98
60 46
66 5
70 67
98 32
36 40
67 65
71 26
21 96
91 90
59 27
69 78
54 55
30 90
97 10
49 77
31 84
79 51
5 6
8 96
4 10
89 22
39 79
86 94
50 50
82 85
60 10
84 60
4 39
82 49
48 41
73 75
63 86
69 96
12 26
83 27
19 99
91 55
99 34
57 56
20 51
28 73
1 100
6 1
47 82
36 50
11 33
37 32
73 58
59 52
14 30
16 17
41 94
43 95
47 11
60 71
79 90
94 2
56 36
56 37
54 89
67 48
30 43
33 44
37 68
15 63
11 60
53 58
22 93
83 33
13 67
80 5
87 100
91 51
75 50
59 57
23 53
37 89
84 76
20 55
4 32
16 95
78 11
56 85
69 42
78 1
93 61
6 21
94 97
54 27
65 25
49 38
58 71
67 29
94 68
27 51
45 92
36 81
71 36
16 7
41 26
84 67
47 35
52 86
1 23
81 80
58 18
13 87
45 80
42 72
35 81
58 47
2 64
42 66
91 5
80 53
100 85
73 57
1 15
18 13
14 21
92 43
32 51
71 42
63 34
62 65
74 83
100 94
83 64
36 66
49 24
10 65
7 49
64 78
55 42
14 44
36 63
90 94
97 28
81 8
69 83
30 13
25 60
17 97
20 40
42 43
100 7
56 65
34 1
39 31
67 11
4 47
21 63
67 74
44 46
77 10
35 4
31 24
24 89
3 44
54 94
75 62
46 68
8 9
77 88
97 42
30 75
70 87
96 69
90 30
85 99
56 31
94 99
22 78
82 67
33 81
41 95
95 87
95 57
25 8
24 57
87 91
13 33
22 18
87 45
38 48
13 16
98 57
60 17
98 90
83 47
23 63
45 18
67 57
75 16
94 24
27 56
46 70
93 96
55 60
94 74
19 73
64 14
79 50
17 42
11 48
100 25
88 37
8 59
62 35
83 46
15 38
89 77
95 44
92 16
21 84
48 57
55 3
33 13
26 66
94 82
29 56
69 84
25 79
88 66
8 57
46 84
81 1
93 25
71 87
40 37
8 46
48 62
21 76
8 73
26 72
47 98
84 13
1 97
82 59
22 84
9 34
50 5
49 63
72 22
63 95
64 71
27 53
66 95
100 1
24 54
17 88
99 37
56 41
69 27
95 51
64 47
47 57
23 13
49 53
51 23
10 22
27 5
76 72
58 80
84 37
22 92
47 90
3 83
45 24
79 65
71 99
61 93
99 24
46 53
69 70
96 74
41 80
20 65
44 81
47 41
6 22
26 22
97 32
56 74
74 82
100 46
49 14
99 32
61 53
94 57
39 37
10 99
1 94
68 50
76 83
51 24
52 37
22 44
35 36
55 27
69 5
97 21
59 25
15 64
69 56
33 19
97 4
12 17
94 7
18 71
52 41
25 71
24 33
3 86
34 39
20 49
56 87
25 23
91 94
48 30
97 81
21 54
53 29
46 44
64 12
99 20
11 38
88 100
88 8
67 89
74 26
12 80
64 79
89 63
66 67
30 14
12 59
71 86
66 4
53 71
7 90
10 49
47 22
20 85
52 13
27 57
73 24
9 100
73 98
83 78
51 13
7 29
5 59
53 13
42 49
58 50
2 73
85 97
52 80
95 1
82 37
1 89
33 50
39 48
16 69
89 15
68 1
47 56
28 70
89 35
86 85
35 12
9 65
31 2
76 47
24 21
74 27
80 40
81 5
27 83
94 23
41 84
44 48
25 16
67 8
10 2
3 54
45 44
27 19
8 75
87 41
44 18
2 12
85 64
65 26
26 62
53 44
55 71
59 1
80 19
31 58
28 33
82 87
30 17
43 41
77 39
28 11
79 75
42 55
6 76
31 19
72 44
59 80
99 39
36 94
85 49
64 85
60 16
57 74
89 3
32 67
20 70
6 12
93 60
31 29
42 73
72 59
91 52
4 1
88 2
77 9
19 46
43 30
21 44
86 58
79 68
56 17
62 1
5 51
64 1
90 8
43 83
57 73
12 83
72 77
67 80
94 79
75 13
40 76
62 34
7 67
90 79
35 75
55 36
91 100
76 27
5 5
85 60
28 28
20 48
75 64
4 7
86 30
74 57
41 70
21 5
56 56
90 54
45 2
2 22
65 91
39 99
5 78
41 22
25 31
19 22
48 23
56 88
85 13
96 78
31 21
88 95
96 20
97 31
59 77
6 30
47 43
84 19
88 75
40 77
85 96
67 93
52 7
32 93
53 14
2 3
51 98
43 13
7 55
79 5
10 80
59 59
93 43
11 20
6 20
1 55
79 4
73 69
70 79
58 29
14 84
98 82
77 89
99 83
95 8
13 81
38 99
31 50
29 58
41 6
59 62
68 83
43 12
18 36
48 68
81 54
76 68
41 24
70 95
95 12
97 55
58 94
33 71
62 33
39 11
2 43
90 37
26 12
60 54
47 97
27 13
30 19
46 73
3 66
90 41
34 36
15 33
73 20
65 83
5 25
65 6
58 65
83 95
11 89
99 95
27 9
70 10
63 87
61 44
72 57
91 64
99 73
50 84
25 68
63 7
81 39
9 27
82 16
26 94
32 9
81 9
19 80
35 76
92 38
26 11
4 76
35 99
53 56
46 32
54 73
96 41
40 82
36 6
59 4
10 6
6 98
87 17
50 27
63 66
26 9
44 74
25 72
95 98
64 62
27 36
63 61
38 59
18 6
29 54
82 7
78 82
25 29
100 73
44 55
52 69
91 82
67 33
88 78
84 90
7 44
40 32
15 72
91 3
93 15
81 25
52 22
100 70
46 43
86 3
99 75
89 66
79 49
77 56
80 27
91 9
71 5
27 12
22 91
51 27
84 87
74 9
92 21
16 37
5 48
65 55
17 29
66 15
72 5
16 81
7 84
68 80
22 13
44 43
72 40
13 12
87 10
92 55
42 59
5 90
22 31
60 56
70 36
4 98
27 49
45 66
73 40
30 40
68 34
56 51
54 71
51 36
88 4
20 98
34 44
89 34
84 34
90 70
40 19
10 53
55 64
96 85
62 85
31 18
29 5
12 68
93 26
89 74
17 81
38 80
83 97
6 75
49 44
95 18
79 78
29 79
62 74
45 88
65 51
77 41
4 38
87 50
40 5
15 35
87 66
88 89
60 2
17 99
57 98
64 96
22 37
87 33
68 29
19 88
27 22
95 85
15 89
52 24
74 29
5 77
20 10
38 78
31 93
34 38
96 8
59 58
35 93
93 45
11 49
100 33
63 10
89 70
25 37
16 25
9 28
28 32
89 12
92 30
52 99
59 9
21 2
16 44
6 96
84 14
78 6
92 69
99 55
51 77
89 55
65 17
55 55
56 50
79 41
32 83
100 8
80 65
82 1
62 17
46 64
16 48
57 81
5 65
5 44
16 53
38 95
63 19
23 15
95 26
8 49
93 69
29 9
81 92
67 34
90 56
49 47
13 27
84 98
98 97
12 27
1 37
73 17
28 3
87 21
34 100
98 18
3 36
82 98
30 52
93 92
99 21
44 47
45 63
72 68
8 2
79 55
78 55
32 88
44 25
100 44
51 79
59 87
12 74
38 74
70 49
39 9
63 31
36 13
81 37
97 93
57 22
5 79
15 60
11 43
14 52
36 48
2 39
71 82
17 3
15 91
2 4
84 88
15 46
25 59
2 89
60 53
19 35
73 77
80 64
25 39
82 96
52 85
78 88
23 28
87 46
35 18
87 76
34 84
43 100
48 87
46 95
48 84
6 99
58 99
36 27
34 24
84 66
77 67
61 28
63 78
97 76
93 14
29 29
63 63
11 82
99 11
57 23
25 78
64 19
86 84
41 64
61 79
3 74
17 48
100 36
22 59
69 47
26 95
3 91
100 86
62 89
55 59
12 13
35 7
84 79
95 70
6 14
72 76
26 82
25 67
86 45
57 15
35 50
83 32
78 14
15 13
89 51
30 23
37 41
27 39
33 84
54 63
78 18
12 53
88 45
37 57
82 69
7 32
19 86
45 4
35 78
64 97
99 99
85 91
78 54
5 97
49 78
15 94
37 15
79 94
94 13
72 39
23 5
61 21
87 16
66 43
94 5
37 91
91 26
55 29
73 68
95 31
30 22
17 76
89 54
35 17
35 43
35 61
39 90
96 90
47 16
41 88
3 25
55 7
94 15
56 45
72 21
50 40
82 26
52 19
87 11
95 13
39 6
39 51
52 45
50 99
43 50
87 53
57 70
30 95
93 36
96 100
20 94
48 93
41 48
22 61
20 69
60 18
43 45
66 82
85 16
27 96
20 99
86 5
16 86
45 61
2 60
14 64
100 74
41 42
52 4
34 33
14 47
55 57
7 70
49 64
43 4
90 71
65 50
69 50
55 85
25 20
89 69
59 13
21 50
10 100
100 79
90 18
45 100
41 81
26 84
69 99
12 75
63 15
74 47
48 10
76 19
79 99
63 13
51 88
81 70
57 86
39 80
15 16
77 57
43 51
88 16
32 8
49 3
12 55
4 81
34 98
67 3
53 40
32 28
81 55
90 60
60 93
15 57
2 42
42 60
88 54
97 100
57 95
53 9
51 51
78 84
89 46
100 32
46 96
93 85
46 62
54 67
40 20
88 30
47 34
10 96
55 32
51 10
92 25
87 84
29 66
93 21
60 35
25 40
67 6
76 62
22 7
37 96
74 48
99 93
59 22
58 96
86 9
79 34
76 24
81 27
45 37
51 62
14 15
54 75
63 33
5 37
97 94
22 34
46 9
79 17
83 29
30 82
17 72
6 36
64 3
94 96
47 74
45 6
15 5
23 2
32 57
67 72
2 93
84 20
95 48
90 72
38 66
53 89
53 53
14 14
71 9
90 12
17 63
74 3
73 36
50 89
51 45
72 91
34 99
40 13
58 21
85 45
6 94
3 48
15 86
68 2
27 88
48 40
5 73
46 17
81 61
29 46
57 32
61 10
68 89
43 59
31 88
16 32
22 4
3 71
23 24
1 60
96 98
95 96
90 50
24 39
66 18
58 2
31 48
18 17
23 77
93 68
77 8
2 38
43 37
45 21
72 20
9 63
26 28
29 60
82 81
82 65
13 59
51 72
68 42
44 15
40 72
72 37
50 56
84 18
34 90
97 37
54 66
8 65
9 85
41 58
6 57
14 97
79 100
55 49
92 20
59 71
41 2
71 54
76 53
98 10
28 18
56 1
43 80
57 59
16 76
69 74
98 74
71 60
88 29
30 29
10 60
51 92
66 11
55 66
50 52
3 64
4 44
21 73
3 81
84 59
29 81
82 57
41 23
64 8
56 91
53 91
41 68
88 31
81 58
46 14
27 67
49 87
45 76
93 57
65 31
22 52
7 89
29 47
22 67
82 79
6 71
74 4
89 96
15 24
70 29
26 34
72 84
26 49
17 20
9 78
24 52
29 22
8 33
55 79
1 58
64 83
3 58
59 95
39 63
74 7
78 91
87 75
28 2
37 30
63 5
52 83
90 75
2 56
99 60
17 38
89 25
98 5
95 29
47 44
92 26
44 50
75 94
33 54
11 80
30 39
61 5
3 31
80 90
2 65
7 15
68 24
63 45
52 48
3 15
96 54
71 19
41 76
32 81
15 90
47 49
35 96
31 98
2 11
18 8
32 41
67 49
58 27
91 56
64 58
60 83
51 82
54 85
59 17
53 70
59 100
87 34
20 38
20 14
76 10
77 87
53 24
38 3
66 21
12 25
18 92
98 43
11 41
1 29
24 45
7 82
14 66
10 59
67 30
100 64
62 73
97 27
70 20
36 30
89 68
30 7
8 4
47 37
41 60
28 49
28 89
29 50
90 29
78 31
55 38
90 58
83 89
100 60
31 94
94 19
28 23
91 78
71 80
62 4
30 3
96 76
52 42
44 53
95 78
18 86
6 95
4 92
96 92
57 97
32 53
83 72
26 64
81 32
62 7
31 40
67 50
21 82
44 11
68 9
30 62
41 36
31 65
14 40
91 17
50 55
28 47
86 17
64 27
73 25
71 55
100 99
97 71
89 23
51 29
59 24
27 6
63 92
70 65
51 76
57 47
14 55
81 66
4 60
72 19
31 74
2 95
4 64
8 78
64 7
83 39
51 25
13 28
68 59
17 64
85 20
4 8
11 40
57 29
47 27
36 12
71 44
25 50
94 72
37 26
40 36
50 33
94 47
55 37
32 48
83 12
14 100
43 21
50 48
15 2
34 17
41 27
20 84
49 46
51 56
6 88
13 7
86 18
66 19
86 99
8 3
91 81
11 71
26 67
20 53
44 2
5 47
66 79
66 71
85 43
34 3
18 77
53 98
73 33
87 96
19 4
62 39
9 21
46 5
11 13
53 65
11 98
12 62
55 58
15 53
51 61
28 77
98 35
7 35
45 81
17 58
77 3
44 95
96 59
32 56
6 62
52 16
72 51
60 11
90 57
29 86
97 51
8 1
23 37
79 21
46 82
26 50
7 94
31 76
90 5
88 71
71 49
19 51
35 39
50 39
59 41
13 96
66 16
12 73
38 94
19 63
88 26
40 9
49 20
35 59
61 22
55 89
36 51
63 37
34 72
39 1
76 4
13 46
90 16
23 69
54 56
60 60
24 67
53 7
11 66
72 33
54 37
3 50
9 26
72 9
62 45
45 75
72 2
19 19
40 17
56 35
31 25
28 44
88 80
94 40
87 70
39 20
18 56
61 30
92 81
35 38
52 98
10 47
23 66
84 23
5 22
87 97
5 67
70 52
2 94
44 42
16 77
71 73
8 95
76 17
58 49
73 9
42 17
12 93
33 80
4 85
34 86
17 11
22 58
21 97
42 38
32 49
73 10
22 39
94 8
67 84
83 87
14 70
51 9
54 58
44 85
32 97
43 44
41 74
7 72
2 61
97 44
48 1
76 3
71 74
58 53
73 91
88 58
23 73
49 54
64 22
67 98
84 89
33 39
76 44
55 75
51 94
42 28
86 87
13 38
12 48
66 55
33 83
30 69
33 26
46 75
8 40
50 64
52 8
44 62
97 97
62 86
62 5
36 71
91 6
3 30
47 28
54 17
21 83
7 60
99 94
79 59
3 59
5 18
80 98
62 97
10 73
65 13
51 81
6 39
23 95
68 5
2 84
75 79
6 34
50 87
59 49
50 42
29 36
9 29
7 86
51 78
50 8
50 22
27 97
12 92
24 91
59 55
30 53
56 90
52 55
68 51
54 78
92 64
3 69
89 1
53 92
14 56
77 98
23 82
91 97
72 89
31 22
64 38
95 72
31 87
72 14
17 51
30 94
17 6
72 55
74 72
88 81
11 23
20 6
12 1
50 49
53 33
39 65
58 51
23 72
62 23
61 96
74 74
86 15
19 93
44 65
67 19
51 60
6 13
36 47
15 26
34 7
93 7
19 5
70 12
61 31
54 51
12 67
7 62
43 38
18 94
19 92
54 68
11 25
87 88
92 78
52 92
96 70
64 74
92 37
97 38
36 34
30 72
11 32
16 18
79 1
96 51
82 45
81 29
33 37
10 38
55 14
33 55
62 13
48 11
96 36
54 53
49 52
42 18
45 10
28 15
31 6
57 17
21 8
13 99
43 29
57 93
60 84
53 37
22 27
27 8
83 6
48 52
52 5
1 22
43 57
60 51
62 62
75 5
54 4
45 53
59 43
90 40
74 89
29 40
43 62
46 41
29 73
44 37
71 48
94 89
26 43
76 97
48 98
68 44
91 68
37 97
92 10
57 1
75 15
46 6
2 6
96 52
88 48
5 8
72 16
69 86
85 31
86 80
12 18
5 33
88 34
19 60
71 100
11 90
18 76
81 62
82 100
88 57
86 67
63 91
32 89
98 75
36 5
42 32
38 88
72 67
81 79
36 59
18 30
3 53
17 18
63 4
98 50
47 75
1 19
78 68
67 76
57 8
50 10
6 100
60 74
11 65
66 28
30 67
57 31
49 83
91 32
21 64
74 38
59 85
33 11
52 2
4 96
73 51
44 34
20 9
92 77
40 94
35 1
28 57
1 27
57 26
77 81
7 93
41 15
16 54
83 26
17 86
79 7
20 30
31 52
48 47
68 100
82 71
57 11
16 41
60 94
38 40
11 16
8 38
33 9
25 53
72 54
62 29
25 17
93 4
48 21
29 72
68 30
36 69
58 31
96 91
29 31
95 77
16 75
74 100
97 56
36 29
77 53
55 84
42 36
36 28
48 58
50 97
50 21
24 25
4 87
28 38
59 86
55 18
79 84
16 57
9 89
44 36
6 35
3 92
28 82
91 38
57 39
68 35
52 27
64 26
64 42
97 29
96 55
76 39
47 23
30 24
79 12
63 62
44 3
43 79
37 21
8 88
26 53
77 11
34 69
25 77
15 14
53 48
99 77
17 77
30 28
33 34
70 85
18 59
18 1
1 59
28 13
5 70
68 75
38 90
51 3
63 82
33 48
98 84
10 44
37 2
73 55
74 54
7 92
18 78
2 59
90 92
49 22
23 60
41 25
72 43
82 9
88 98
79 39
1 64
86 23
70 33
56 48
39 21
93 55
18 89
80 56
84 44
30 83
62 88
50 70
56 94
55 22
88 9
33 40
15 49
20 90
76 52
40 6
53 75
75 8
24 28
41 44
64 13
31 45
4 80
22 88
13 42
35 72
51 91
12 100
63 89
69 8
89 11
23 92
97 35
4 26
9 59
35 55
39 19
83 1
10 14
76 70
96 24
40 22
25 63
64 54
55 41
74 14
12 96
79 83
56 21
97 22
75 24
67 40
61 43
88 7
93 59
38 98
26 38
29 99
67 52
9 61
45 28
19 41
37 62
38 36
91 13
100 40
20 61
5 85
28 56
17 46
93 54
95 84
37 38
31 12
77 68
77 7
11 46
61 97
78 43
21 7
18 88
77 4
23 61
50 26
60 98
34 2
60 30
50 66
5 3
56 72
58 6
15 22
54 26
60 58
74 61
45 77
49 71
21 23
57 54
100 77
99 81
92 87
27 66
7 27
43 20
53 95
11 56
37 8
53 83
25 62
27 50
21 35
3 21
91 76
52 51
55 2
4 50
58 32
96 34
69 92
15 47
73 93
85 69
9 67
40 75
100 97
79 95
17 43
63 6
64 16
91 74
60 27
79 46
55 82
32 34
47 86
24 4
71 28
47 85
14 34
74 94
9 37
8 10
25 92
71 33
54 84
75 87
46 37
5 35
62 14
11 93
82 5
49 23
88 63
77 100
76 42
14 57
87 48
24 31
76 59
90 55
65 82
65 58
8 69
51 22
48 28
85 94
49 96
33 62
80 76
92 100
24 98
100 43
81 88
80 92
48 35
22 33
81 75
21 27
74 34
75 23
66 40
24 50
88 14
75 22
58 52
45 15
6 27
18 67
52 82
70 27
22 41
77 64
40 33
95 28
36 10
28 46
23 84
15 87
66 37
39 78
37 73
7 91
99 25
98 2
72 35
56 38
3 38
37 43
78 61
38 68
43 94
14 8
88 52
77 38
34 71
79 24
71 3
74 28
6 37
12 10
28 91
70 86
39 89
58 58
82 4
97 3
14 79
12 82
19 67
71 93
98 64
49 66
98 7
43 22
20 7
29 3
70 43
92 5
53 39
27 59
77 15
41 55
63 42
4 23
92 72
94 100
74 85
98 21
97 8
33 60
81 65
47 26
25 21
40 29
27 58
92 59
91 53
47 91
24 68
78 72
33 100
3 7
90 4
39 34
10 94
77 24
72 1
4 43
93 95
78 26
38 96
31 26
30 27
63 30
86 35
42 84
43 24
13 1
81 3
58 46
48 37
28 24
19 26
40 56
71 59
11 15
99 78
54 34
53 69
98 81
60 59
84 3
50 2
81 90
88 74
66 14
84 42
65 66
36 15
66 25
38 97
94 18
21 29
84 9
57 94
23 45
85 40
70 38
89 37
31 64
22 71
86 72
89 47
11 22
4 35
78 17
88 53
8 27
80 2
39 53
36 26
80 84
35 87
51 35
83 92
22 94
15 50
66 32
26 73
47 92
84 100
80 100
56 30
65 54
28 65
15 30
55 73
9 76
9 56
91 47
96 45
91 49
33 2
57 76
24 72
87 83
49 37
77 31
13 6
15 44
22 76
70 60
18 38
76 21
77 46
39 39
40 50
26 48
35 41
96 27
47 39
16 80
60 87
50 3
56 70
38 73
58 74
73 38
18 61
85 38
24 93
22 86
78 87
95 2
97 2
45 45
80 85
1 52
36 90
66 50
26 86
92 80
99 48
16 74
1 10
11 30
65 3
91 54
32 26
69 58
17 1
90 81
14 73
97 74
40 78
16 87
72 58
62 87
75 80
89 21
77 14
28 34
24 60
68 32
71 89
94 60
4 90
37 71
48 59
25 43
89 60
46 78
34 95
74 71
29 69
43 99
98 67
43 53
10 29
60 75
25 22
86 26
21 92
30 25
97 63
100 76
89 17
33 31
95 20
56 27
61 25
66 92
70 15
33 5
90 15
55 33
23 94
44 58
82 29
27 40
15 1
48 61
13 30
74 51
23 1
55 94
80 12
22 43
61 41
59 72
93 78
38 16
3 29
7 87
51 59
17 4
61 98
23 87
85 39
85 19
31 67
56 15
48 94
9 9
94 77
68 97
44 44
52 75
88 28
70 96
23 12
10 3
95 62
48 17
17 75
99 86
93 28
2 80
94 63
10 58
72 86
50 68
65 1
27 28
21 19
36 20
63 18
85 24
84 91
97 40
32 72
19 34
43 49
92 32
48 42
39 74
19 38
52 32
62 38
15 80
96 72
97 25
71 98
25 99
84 80
27 17
7 26
10 72
37 40
81 60
24 10
42 46
19 84
69 22
50 18
72 94
14 60
78 75
73 27
61 46
15 12
17 34
78 58
51 99
41 61
26 85
27 25
93 16
50 94
37 66
42 16
84 97
89 7
18 29
58 30
91 77
4 67
86 81
61 36
76 90
82 33
10 63
78 22
76 65
78 100
66 62
84 16
61 3
72 81
67 16
27 10
6 91
60 33
33 82
26 24
87 62
62 6
61 52
88 68
34 55
40 8
89 44
89 40
32 62
76 6
7 66
20 75
30 71
90 53
76 49
50 86
96 22
22 8
27 44
78 47
4 94
43 8
42 27
3 80
32 85
75 34
1 76
7 61
42 24
40 63
30 63
13 62
10 26
11 96
76 45
86 65
29 78
30 6
15 18
47 77
62 24
29 6
20 41
94 85
11 29
86 48
31 73
6 51
23 40
2 30
32 39
37 59
72 4
11 95
73 47
82 61
49 80
5 98
75 9
98 100
87 52
68 61
29 17
78 71
73 26
49 94
91 60
11 44
34 35
76 11
7 54
3 6
86 38
43 28
65 78
42 23
18 50
11 47
52 74
45 64
81 46
32 65
90 96
47 24
36 62
31 13
9 80
4 9
39 59
32 31
23 39
49 6
38 83
76 75
65 14
26 76
25 73
31 44
87 57
66 3
14 65
95 53
13 52
68 12
65 46
98 51
88 90
46 92
84 35
43 54
26 75
40 98
31 66
69 77
52 17
31 41
40 66
53 59
26 87
52 62
38 22
88 49
65 43
39 84
74 66
24 84
1 87
51 85
92 88
57 4
24 48
74 97
34 62
11 34
12 24
9 18
60 40
28 69
78 96
65 74
63 17
48 39
14 88
50 60
51 53
92 24
62 92
5 11
58 37
97 6
26 19
27 27
96 28
87 65
100 53
68 57
3 61
37 24
22 28
45 95
85 61
93 48
20 71
49 92
57 82
56 80
91 58
86 56
92 8
37 70
73 22
58 3
53 10
30 48
33 35
27 84
40 30
45 85
34 91
17 73
58 60
19 100
80 82
62 80
53 49
13 45
37 52
90 7
59 89
77 30
49 27
55 23
85 15
91 83
54 48
25 4
74 95
47 73
22 83
49 13
75 38
79 56
51 50
17 79
8 81
66 99
28 74
36 3
72 49
2 27
5 49
87 56
65 67
6 7
62 22
36 55
78 49
74 41
4 25
83 40
17 68
35 58
62 30
26 13
88 27
32 46
60 24
23 11
23 65
50 13
34 65
98 13
70 24
36 17
94 88
95 63
100 78
100 38
68 8
5 81
41 41
99 33
91 37
8 19
17 55
56 73
76 23
24 70
67 69
32 63
42 53
31 20
66 9
68 64
47 50
23 74
42 78
15 93
14 3
20 24
100 14
48 4
88 59
88 24
46 76
18 45
1 85
95 46
83 69
77 49
90 2
97 17
80 99
26 56
77 95
76 29
21 49
55 1
46 8
44 78
32 55
14 61
13 93
75 78
76 7
78 36
80 7
56 60
81 83
29 94
44 21
66 42
97 1
43 77
87 63
29 82
48 65
33 69
18 18
14 76
65 68
93 70
13 86
64 72
52 66
86 19
3 82
98 52
57 12
95 45
48 8
94 94
16 39
58 82
11 92
1 36
67 59
49 41
25 57
60 5
43 15
78 45
96 37
97 95
66 86
38 27
87 31
62 94
72 10
14 38
46 42
67 1
10 34
25 64
32 5
80 78
22 60
2 44
10 85
50 51
93 82
82 24
71 56
38 57
9 31
76 92
6 8
86 97
94 56
58 93
90 68
53 87
5 20
17 49
95 38
30 92
66 64
89 99
94 53
26 99
65 65
76 57
28 19
82 84
96 42
83 45
75 69
67 87
95 94
48 54
92 44
20 45
55 61
15 19
78 80
74 24
8 34
10 62
75 92
89 53
59 53
8 21
73 80
17 25
58 98
55 77
73 60
86 82
66 29
37 61
52 84
69 67
7 8
30 20
98 94
47 63
95 54
71 75
70 91
8 55
50 47
50 7
52 14
4 42
8 18
76 85
63 23
99 76
4 27
31 35
82 25
49 98
75 41
93 56
79 8
58 4
54 96
82 90
7 6
49 8
70 25
37 67
89 67
55 54
71 22
90 24
52 28
62 51
30 45
95 71
13 20
92 35
14 48
76 76
77 96
11 35
41 50
4 82
81 31
16 88
24 87
74 90
74 96
63 67
78 83
3 9
73 8
43 10
87 7
80 21
69 85
25 3
74 79
79 6
82 63
16 82
54 16
35 66
89 81
65 2
34 45
56 53
80 49
67 86
76 87
68 84
37 79
90 77
35 82
17 60
14 41
89 85
4 48
100 72
25 9
19 74
85 46
53 81
99 3
33 51
69 64
84 72
86 42
18 19
96 60
79 27
76 64
33 97
45 59
77 19
13 53
89 76
11 68
64 67
2 50
1 8
2 76
8 79
87 55
18 57
19 81
63 99
97 9
50 93
17 96
87 25
23 14
54 70
8 8
92 90
88 36
82 46
25 36
99 69
29 11
14 20
48 12
31 61
75 30
72 38
25 10
39 44
9 38
62 99
26 15
44 23
56 99
80 13
59 47
33 20
12 9
21 53
59 44
46 28
17 62
79 11
82 94
41 62
15 73
21 91
93 29
48 63
83 34
76 100
44 40
86 29
6 82
66 74
68 82
94 69
20 87
80 11
56 83
38 69
52 65
46 87
36 85
75 90
64 15
2 77
1 98
72 87
89 89
79 66
79 82
82 38
73 32
89 18
10 76
72 61
48 79
48 27
68 10
14 24
67 95
43 71
79 53
17 23
81 35
45 86
39 17
3 3
55 67
52 34
53 77
25 13
84 15
58 63
85 78
83 76
59 82
83 93
50 67
10 39
25 27
5 32
84 39
48 77
22 19
95 32
20 52
30 33
73 44
26 55
38 10
85 84
22 66
1 12
51 46
66 66
42 42
90 95
73 52
46 55
72 95
12 31
66 17
96 89
60 32
8 100
52 90
11 72
19 53
26 45
70 93
23 8
12 15
93 27
7 58
55 99
79 74
82 40
62 44
45 73
65 20
28 93
72 73
80 50
14 83
96 23
13 55
59 94
3 62
64 43
63 84
69 4
82 80
17 70
9 42
2 1
31 4
95 34
76 31
38 76
12 58
83 16
28 36
55 4
76 98
35 57
90 22
84 36
59 32
54 60
57 78
58 70
64 66
89 93
13 84
84 6
85 65
55 98
19 54
37 25
98 47
45 62
63 38
48 51
46 86
34 50
47 36
33 56
27 72
50 1
97 67
98 77
47 51
53 31
34 30
19 47
45 1
42 35
13 8
95 24
43 73
50 80
31 31
33 74
15 71
40 49
52 50
16 63
1 13
70 68
62 48
86 27
49 57
98 31
56 42
25 70
43 48
2 47
25 34
12 42
62 81
5 2
81 33
11 54
5 12
4 41
36 11
35 64
97 58
53 47
69 2
53 19
66 6
66 60
56 100
43 64
33 91
72 32
35 20
8 76
25 38
24 79
38 81
89 91
28 41
66 88
24 13
96 88
9 15
5 64
88 62
95 5
2 23
25 83
93 65
88 85
76 77
61 27
16 71
30 4
91 62
100 11
15 65
65 92
71 30
94 38
46 61
88 33
35 40
60 44
14 85
96 87
98 44
1 88
62 91
76 41
60 49
13 41
31 81
99 10
33 47
93 22
31 62
61 80
71 50
38 2
15 7
41 98
23 96
31 90
12 16
69 65
6 5
40 71
45 29
20 81
28 14
46 88
17 33
90 38
17 59
15 100
8 7
70 5
74 62
59 65
89 83
52 6
10 40
21 47
19 87
46 7
36 56
60 15
25 30
26 6
69 30
80 96
10 41
27 90
65 47
99 54
58 97
66 12
55 19
59 7
21 21
94 62
52 15
78 29
35 77
98 40
44 63
25 58
1 4
37 50
38 100
4 79
23 79
30 16
82 82
51 31
30 12
99 85
25 65
72 29
82 13
99 71
72 96
92 45
80 58
13 73
79 93
79 18
85 4
72 70
26 40
62 68
31 27
17 67
19 25
39 97
7 40
72 24
58 64
94 91
91 23
32 100
43 69
74 16
37 47
18 4
8 37
91 30
83 54
9 12
22 46
40 41
24 27
2 20
39 38
75 61
48 48
87 40
37 87
65 35
20 100
56 25
81 64
82 91
32 22
9 49
69 51
8 5
11 21
37 81
18 15
36 72
7 83
47 31
31 60
91 63
24 85
10 75
50 100
53 18
96 61
6 44
48 22
71 68
85 92
85 98
57 99
4 61
49 45
67 58
34 22
50 96
75 65
30 64
49 90
64 84
3 45
5 7
78 74
69 29
4 55
78 77
36 4
51 64
52 68
27 54
10 31
23 86
28 30
79 14
95 67
40 55
39 61
42 6
13 66
87 8
34 41
13 2
45 69
80 51
73 4
92 67
26 4
16 33
93 71
63 24
66 58
83 5
26 36
72 8
49 93
77 40
62 93
63 16
22 51
31 39
23 7
68 37
54 52
26 5
13 15
18 16
79 30
92 23
42 52
83 24
19 96
24 16
37 36
64 34
32 10
6 40
70 100
63 93
14 19
21 94
82 52
16 97
35 27
73 30
51 69
1 99
29 18
52 47
62 47
38 89
67 81
32 96
99 57
26 33
68 62
65 24
20 74
12 69
54 3
1 46
2 36
47 6
27 69
31 42
14 71
94 93
77 18
1 70
2 10
43 6
96 50
55 21
92 92
57 16
84 49
41 11
63 12
8 28
32 36
43 65
38 24
14 92
1 28
97 33
8 29
13 60
42 19
53 2
61 33
86 43
74 8
72 42
45 56
89 95
10 25
40 97
20 89
77 16
17 35
98 93
38 47
32 79
52 73
86 61
84 64
60 34
90 44
85 42
5 21
37 63
5 14
40 7
40 10
56 63
32 76
54 28
1 33
84 71
19 52
23 36
5 58
67 99
60 79
14 82
66 10
18 64
43 96
86 8
42 30
89 5
57 9
39 69
54 50
60 26
34 48
17 36
69 9
15 82
76 32
18 14
8 68
78 3
56 22
35 35
2 15
90 62
100 63
71 70
21 40
66 26
75 20
29 55
83 31
45 96
13 100
10 78
11 26
76 8
58 33
52 72
33 90
100 35
41 63
61 18
45 41
43 43
57 90
96 62
9 3
95 59
13 83
44 59
11 4
83 91
100 4
42 62
61 12
77 37
7 21
29 23
74 60
56 58
20 20
34 37
89 92
39 94
13 70
68 20
68 52
44 26
97 5
100 21
98 73
67 46
93 75
37 14
56 64
15 32
11 39
88 94
34 9
87 29
16 84
76 82
85 68
1 63
7 28
4 66
40 48
21 11
61 54
25 45
14 6
16 9
7 2
39 92
77 48
81 45
65 90
84 8
44 45
3 100
23 50
53 100
45 71
22 96
82 53
61 61
53 96
84 21
65 59
95 9
16 11
9 62
56 67
5 100
62 3
24 99
16 19
33 93
26 41
89 24
96 83
21 58
47 65
5 82
65 16
5 80
87 71
79 13
53 1
39 10
2 70
75 95
9 68
34 83
45 16
92 94
30 30
29 85
46 51
98 61
84 70
38 75
18 26
19 61
98 42
88 86
37 60
16 3
51 41
74 49
63 22
1 72
97 12
14 13
31 8
64 5
36 96
86 16
62 90
48 83
11 94
54 72
78 94
1 5
55 51
36 82
56 12
99 82
61 14
38 28
31 91
3 99
23 22
10 69
24 61
52 81
4 74
98 78
1 67
42 99
36 77
49 39
91 59
9 50
77 26
8 77
9 66
3 11
1 3
86 91
77 28
72 83
19 40
75 71
13 5
24 97
87 47
47 5
91 66
60 97
6 18
70 9
99 50
95 19
2 82
77 32
30 11
77 70
63 36
20 42
7 9
7 31
90 33
93 63
62 19
35 100
85 72
38 51
58 57
82 44
75 44
50 30
47 95
46 72
91 85
90 59
58 24
73 42
31 89
9 57
52 18
75 68
55 47
55 92
9 4
42 94
11 27
86 54
69 72
4 71
12 94
74 92
3 1
35 8
20 82
75 57
98 14
91 69
30 1
18 85
65 70
54 1
40 40
79 35
10 13
55 10
88 50
23 56
93 33
7 43
39 81
65 56
91 86
95 33
71 94
35 2
18 75
69 75
17 8
73 100
23 34
57 62
12 47
45 34
69 66
64 6
5 43
15 52
66 47
80 89
25 76
95 69
91 84
42 98
71 20
18 49
95 16
86 34
45 43
19 57
55 40
11 7
42 71
48 76
64 32
92 31
38 26
58 69
64 20
25 14
9 40
55 96
21 24
38 33
66 45
72 85
9 46
35 52
8 80
77 73
66 53
25 66
41 93
94 78
62 64
44 14
3 43
27 55
92 66
6 68
45 67
18 47
54 19
19 64
51 21
2 25
4 22
80 34
61 92
62 56
39 100
62 12
75 47
84 48
15 99
36 32
84 1
16 55
82 95
94 81
37 48
93 73
99 65
90 26
19 85
53 74
16 47
95 60
2 7
69 36
82 92
13 48
50 24
85 47
21 77
12 61
48 64
17 44
35 71
51 34
9 6
99 92
49 59
98 39
21 60
33 32
31 96
70 62
83 7
73 97
3 32
90 69
2 100
5 46
28 71
39 45
41 73
75 84
33 70
83 55
46 66
14 81
25 42
80 8
48 26
36 45
33 29
31 68
76 2
9 51
59 74
8 16
39 49
27 1
53 85
75 33
78 79
61 99
81 26
4 33
49 33
84 30
49 31
54 65
61 63
51 4
44 87
58 81
97 64
62 77
43 87
70 6
91 16
9 19
4 57
3 34
94 58
89 79
63 71
21 56
100 54
7 38
51 16
69 25
43 9
32 25
68 46
67 70
26 37
36 79
25 6
19 82
74 76
3 76
88 35
23 68
69 89
98 66
27 21
64 75
47 30
71 46
61 77
13 18
41 33
42 68
50 11
30 41
63 56
88 60
32 45
68 18
2 9
60 23
19 27
57 6
48 69
67 14
52 21
68 67
34 32
91 61
57 77
35 86
47 72
10 30
16 29
74 63
18 79
31 75
99 44
21 90
43 16
41 97
42 45
41 28
20 64
98 46
41 66
65 100
92 13
6 43
59 51
57 49
93 94
86 12
91 50
75 97
69 46
44 31
60 89
35 97
49 4
15 40
34 47
3 35
88 87
79 91
33 58
69 10
81 15
75 74
61 20
93 66
8 26
37 29
74 45
92 1
25 82
22 47
92 14
70 99
95 95
97 88
60 86
97 85
31 34
8 53
29 32
31 16
100 34
84 46
82 35
100 45
84 7
81 82
95 4
74 93
4 14
75 1
74 99
81 52
21 78
26 3
99 22
50 53
19 62
92 11
6 31
15 62
18 90
33 96
37 28
39 50
36 49
55 74
18 3
5 56
31 72
14 87
68 91
90 67
86 60
17 9
73 50
28 61
45 46
13 94
90 34
24 15
64 31
12 86
52 67
28 12
96 68
7 5
25 32
83 71
18 5
58 75
87 86
70 94
16 5
48 56
68 48
47 71
63 46
65 73
81 57
17 90
53 51
52 64
16 92
58 56
84 94
68 72
79 31
64 82
56 14
85 52
63 58
18 10
73 37
21 45
99 8
79 47
97 20
96 71
57 27
28 84
79 28
34 15
47 21
30 65
43 61
52 89
96 17
5 24
38 38
41 46
69 21
58 26
34 66
35 5
88 64
91 45
43 46
47 84
21 15
82 56
17 21
72 79
57 71
51 11
6 74
33 73
50 38
73 88
32 43
39 73
32 66
5 66
13 21
33 68
1 43
76 5
75 18
86 14
33 66
75 54
48 16
94 66
40 31
6 10
19 3
96 12
34 25
83 81
51 39
10 17
88 77
96 47
83 59
59 16
31 51
13 51
66 100
67 54
50 65
12 29
21 16
70 82
64 55
86 71
77 84
17 95
62 31
45 97
84 10
96 19
84 40
22 11
96 5
91 40
24 62
27 20
3 46
67 97
37 18
18 69
23 67
69 41
48 36
47 53
31 11
44 29
13 24
98 86
14 10
23 19
71 47
71 52
82 93
57 72
47 70
77 5
74 39
73 72
1 11
85 23
76 35
30 73
84 86
76 51
57 53
75 4
8 85
97 16
89 32
70 4
14 51
62 9
28 88
32 27
18 24
16 4
19 30
63 1
16 56
94 67
22 12
19 37
53 64
84 38
79 32
61 34
84 33
90 82
5 45
35 26
86 57
70 32
28 20
37 94
52 9
81 67
19 58
4 72
47 80
67 88
33 77
57 28
28 62
35 6
96 33
97 68
3 87
32 52
11 88
91 15
1 38
85 59
10 48
57 84
39 35
66 46
4 12
90 19
77 17
26 31
61 91
16 64
83 50
81 98
43 34
51 66
61 60
94 33
18 9
23 51
9 94
92 6
54 87
99 49
80 25
12 76
3 84
83 96
81 16
83 61
43 90
26 8
1 32
62 41
18 60
73 41
54 69
66 54
24 90
96 13
7 47
81 78
58 48
31 3
38 72
72 72
82 99
72 34
69 59
75 32
32 77
25 88
70 69
77 44
32 82
20 83
93 40
37 85
74 81
91 12
61 95
21 65
26 100
7 23
69 39
86 36
73 13
9 10
95 99
16 31
23 31
26 88
90 23
19 42
81 74
81 50
87 99
93 3
75 11
68 15
24 1
68 49
98 38
71 79
42 25
33 23
96 48
52 46
20 17
64 64
98 53
98 25
79 96
40 53
89 10
45 13
83 15
41 5
38 46
12 19
94 83
66 98
82 39
19 76
96 4
33 64
74 65
70 80
19 10
74 2
1 17
89 75
78 59
15 21
47 29
3 52
71 58
6 70
17 26
94 95
92 98
77 42
95 64
95 30
16 91
16 49
92 79
54 6
22 30
71 41
53 28
90 74
82 18
77 13
46 40
39 36
27 30
8 23
88 93
73 5
39 30
47 62
63 79
7 53
6 3
71 53
79 57
2 63
27 74
42 8
98 65
86 76
83 66
90 9
58 61
40 2
6 45
65 87
45 78
83 21
59 93
43 98
45 99
92 73
20 21
89 41
14 35
96 29
60 62
82 3
82 21
5 19
87 89
54 41
54 62
9 33
69 11
15 48
70 97
61 1
54 83
54 12
10 12
76 95
84 81
52 71
79 79
36 7
99 27
26 68
43 2
42 14
14 46
86 66
90 90
43 33
34 60
43 18
28 83
91 7
42 82
2 31
40 67
18 95
28 95
18 35
68 66
45 22
12 20
38 32
60 48
39 33
79 44
19 72
27 47
60 91
43 70
4 20
76 50
78 73
10 55
97 48
8 39
70 48
92 82
29 63
18 42
35 42
28 60
20 93
61 40
90 86
30 10
38 44
99 42
51 58
91 70
34 13
85 58
2 55
4 2
10 28
23 93
63 69
94 90
96 57
28 43
36 60
69 18
99 70
47 78
95 81
3 72
2 57
93 100
100 83
55 39
83 67
93 88
44 30
16 35
4 40
12 2
4 56
86 46
51 54
41 12
10 24
96 43
28 45
25 26
23 48
2 72
2 97
5 74
53 97
47 19
21 74
70 22
3 22
3 23
49 25
94 65
83 20
41 53
47 83
46 10
21 30
25 80
95 50
46 63
58 19
7 46
30 54
98 79
68 88
75 99
40 3
44 20
22 40
34 28
19 79
46 15
59 8
93 41
5 95
38 13
29 2
31 5
46 58
32 20
75 53
76 79
29 19
26 57
50 36
96 7
9 48
53 36
81 21
33 16
1 16
28 67
33 72
79 86
69 61
26 20
71 65
79 37
20 91
7 20
62 43
83 19
75 27
15 83
59 63
53 60
51 71
1 18
34 93
26 69
14 28
60 85
89 29
87 82
91 57
20 80
12 91
27 71
64 77
72 52
5 75
41 77
63 49
79 23
68 11
78 99
82 70
8 94
82 74
74 31
21 41
31 92
4 46
22 62
81 68
5 96
41 65
25 97
88 15
27 93
35 54
34 6
76 67
13 9
43 68
3 39
64 41
41 90
19 24
46 26
55 30
28 96
49 88
72 17
94 11
27 26
44 92
17 32
54 33
24 66
49 75
86 33
63 20
40 59
77 86
55 68
95 15
32 2
15 36
44 68
86 49
80 20
17 31
21 38
16 58
32 35
9 69
57 14
39 82
18 37
29 53
30 58
60 69
44 33
86 74
41 30
69 31
78 66
62 25
6 97
32 7
23 75
19 65
42 44
32 94
61 89
27 14
8 48
4 53
8 44
41 56
24 42
55 9
37 92
82 54
56 49
99 88
89 59
51 68
13 97
64 17
68 78
2 29
86 92
6 69
54 23
97 36
68 4
80 17
51 44
82 83
7 12
49 34
71 95
54 64
64 37
31 82
6 52
82 50
43 60
77 12
7 4
4 5
92 2
6 59
69 45
22 15
92 28
27 38
35 88
9 16
3 57
22 68
11 76
70 46
23 90
59 10
93 2
65 62
76 71
52 26
38 23
100 23
5 69
35 9
5 28
83 85
88 84
82 75
17 24
59 26
68 71
42 1
61 73
64 52
33 99
94 39
48 15
41 40
100 96
73 74
44 41
66 23
12 37
93 20
11 87
23 29
55 44
48 45
56 96
57 52
25 15
12 4
65 44
34 43
97 34
96 49
2 96
14 16
30 5
87 74
12 34
51 73
76 61
66 91
21 85
54 81
37 33
71 69
86 73
97 60
70 21
18 63
59 37
83 38
74 13
40 18
59 12
57 85
94 35
48 82
16 89
77 2
87 54
14 91
80 77
65 86
100 61
63 73
92 48
4 88
16 65
84 62
41 19
94 28
47 54
87 49
46 46
26 63
13 26
50 91
14 54
5 1
59 73
100 82
81 30
35 60
26 98
73 53
84 29
41 52
77 65
18 20
11 63
20 15
78 63
14 89
68 63
79 45
7 48
22 97
72 97
49 73
40 65
24 5
52 96
68 40
76 40
45 30
80 95
90 46
62 54
62 15
32 71
2 52
81 100
67 18
93 49
59 90
94 3
59 31
17 52
31 28
19 77
30 70
14 94
61 13
74 98
32 33
80 9
62 46
98 95
97 84
86 62
67 10
70 77
74 80
60 36
82 36
20 76
54 79
74 12
36 100
59 66
42 87
88 41
7 63
79 69
16 99
88 3
60 37
69 71
17 14
68 43
74 5
22 21
16 51
58 38
36 2
25 93
30 66
65 89
76 74
90 93
6 25
70 55
51 19
33 89
16 68
78 20
86 6
34 77
9 52
99 89
93 50
7 1
89 64
27 87
19 33
26 39
100 30
81 86
28 35
21 26
59 29
90 61
3 68
60 6
10 84
17 7
74 64
35 33
67 43
95 49
46 22
78 93
75 98
70 57
85 33
23 33
37 10
17 41
53 80
10 33
12 81
69 87
7 45
67 100
64 2
7 36
38 50
42 63
68 93
65 61
86 96
69 82
50 71
71 32
99 47
84 17
79 26
41 96
92 83
92 96
18 70
30 74
9 11
67 7
64 69
36 61
28 53
95 39
66 56
51 14
16 43
88 42
47 60
59 64
93 11
78 69
95 100
78 13
36 95
49 79
14 68
21 39
68 31
54 43
92 4
53 86
99 29
13 31
16 52
32 90
68 16
89 14
95 22
67 94
51 7
20 1
20 25
25 46
17 45
85 48
78 51
87 93
7 42
82 77
20 32
68 73
38 9
37 88
25 35
73 70
97 52
38 11
10 36
99 63
18 33
73 99
21 68
38 64
85 51
38 70
81 41
41 14
26 1
96 86
25 55
51 40
24 86
67 73
75 46
70 37
14 96
59 28
99 40
75 25
27 100
22 22
65 72
54 93
74 40
42 2
56 3
10 79
35 47
85 53
8 41
39 64
4 100
54 30
85 56
18 39
40 1
42 3
3 47
52 40
21 14
82 12
65 11
71 67
76 43
83 8
58 9
95 80
44 28
37 31
39 28
12 43
84 95
39 71
25 44
65 34
25 85
33 8
65 36
100 80
34 42
44 94
8 42
50 28
22 87
21 43
67 23
4 24
76 91
9 55
85 27
40 24
4 65
35 45
44 10
49 62
71 62
20 58
69 20
84 4
73 48
22 74
94 36
50 35
6 38
35 22
10 89
40 88
9 90
75 21
63 52
8 11
57 57
68 47
4 97
19 31
34 87
100 68
2 99
46 69
39 72
77 1
29 24
17 94
84 93
53 22
44 76
35 21
91 14
27 43
78 42
3 89
56 44
9 20
26 59
36 98
82 89
100 69
59 39
15 10
67 62
46 85
83 9
50 37
89 8
43 76
56 23
46 16
80 79
35 85
76 12
58 12
76 86
20 67
48 90
12 36
17 74
27 78
67 68
48 29
47 14
10 82
41 43
16 8
7 17
97 53
99 91
90 78
99 52
90 11
80 29
80 47
10 64
2 48
23 99
91 34
93 32
16 13
8 43
95 37
94 55
39 76
3 88
35 83
78 32
35 10
78 15
70 28
90 36
23 89
91 8
25 47
52 61
32 73
99 7
71 51
55 88
93 1
9 86
73 65
90 65
33 6
93 17
14 72
68 33
82 42
43 23
84 73
28 75
79 33
5 52
53 82
70 2
7 95
13 90
15 85
22 56
8 20
36 73
22 38
3 56
30 51
19 23
100 93
72 98
86 90
94 43
26 51
29 65
58 79
24 88
72 90
44 52
48 72
3 24
10 32
94 26
43 63
87 26
35 32
27 86
25 61
93 46
40 54
81 51
100 92
20 16
48 33
54 61
76 46
92 76
56 28
93 52
24 95
52 1
61 66
37 53
86 24
42 76
79 92
10 81
46 80
96 26
62 83
77 43
61 87
36 67
58 25
71 27
98 6
70 30
25 28
99 79
51 6
6 29
87 2
25 69
46 71
44 73
51 84
86 88
14 11
17 39
71 21
31 47
94 50
68 85
54 7
44 13
21 71
54 22
33 17
50 17
75 93
83 37
15 58
67 36
88 61
47 13
27 2
68 76
64 24
81 24
96 66
16 78
90 14
23 98
29 1
9 1
98 29
92 36
37 49
45 17
95 93
83 51
84 12
46 19
58 23
73 35
21 12
21 87
29 48
41 67
12 32
88 69
74 17
99 41
100 66
98 62
37 7
10 90
94 21
22 20
57 67
60 77
69 14
10 83
39 40
28 51
78 7
61 32
6 85
48 97
86 47
2 18
28 98
59 36
63 21
96 35
66 80
43 88
92 58
34 89
48 49
69 81
8 15
26 35
16 93
82 32
67 77
87 95
55 83
83 10
59 20
67 27
1 45
22 10
56 7
63 60
57 75
71 97
52 95
67 53
27 60
94 17
35 51
42 75
56 84
70 13
24 96
100 51
36 74
36 75
27 76
34 40
18 22
40 84
33 87
15 9
45 11
64 40
36 33
37 69
59 67
85 37
93 44
36 89
75 89
28 86
24 92
56 26
42 54
93 62
46 36
80 97
40 58
16 36
53 27
70 75
40 93
41 4
91 88
92 93
90 80
82 78
8 84
26 10
91 93
49 12
93 99
82 31
4 45
62 61
22 25
67 42
89 56
57 7
83 83
57 100
91 75
69 53
21 99
78 25
33 46
85 8
20 46
42 26
50 15
47 2
13 57
18 80
46 1
17 57
89 78
75 58
34 88
5 87
10 77
48 46
11 51
1 61
23 21
56 89
27 42
41 59
59 3
18 68
56 34
91 35
60 29
95 66
58 85
13 22
47 42
14 99
35 94
34 82
37 35
73 21
61 8
65 19
24 12
42 21
74 22
4 77
72 18
93 53
6 41
60 21
10 16
4 37
15 68
77 59
70 18
97 79
100 88
45 58
57 50
40 99
83 98
20 95
22 26
36 35
45 79
53 55
90 76
12 90
8 93
49 29
100 19
44 35
15 96
53 17
42 13
55 46
15 37
92 46
53 26
100 89
28 10
6 2
43 86
68 77
13 68
7 85
41 47
1 95
12 35
18 93
67 13
61 84
2 79
7 41
33 24
77 80
87 78
68 95
40 85
11 24
20 59
73 84
92 65
39 5
92 53
38 79
2 14
12 14
19 98
65 63
49 91
23 97
95 42
65 79
80 18
4 93
53 4
54 32
42 81
12 85
14 95
58 17
50 6
60 8
22 16
7 37
38 93
36 76
46 59
70 61
18 31
29 30
39 68
75 60
90 48
2 2
41 13
51 47
48 74
24 11
47 7
65 49
40 43
65 28
93 76
92 99
63 68
86 95
69 79
41 87
59 68
5 72
55 5
85 44
67 2
98 41
78 48
21 20
76 22
61 72
79 81
60 42
8 99
68 41
36 9
98 54
15 25
63 75
45 51
30 42
49 76
6 9
24 63
71 57
35 23
13 74
59 48
48 100
59 46
58 10
21 34
66 77
47 46
46 94
77 27
70 34
23 59
83 30
59 84
64 61
37 98
47 93
98 60
20 54
46 77
39 14
15 43
70 73
60 81
100 41
53 6
61 76
24 78
76 94
65 42
25 12
52 33
49 97
46 54
43 91
46 98
1 9
79 54
43 5
21 59
98 34
2 53
32 16
57 51
17 89
24 2
49 58
66 76
77 35
63 51
73 62
3 97
33 27
61 35
12 64
22 79
35 24
11 5
84 58
76 54
50 20
67 28
65 12
89 97
24 64
83 53
48 80
2 81
50 43
31 83
68 87
90 27
87 92
16 21
13 75
23 57
2 67
43 31
61 64
65 21
5 23
41 89
40 25
31 33
9 64
41 78
74 35
27 34
87 51
83 35
46 27
47 88
18 98
81 2
67 9
78 4
13 63
44 22
95 55
96 21
87 30
18 12
16 23
73 19
18 73
32 29
98 15
87 15
55 16
79 71
77 33
56 2
32 68
32 37
58 91
85 12
12 22
38 5
46 35
67 26
44 97
54 14
11 61
41 39
88 79
38 56
37 65
80 22
73 85
8 6
22 77
65 85
29 38
47 89
60 78
48 13
21 86
78 60
50 62
70 45
43 72
71 24
42 70
56 33
49 89
55 17
64 28
82 68
70 35
82 22
3 26
31 95
90 42
44 83
22 98
34 16
88 67
57 83
91 43
90 87
40 47
8 54
75 63
38 54
49 61
64 63
3 96
13 34
16 24
73 64
59 45
87 72
65 71
74 32
28 5
75 76
11 97
91 2
100 90
16 12
58 66
61 7
21 67
20 96
69 49
76 80
80 70
44 70
94 6
68 56
12 39
32 6
6 61
80 74
49 11
21 36
5 39
24 55
97 73
71 4
39 91
12 44
28 85
99 36
50 69
85 70
17 80
31 7
50 75
70 17
27 3
23 100
49 67
12 56
9 44
80 32
60 64
43 42
28 29
94 98
26 70
80 62
52 12
51 20
62 59
83 43
23 17
66 65
55 62
97 59
11 37
71 25
89 43
21 25
48 20
13 92
46 18
13 95
19 94
25 51
2 34
32 18
67 55
14 1
16 85
81 69
69 90
30 55
53 42
73 45
81 43
30 18
80 41
85 35
92 18
82 64
76 84
38 85
56 54
31 46
84 28
57 45
29 20
63 72
5 83
36 99
13 11
41 51
63 77
65 33
18 91
5 62
16 73
99 74
9 96
40 60
96 11
7 81
35 25
6 19
20 86
10 10
95 90
90 3
77 36
32 95
95 68
88 72
82 14
34 94
28 8
7 99
6 64
95 43
52 38
8 91
27 75
61 24
95 79
35 49
97 62
23 70
20 18
21 6
22 82
46 2
82 47
54 46
2 37
86 37
80 61
98 71
65 29
91 19
80 26
64 87
35 56
93 83
85 67
64 90
53 67
28 50
34 51
28 87
80 38
58 34
36 16
88 25
37 64
99 64
39 43
87 27
27 48
88 10
58 35
52 70
40 46
40 45
11 2
96 63
55 35
58 88
13 50
59 42
30 98
75 75
92 34
60 61
66 39
86 83
72 3
92 68
3 18
34 21
77 93
41 45
56 79
83 79
92 3
3 55
51 15
49 21
42 85
68 53
63 90
24 83
78 23
69 62
29 7
92 60
14 5
34 56
36 54
100 75
38 12
13 4
40 12
56 82
95 88
12 5
87 32
25 98
10 97
64 50
72 7
8 82
35 34
51 43
20 37
62 36
6 84
16 60
8 30
3 12
96 75
72 41
69 26
47 66
80 33
64 93
30 77
32 80
75 100
78 10
49 2
24 24
7 3
53 62
99 15
65 48
66 78
15 27
87 39
63 54
72 28
44 89
92 41
83 25
20 44
4 86
33 22
72 45
25 86
11 9
48 44
38 37
57 66
91 72
62 69
88 18
28 6
32 61
86 13
66 8
13 19
25 81
70 88
53 93
6 89
78 81
71 84
26 47
70 89
85 9
19 16
41 16
54 13
35 30
30 93
54 40
64 9
68 38
90 73
33 18
27 29
98 76
40 11
65 39
40 26
77 94
53 54
58 86
29 88
36 83
30 44
50 4
25 89
85 89
14 27
40 87
8 35
49 40
86 22
14 25
44 38
8 97
43 85
69 15
46 30
67 92
91 33
11 86
71 92
88 70
33 88
78 33
98 85
94 49
15 15
6 56
1 25
95 11
29 28
77 20
5 89
90 10
93 10
9 13
48 85
31 63
4 30
47 67
12 99
80 37
5 41
98 89
99 58
65 99
53 30
26 29
21 95
42 92
62 55
45 65
14 45
33 49
93 6
24 14
89 52
21 61
55 80
44 4
88 97
43 58
44 1
68 26
1 34
11 12
29 96
10 51
11 10
99 2
43 3
54 2
21 100
67 79
29 97
13 98
7 7
36 97
98 17
22 70
99 31
64 94
87 18
16 26
37 56
4 19
50 95
51 17
37 44
50 72
80 43
95 23
36 44
72 31
45 55
64 60
92 57
78 90
39 2
29 98
88 82
42 50
9 93
73 95
45 60
42 79
20 68
50 83
18 84
41 31
10 87
62 21
27 61
14 90
30 32
50 77
45 90
93 87
3 63
28 1
14 36
87 14
40 91
29 70
58 1
12 40
32 12
48 18
23 20
17 27
94 25
29 16
29 4
57 37
12 71
53 61
86 11
5 16
37 90
34 18
52 91
3 65
35 69
23 71
85 5
84 68
55 70
12 41
58 55
11 14
39 93
14 23
22 63
28 78
100 57
16 94
94 31
44 67
10 93
16 45
81 18
26 26
1 56
37 58
17 93
2 40
22 100
66 84
53 35
57 69
85 66
31 30
61 86
94 22
81 14
44 93
36 70
61 47
96 77
84 78
66 93
67 32
28 16
27 94
69 48
17 30
80 45
3 75
79 2
4 95
41 85
60 82
43 97
49 65
82 19
92 29
84 27
29 90
77 83
54 90
35 79
71 34
88 73
14 78
56 43
58 45
75 77
17 65
85 62
39 95
83 11
6 83
34 20
42 89
3 79
3 93
83 90
83 74
10 98
16 79
79 40
56 68
89 28
21 46
76 33
79 64
16 90
56 32
8 62
52 58
98 26
19 7
98 27
58 84
72 99
74 87
18 74
69 37
61 85
20 8
75 10
74 1
27 98
53 38
8 60
11 31
90 43
59 21
21 98
98 49
1 48
15 88
57 13
3 42
80 80
57 41
81 72
93 97
70 44
7 56
93 12
28 59
25 18
50 23
10 56
43 82
36 88
22 23
65 98
6 16
42 100
100 6
85 3
74 30
57 5
15 92
75 88
74 23
2 26
63 40
15 11
44 51
51 100
29 62
29 87
90 31
98 58
19 14
20 66
68 96
93 98
46 45
39 13
43 35
38 19
37 16
99 43
7 18
27 15
1 53
15 8
95 82
35 14
80 86
37 72
55 53
38 63
17 13
80 60
12 54
16 61
81 93
48 3
53 99
56 20
31 59
99 98
66 2
23 9
26 18
39 77
59 83
1 73
39 26
73 3
14 39
97 30
43 81
54 100
12 12
70 92
37 54
31 53
44 7
2 16
30 61
48 60
68 70
81 34
38 71
33 98
65 40
2 66
34 52
52 54
22 35
1 65
21 10
96 40
35 67
100 52
27 46
4 63
55 43
77 78
75 91
83 65
64 49
57 36
61 9
19 17
13 80
13 23
92 91
33 78
82 23
98 72
11 6
17 37
86 63
65 57
85 80
57 58
81 99
47 48
34 12
64 45
35 46
25 33
95 83
65 38
84 69
69 40
91 89
9 43
19 12
19 89
65 69
52 100
42 90
15 29
3 17
97 69
71 38
11 79
94 45
56 24
58 92
39 67
26 17
82 55
74 75
69 68
66 96
21 13
55 26
100 26
77 62
25 11
8 90
78 12
51 55
61 67
49 82
93 58
91 65
54 95
30 47
61 68
59 70
34 10
15 98
53 15
26 79
10 95
65 64
94 75
82 76
19 78
4 18
78 5
74 91
4 6
72 71
21 22
28 7
95 91
6 63
69 60
44 5
80 66
70 7
87 4
38 55
73 86
79 60
2 13
56 13
42 10
27 95
82 30
79 43
10 15
90 21
86 93
84 63
19 75
17 100
57 25
10 1
24 74
40 16
34 73
46 13
20 79
14 42
19 50
96 30
65 5
55 13
75 43
85 76
76 88
32 47
90 1
19 32
69 100
62 28
2 69
28 40
20 47
15 76
54 42
42 93
48 92
68 21
86 55
50 78
16 22
27 16
67 21
56 55
75 55
3 8
74 68
32 32
20 2
69 95
68 86
30 84
33 14
98 4
100 84
5 31
34 34
39 27
88 12
87 44
50 61
55 56
54 49
59 81
72 74
26 78
55 69
29 92
35 11
15 69
5 40
76 63
5 42
85 100
59 30
92 49
37 13
41 17
24 53
89 19
36 31
3 95
74 18
20 3
67 44
93 84
99 51
26 83
40 86
38 21
54 15
52 36
45 36
77 92
26 65
23 78
31 100
13 65
61 16
64 59
36 84
66 69
54 39
55 91
58 68
49 35
67 25
78 2
89 48
29 83
88 40
76 36
77 58
98 9
19 39
36 25
47 96
2 88
64 91
25 24
49 49
6 48
5 63
12 70
83 4
80 35
29 64
69 93
43 67
57 60
75 36
59 54
27 91
47 15
43 84
43 89
42 74
66 33
40 100
19 15
53 23
14 49
54 98
64 76
56 59
57 24
100 2
16 72
28 90
57 61
73 12
65 9
71 81
34 46
57 64
50 85
9 32
33 42
57 2
35 15
68 45
58 28
40 89
8 63
34 5
65 8
42 57
89 49
60 14
54 54
8 25
43 36
15 3
33 75
6 92
69 44
37 75
11 28
89 90
95 36
22 9
72 80
44 77
41 71
73 82
92 42
21 4
63 9
11 64
24 69
62 10
42 96
42 41
71 6
93 39
40 80
46 56
17 78
21 51
41 9
97 98
66 68
78 37
1 77
29 14
26 25
46 34
40 21
72 93
3 90
32 23
6 23
25 41
42 5
19 21
24 3
51 8
42 91
80 87
74 19
53 94
95 97
65 81
23 44
65 41
1 79
17 2
58 14
60 47
58 20
23 23
26 81
29 12
23 18
44 60
91 95
86 32
94 20
29 35
99 56
9 22
80 10
15 34
28 63
9 87
58 72
71 90
4 4
59 75
61 29
72 75
37 86
36 91
75 2
68 19
91 10
62 53
24 35
83 18
99 68
45 82
18 66
40 83
52 35
64 33
37 23
76 73
77 52
87 94
31 17
9 2
100 98
94 52
9 92
60 12
53 46
88 88
46 3
78 70
97 83
60 57
22 72
77 99
14 67
85 28
37 34
23 25
5 53
81 36
1 69
41 91
70 90
76 89
29 37
66 30
46 49
53 5
11 58
24 23
62 63
1 54
98 48
3 67
95 58
38 17
28 64
14 9
100 17
100 87
99 16
8 92
91 1
69 24
36 53
47 58
50 29
73 87
49 30
35 44
2 46
23 47
10 4
71 11
84 41
13 79
13 39
4 83
19 9
45 38
46 90
89 13
51 70
74 78
58 22
8 31
20 35
18 28
99 53
53 78
21 32
93 81
41 75
7 75
9 75
65 80
92 52
88 43
36 14
7 80
14 59
51 93
66 90
94 16
6 50
4 15
1 74
64 51
61 59
41 49
79 3
86 1
68 65
88 13
96 9
21 89
43 47
24 80
31 57
60 39
50 14
85 54
75 86
100 42
34 74
10 88
55 97
39 70
43 92
66 61
8 51
24 18
5 94
84 84
31 79
5 4
10 42
91 44
94 10
12 77
51 28
13 76
89 58
1 44
21 81
75 52
74 53
60 22
68 23
74 20
32 19
64 80
66 70
3 37
61 39
33 79
62 76
38 61
39 22
67 20
91 80
25 75
63 28
70 14
22 36
14 77
93 8
35 98
1 30
4 3
38 65
95 76
10 57
84 24
14 86
55 20
39 7
72 69
4 73
8 45
94 71
60 28
76 15
23 58
96 3
54 29
5 99
57 46
83 57
40 38
94 59
70 64
60 99
94 30
14 69
50 58
80 23
52 10
22 42
46 79
48 96
55 25
14 32
22 81
43 40
71 63
98 16
14 50
54 20
98 1
83 17
74 36
54 44
74 46
38 49
71 7
70 26
1 31
73 39
75 96
72 26
27 24
67 5
22 73
29 41
81 17
14 2
5 60
7 57
36 87
9 45
66 73
28 97
63 100
38 82
66 72
48 70
56 11
91 28
37 12
86 4
42 61
41 72
45 98
30 80
98 99
91 27
28 17
73 61
14 37
97 13
4 91
80 1
15 95
85 29
73 29
10 7
100 27
65 37
87 64
42 64
99 62
48 6
7 33
72 36
25 96
13 77
11 85
48 9
76 81
18 11
58 62
29 80
42 51
72 13
75 40
1 47
37 6
12 6
15 31
22 50
21 75
64 30
74 88
22 53
54 35
4 84
78 24
20 73
65 88
70 1
27 80
96 73
77 71
68 94
57 38
74 77
50 16
43 93
21 3
29 52
80 36
88 92
22 55
44 80
45 27
10 68
88 76
77 79
5 10
49 36
12 3
88 65
24 41
62 71
23 43
21 31
18 83
8 61
94 51
54 59
72 27
10 54
64 98
92 50
67 12
90 97
98 69
18 43
9 71
53 68
46 38
60 20
72 62
61 100
44 100
20 72
85 93
21 1
48 7
63 76
90 88
59 60
80 57
2 24
3 60
64 81
4 51
22 49
77 45
69 16
100 49
28 39
61 62
16 96
59 92
87 23
38 42
54 10
100 59
37 82
8 87
21 70
69 97
62 78
4 62
72 88
32 84
71 12
31 1
89 45
7 97
65 30
97 15
8 17
89 2
69 35
1 57
78 40
27 79
68 3
45 48
90 25
40 27
30 46
45 89
89 50
57 68
73 67
28 9
28 25
29 76
63 27
94 54
26 96
2 75
46 24
33 10
77 90
75 45
91 91
97 86
44 64
56 62
32 40
95 6
10 46
94 12
56 9
17 12
40 74
86 64
27 41
66 20
48 71
44 19
5 38
80 73
25 52
78 38
9 35
50 54
32 69
9 84
18 7
88 1
34 49
97 41
93 31
87 79
80 59
89 80
61 69
23 27
27 99
69 76
24 73
56 75
52 97
54 88
68 17
84 26
97 80
61 78
41 82
70 16
55 28
27 70
12 84
47 32
69 57
75 29
28 100
66 35
36 21
54 57
57 10
20 27
10 74
52 60
37 100
57 21
61 4
53 66
33 43
45 3
36 64
24 34
67 51
17 61
59 15
12 28
87 1
79 80
41 92
84 77
78 98
63 53
63 29
28 21
8 22
65 32
88 5
44 8
92 75
21 79
82 2
2 62
19 68
15 56
39 29
53 21
85 6
79 85
81 11
58 77
2 98
85 26
99 26
37 20
8 71
62 84
43 27
39 57
29 13
15 74
15 42
25 94
97 18
35 48
67 45
80 42
52 53
64 48
81 42
81 95
70 23
60 88
36 58
77 97
30 35
5 57
92 12
56 4
23 30
36 52
39 58
15 54
95 74
55 90
53 52
85 25
29 45
10 50
45 91
89 84
51 37
55 86
67 56
28 81
87 20
30 60
44 69
52 30
16 42
56 66
8 32
95 21
17 83
11 70
91 11
81 13
65 93
48 24
67 24
16 15
50 25
46 67
94 29
76 25
29 61
78 62
93 13
22 99
23 4
100 81
18 65
36 38
24 47
18 81
19 55
34 96
56 47
66 83
2 90
94 1
82 17
57 43
49 86
61 42
100 50
1 2
28 55
24 58
6 32
64 36
53 34
47 12
27 77
31 69
73 79
89 62
28 99
18 32
13 25
70 3
77 63
93 51
26 93
16 67
94 37
80 14
73 6
25 1
62 70
18 87
39 66
91 31
65 94
32 64
9 36
41 99
52 39
10 67
1 49
85 74
34 4
13 40
25 2
85 7
70 84
46 29
87 35
94 32
100 3
37 74
72 100
73 2
37 51
75 83
88 91
22 85
39 15
86 52
80 94
69 1
91 20
7 30
35 37
7 76
56 29
70 19
1 92
95 10
66 44
92 95
70 66
98 56
68 81
33 95
83 36
74 84
73 34
14 74
36 42
40 23
85 36
30 57
15 41
48 78
85 79
100 37
97 26
47 59
52 87
37 5
13 14
100 62
96 65
71 76
33 57
78 67
50 46
12 49
70 50
34 59
64 57
69 3
49 68
11 57
37 45
7 98
51 63
88 19
6 81
12 23
92 40
69 34
29 71
30 81
23 76
38 18
14 63
88 96
74 21
51 33
3 73
16 34
99 96
40 39
40 14
7 88
47 40
90 84
89 26
99 19
91 46
71 17
72 60
6 90
95 89
39 88
75 12
15 6
98 98
36 68
37 95
80 69
51 67
26 61
80 39
5 93
37 37
47 38
85 75
19 66
25 25
81 20
27 52
80 52
80 83
60 70
52 77
78 21
14 53
46 25
70 53
6 60
96 96
81 44
60 66
13 54
38 62
24 94
94 92
94 61
20 36
9 79
14 26
52 94
68 36
59 61
38 43
95 41
18 27
61 81
93 23
97 99
79 70
21 42
16 16
20 62
80 3
47 33
89 65
81 97
11 11
20 77
18 53
44 57
76 1
69 91
81 77
14 93
86 68
14 98
13 29
17 22
78 44
49 50
97 45
98 59
48 19
40 62
20 57
33 52
100 18
9 14
5 54
24 75
65 60
16 50
89 6
92 47
74 37
99 12
76 38
44 61
29 21
4 21
36 8
60 76
65 76
22 90
88 55
55 95
88 39
37 19
6 33
69 32
66 57
24 9
97 96
58 87
89 33
37 76
60 73
52 88
91 98
27 92
6 6
61 75
38 1
56 10
38 84
79 9
83 49
61 50
25 91
100 58
76 9
14 18
81 71
89 71
60 31
30 37
84 45
26 2
75 6
83 75
16 10
34 63
4 16
34 61
54 77
56 52
59 88
68 98
32 91
36 46
54 8
71 10
75 56
50 44
11 100
92 84
76 20
15 59
26 23
26 44
87 69
89 87
90 98
87 24
68 22
46 21
3 70
79 29
86 39
98 80
75 51
55 93
93 64
9 98
97 66
69 38
77 77
61 38
74 10
55 31
27 33
6 11
66 49
21 52
79 16
41 57
17 91
87 22
90 52
72 46
19 59
35 53
53 45
63 14
45 94
46 20
7 52
6 53
16 28
36 57
4 69
30 85
25 84
62 16
56 19
32 98
27 35
56 97
7 50
15 23
49 18
17 69
4 58
54 92
65 97
30 78
98 63
68 74
1 41
93 24
54 86
52 49
81 85
2 83
94 73
1 96
83 88
44 6
49 17
75 72
5 88
34 19
46 60
42 86
87 13
80 91
20 31
62 82
70 39
66 48
42 88
42 95
15 70
68 90
26 58
17 50
94 48
84 5
87 59
33 15
77 51
59 14
97 75
31 97
75 19
36 43
8 52
8 12
87 68
45 57
44 72
56 5
20 34
18 54
54 9
29 93
36 18
86 51
18 46
42 7
34 26
96 97
30 76
29 10
52 57
30 38
59 23
74 42
6 73
76 34
57 42
13 89
90 6
89 31
30 26
38 25
78 89
20 33
63 2
34 31
79 98
62 49
6 15
98 91
73 43
46 50
48 14
16 2
62 57
9 39
24 77
60 50
71 72
77 74
66 81
33 65
5 55
83 77
22 95
20 29
98 20
64 21
74 33
76 37
84 31
61 26
75 7
32 13
40 15
39 85
85 55
20 19
14 58
73 56
66 7
46 4
85 21
40 79
7 14
88 6
27 45
93 67
80 55
38 60
74 58
81 19
45 14
97 46
15 51
81 87
5 50
1 6
95 56
25 7
90 63
93 86
47 76
88 51
89 82
100 12
93 30
51 32
80 30
17 87
34 11
81 6
43 25
65 18
86 69
58 41
21 37
70 56
95 86
83 99
98 37
7 51
20 43
85 50
81 94
54 36
37 80
49 85
4 70
32 4
73 89
39 87
86 2
92 56
11 52
3 33
55 8
72 12
83 62
85 85
85 41
37 99
46 100
81 59
76 55
50 82
62 11
18 34
67 64
51 30
43 78
87 12
45 47
88 11
59 78
52 20
88 46
43 26
23 42
31 80
91 79
17 53
1 21
37 3
65 77
77 55
73 11
51 90
84 56
80 16
58 15
8 89
3 19
50 31
90 39
60 43
28 26
58 76
42 12
70 63
26 21
92 7
65 52
13 17
50 41
6 67
4 54
17 10
63 57
29 25
47 47
87 37
64 11
48 95
76 93
45 8
96 16
28 79
42 97
71 13
57 55
24 29
94 70
31 99
44 84
28 37
73 73
39 42
57 33
24 40
10 66
36 80
26 16
43 19
43 75
61 15
69 17
62 96
73 54
64 18
45 26
29 42
63 59
36 36
81 40
58 44
28 76
16 30
44 32
93 34
84 25
71 77
6 42
26 71
9 97
69 23
5 26
40 44
80 88
91 22
28 92
2 71
49 60
72 30
93 42
18 51
80 81
76 60
96 84
27 73
10 86
31 54
2 35
10 18
75 28
2 49
51 1
86 98
11 42
9 73
19 29
15 97
13 61
81 84
87 61
55 100
82 43
47 79
40 68
18 52
52 23
3 20
87 28
52 93
100 10
37 11
47 64
57 88
28 58
13 32
90 51
4 49
76 66
52 31
65 27
28 27
78 85
35 91
60 9
18 2
84 54
15 39
29 68
46 11
51 75
50 57
25 95
85 81
55 6
48 81
22 32
45 31
12 57
14 43
31 56
24 38
34 67
81 89
30 8
49 7
57 40
9 72
96 80
26 91
77 22
74 59
71 31
31 49
40 35
20 50
9 82
34 8
49 42
57 92
62 52
88 44
46 57
7 65
18 62
85 1
71 78
36 86
37 83
16 40
28 31
72 63
19 44
35 92
32 42
41 7
18 55
61 70
51 49
97 49
56 18
90 45
67 75
9 60
89 57
66 38
30 2
79 77
20 4
45 12
76 48
55 52
17 19
79 97
96 38
46 39
93 5
6 17
69 12
48 73
26 46
58 39
50 81
71 43
45 74
99 100
59 69
29 51
76 28
31 43
72 78
95 27
32 70
62 42
60 100
24 43
86 41
32 78
49 51
95 75
48 55
98 19
8 86
99 61
16 83
8 67
71 45
18 41
20 56
67 41
22 48
22 3
39 4
34 23
63 70
2 5
1 50
12 98
44 12
15 45
36 65
87 5
58 100
38 29
10 11
62 60
9 99
39 83
51 26
60 92
47 25
79 73
24 8
24 19
78 8
8 83
38 6
96 64
34 54
93 18
1 42
70 70
54 91
37 27
24 36
15 84
96 14
84 52
42 4
33 86
90 28
48 32
94 46
57 96
51 87
80 15
15 28
55 78
29 34
34 27
54 47
86 78
72 82
51 86
91 29
84 99
10 92
22 1
66 94
5 34
68 54
20 22
98 92
91 87
27 37
16 62
76 99
40 51
73 15
42 83
9 83
9 8
5 76
21 55
37 1
83 13
21 72
82 6
11 84
25 49
69 88
100 39
26 42
65 4
69 13
3 14
2 74
100 28
47 61
39 24
59 98
69 43
47 52
32 75
99 6
35 95
44 71
46 81
73 23
59 6
66 51
29 39
7 73
77 60
24 49
46 47
16 20
81 49
33 85
49 43
24 44
83 80
26 27
73 1
10 45
17 15
22 6
30 9
32 38
66 1
86 20
44 56
83 60
75 70
92 97
3 13
63 11
62 50
73 83
48 43
44 98
86 86
61 11
28 66
99 1
75 85
9 74
97 47
69 69
81 96
26 14
89 72
13 35
93 38
20 12
93 93
99 18
95 52
11 78
25 5
47 69
49 26
54 11
71 88
14 4
63 44
94 42
33 41
44 91
69 94
35 65
99 38
38 86
16 38
97 87
42 80
51 83
47 17
77 85
99 4
53 12
46 23
1 78
63 97
24 20
59 38
53 32
61 94
93 91
29 8
97 54
39 32
30 34
46 93
56 8
20 23
98 45
74 50
78 30
75 66
29 15
59 19
80 48
24 32
19 43
82 20
6 54
29 84
16 27
7 74
63 25
63 65
78 19
90 66
97 7
11 83
100 29
62 27
39 96
57 89
11 45
72 53
17 5
70 74
90 91
78 53
79 19
5 15
53 25
83 58
36 24
39 62
36 93
18 44
74 52
41 54
100 67
40 64
99 30
38 8
90 32
30 56
75 37
95 7
23 80
57 80
43 74
3 94
18 48
91 36
10 20
41 10
29 77
84 43
99 80
91 4
34 79
40 52
14 17
80 54
30 31
47 18
26 97
8 50
10 5
37 17
95 92
84 75
98 24
38 4
32 15
86 53
23 64
92 9
28 22
41 18
31 86
7 11
87 73
44 99
87 42
94 41
31 32
2 68
15 67
77 29
68 27
99 45
88 83
63 8
89 4
44 49
98 12
98 11
75 73
49 32
61 17
59 56
1 35
65 15
32 11
39 41
50 59
58 90
90 49
64 44
4 36
23 32
68 68
51 89
16 1
51 57
4 11
83 70
55 34
23 54
50 76
51 38
80 75
36 78
52 52
55 87
51 5
48 91
64 68
51 48
100 100
25 74
12 97
65 45
8 24
38 52
78 39
79 88
89 98
68 69
2 8
42 47
72 66
64 29
72 25
98 55
19 8
33 21
36 92
8 14
56 40
82 58
25 48
90 83
61 82
99 5
44 66
61 57
78 78
80 67
74 6
55 72
2 78
5 86
91 18
61 51
13 49
45 5
19 45
26 89
69 33
41 83
85 77
85 83
99 23
11 19
19 48
15 75
40 96
70 81
87 58
71 83
58 11
8 47
8 70
12 78
38 35
45 25
52 76
9 23
52 25
26 54
92 71
61 6
91 42
45 52
28 80
64 70
79 20
43 55
63 32
62 18
66 27
13 13
3 4
80 63
82 48
6 87
78 41
2 92
27 63
61 56
35 29
47 20
91 21
19 83
9 30
11 53
23 16
71 66
92 54
24 82
29 59
76 26
81 38
47 99
86 21
85 95
68 39
83 22
24 7
43 1
89 20
64 53
92 85
19 69
32 14
85 14
81 81
62 95
27 32
81 63
5 84
54 74
1 39
84 50
68 99
6 47
44 82
81 91
94 87
7 69
62 40
7 79
64 88
3 16
85 73
97 70
49 74
80 44
11 59
99 13
63 74
49 56
13 10
10 71
52 59
30 99
32 24
30 96
83 63
24 26
97 11
31 77
53 50
15 61
19 91
80 24
83 41
39 75
72 56
43 7
67 82
50 74
96 79
92 19
1 7
36 1
16 66
71 29
68 25
48 86
31 38
31 78
41 37
74 43
68 92
86 70
16 70
3 85
80 46
34 97
80 93
26 32
81 48
15 4
32 74
93 74
86 10
82 97
47 87
93 35
100 71
38 87
19 28
70 72
84 96
87 19
20 92
86 50
6 72
11 8
35 3
12 38
23 55
78 50
23 26
29 89
12 72
54 99
90 17
68 28
1 71
60 55
62 8
75 67
15 81
78 65
22 14
69 73
18 40
47 45
33 28
87 6
24 65
89 61
58 73
20 78
60 4
5 91
78 92
39 8
93 37
51 74
79 36
36 39
85 22
13 37
62 26
31 23
53 16
13 36
2 51
44 96
33 76
23 3
49 9
32 60
70 76
71 64
49 95
29 100
22 29
83 42
72 65
82 73
1 82
41 21
63 50
97 77
98 96
48 31
89 27
85 34
90 89
7 77
1 24
88 20
64 99
63 35
97 14
85 71
1 40
17 40
11 62
70 71
53 79
11 17
56 77
46 65
73 76
7 78
22 80
47 3
12 52
13 88
88 47
39 25
51 12
11 81
97 39
84 92
14 7
99 84
26 7
98 22
83 84
25 90
54 38
31 15
96 56
77 69
61 65
92 61
3 98
82 34
96 67
19 2
21 18
44 86
63 48
1 80
82 86
76 18
55 12
26 80
53 20
21 69
33 4
90 64
74 11
17 82
5 13
17 84
63 3
45 70
93 47
73 28
45 42
39 56
32 59
97 43
21 88
60 25
42 65
96 58
4 52
1 91
16 59
13 43
85 30
38 30
50 12
89 39
13 44
23 88
22 45
36 41
77 75
51 18
7 100
21 17
15 20
33 7
14 75
92 39
97 82
6 80
9 53
84 57
65 84
54 24
79 67
9 25
78 52
97 23
95 25
14 12
11 3
45 9
97 90
100 20
32 30
58 7
49 70
96 6
52 11
98 68
32 44
83 73
71 91
41 69
45 68
89 42
35 73
85 82
95 73
39 54
12 65
33 12
57 18
49 19
22 17
67 61
45 50
82 60
37 39
45 72
93 19
12 45
69 52
47 8
58 40
69 6
6 28
98 3
9 47
29 44
5 27
48 89
39 18
34 14
70 31
19 20
14 80
49 28
86 89
73 94
11 91
42 39
53 63
35 13
79 48
38 41
13 71
60 67
100 9
44 16
2 58
81 10
64 23
40 69
66 22
57 30
41 3
35 84
9 70
35 31
33 33
66 34
46 52
98 83
57 34
62 58
85 87
56 81
62 66
66 75
60 45
75 17
68 55
68 79
18 99
27 82
81 7
21 48
81 56
95 17
18 23
45 19
85 86
73 66
34 70
60 52
2 33
29 49
56 78
18 58
53 76
22 24
91 71
2 91
56 46
11 18
82 10
35 63
44 54
55 15
72 23
45 23
92 62
68 7
73 63
77 34
56 57
53 11
48 75
16 100
42 37
17 16
92 27
46 91
91 92
62 32
53 8
89 30
8 36
77 21
59 50
19 90
70 42
10 37
69 19
87 87
32 92
1 66
88 56
71 40
68 60
12 8
50 88
50 32
3 5
61 2
72 11
19 11
33 63
99 87
23 52
34 81
88 21
56 16
61 58
19 56
72 64
18 25
57 87
77 25
21 62
72 15
94 14
43 32
6 86
69 55
86 28
1 14
84 2
75 31
38 53
7 24
41 32
59 35
40 4
13 64
93 72
29 67
92 17
12 66
64 73
86 75
49 55
96 18
86 7
30 50
51 65
83 28
12 21
25 19
6 66
87 43
7 10
49 81
91 67
38 7
42 40
73 92
29 57
27 81
58 67
45 32
60 96
75 3
39 60
20 11
85 57
27 18
91 39
94 64
71 8
25 87
56 98
44 39
39 52
30 89
82 41
3 51
88 17
21 33
75 42
56 6
52 43
35 62
79 72
97 61
89 88
28 4
21 66
60 38
42 20
67 17
13 82
72 48
94 84
50 79
87 67
78 76
64 100
26 30
63 94
61 74
13 58
63 85
60 7
21 80
27 31
73 18
48 88
61 23
24 76
100 5
79 42
13 69
89 100
9 7
57 79
54 31
100 31
37 84
40 61
17 56
83 14
99 67
70 40
40 42
61 37
74 15
31 55
34 58
99 35
34 29
70 83
30 36
7 71
64 65
41 79
65 10
58 54
58 43
1 86
10 70
8 58
72 92
29 26
20 60
55 50
32 1
79 89
85 17
94 86
43 52
86 77
9 41
88 99
82 72
37 9
19 70
6 46
83 68
6 55
93 80
61 49
31 10
92 63
100 22
12 11
36 19
75 82
94 27
96 46
45 83
2 19
90 100
78 9
81 76
54 76
100 65
45 33
52 63
57 19
78 28
11 1
65 23
33 45
50 98
100 24
13 72
65 75
70 47
81 23
97 91
100 47
87 36
3 2
11 55
95 35
27 11
12 79
97 19
11 50
2 87
55 65
89 86
67 78
3 41
6 24
66 24
20 13
4 29
19 95
84 22
24 37
83 48
74 73
18 96
12 7
90 99
20 26
45 40
84 53
71 16
61 55
26 77
60 68
63 43
