150 150 497
60 106
90 3
30 75
120 150
60 139
90 57
60 114
60 90
90 7
150 52
150 49
150 25
120 120
30 11
30 3
90 44
90 94
60 78
90 10
90 92
60 79
120 76
90 38
90 8
60 95
150 94
60 102
30 6
120 121
60 85
60 146
150 72
150 9
150 28
120 107
30 58
90 91
60 75
90 64
120 122
30 14
90 84
150 12
90 66
60 108
120 102
150 65
150 96
60 125
120 119
60 110
90 24
60 64
60 105
60 131
30 42
150 33
150 39
30 32
30 50
90 76
150 35
120 62
90 63
120 87
150 19
30 96
150 74
90 49
30 33
30 2
120 146
120 129
60 71
60 63
120 56
30 89
30 83
30 28
90 68
120 64
150 42
60 148
30 70
150 66
90 32
30 8
30 7
120 144
60 140
120 126
60 57
30 16
90 53
120 79
60 126
150 21
30 88
30 57
30 97
150 23
120 127
90 9
60 141
30 69
60 72
30 20
30 18
30 23
30 10
150 90
150 69
90 42
30 99
60 115
90 71
60 107
120 65
60 77
150 14
30 86
120 86
90 56
120 78
90 11
90 12
60 111
30 61
120 84
150 22
150 1
120 108
60 76
30 79
120 72
90 60
90 16
90 62
150 54
60 99
120 147
60 55
120 52
120 81
60 118
60 91
120 85
120 116
120 103
90 34
120 137
150 80
90 51
150 84
60 100
60 134
60 142
30 30
30 46
90 78
120 74
120 124
150 73
30 35
30 27
30 34
60 66
30 38
150 53
150 79
120 57
120 80
30 39
90 43
60 150
90 52
90 26
60 116
60 109
90 20
90 89
60 93
60 136
150 7
90 90
120 51
120 70
30 24
150 6
90 74
120 141
150 58
90 45
60 96
120 73
150 75
60 127
150 71
150 64
150 3
150 87
120 82
90 85
150 60
60 94
60 119
60 98
30 71
120 55
150 30
90 95
120 140
30 37
90 81
150 36
60 112
60 97
30 91
30 76
90 70
150 95
30 65
90 98
150 99
150 56
120 148
60 135
90 23
90 28
90 48
90 54
90 15
30 64
90 1
60 147
150 45
150 34
90 72
120 88
120 91
90 25
30 63
90 18
30 80
60 53
150 89
60 62
90 47
60 67
120 59
30 40
150 50
150 29
30 81
60 144
60 65
90 21
60 84
150 20
120 58
150 10
90 29
120 143
60 145
150 98
90 13
60 101
150 26
30 60
60 54
30 73
60 117
150 13
60 129
90 4
120 136
60 113
90 50
30 67
120 60
150 59
120 99
90 2
150 85
120 54
30 36
60 89
150 92
150 77
60 51
30 25
90 35
150 97
120 105
30 49
90 14
30 1
60 143
30 92
150 57
30 31
60 103
150 31
90 39
30 95
150 82
150 44
150 93
90 17
60 52
150 27
90 96
150 24
30 9
60 122
120 98
60 138
30 82
120 67
120 134
90 88
60 124
90 82
30 51
120 139
60 87
30 56
120 131
120 149
30 90
30 52
30 85
90 69
150 4
120 128
120 117
150 70
120 66
30 4
30 19
150 61
120 71
120 115
120 83
30 66
150 17
90 37
30 77
120 75
30 87
90 55
120 106
90 83
150 86
90 93
90 27
90 31
30 26
90 86
150 5
90 80
120 61
30 45
60 128
120 68
90 41
60 81
60 133
120 94
120 113
60 68
90 46
60 137
90 19
90 59
150 2
60 123
60 74
30 17
30 54
90 73
150 40
30 29
150 41
120 135
120 112
90 87
120 110
90 5
30 78
120 100
150 8
150 81
90 36
90 79
30 53
30 93
90 58
150 11
90 75
60 132
30 59
90 40
30 44
120 89
150 91
150 46
60 61
60 121
150 47
150 62
30 5
120 95
120 138
90 99
60 70
60 73
60 149
120 92
120 111
60 80
150 37
120 101
60 92
30 55
120 53
120 77
30 74
150 32
150 15
120 114
150 67
150 83
150 16
30 48
90 61
30 84
30 22
60 83
90 65
150 63
30 68
30 43
30 94
90 22
150 55
60 130
150 68
60 104
60 69
90 77
30 21
120 90
60 120
30 72
90 33
30 15
60 86
120 69
30 47
30 62
30 12
30 98
120 93
150 88
150 48
90 67
30 41
120 123
30 13
90 97
120 125
60 88
60 59
150 18
120 118
150 78
60 82
150 51
120 63
60 58
60 60
90 30
120 96
120 130
120 104
120 133
120 145
120 109
120 97
60 56
150 43
150 38
120 142
90 6
120 132
150 76
