70 150 350
33 54
70 81
19 135
59 54
64 135
8 108
58 27
2 81
8 27
14 54
1 135
44 135
28 81
23 54
32 135
37 135
66 81
18 27
17 54
24 54
31 135
17 27
26 81
7 108
47 27
63 27
23 27
36 81
68 81
61 81
53 27
45 27
25 108
13 135
58 135
17 135
29 108
54 135
33 27
5 27
68 54
47 135
43 27
43 135
12 135
25 54
5 81
41 27
59 81
67 27
15 54
2 108
14 81
70 54
23 135
21 54
20 135
7 27
4 81
64 81
62 81
62 54
58 54
27 108
18 135
32 54
36 135
50 27
41 135
68 108
28 27
43 108
51 27
52 81
30 135
57 54
21 108
59 135
50 54
6 108
49 27
35 108
2 27
6 135
50 81
55 54
54 27
14 108
3 27
25 27
49 54
58 108
27 81
41 108
2 54
10 108
44 54
55 108
45 108
17 81
61 135
69 135
63 81
22 54
3 108
56 27
26 27
39 81
69 27
70 135
3 54
30 27
45 81
1 54
10 135
52 108
68 27
61 54
46 27
17 108
39 135
63 108
20 81
1 81
52 27
30 108
56 135
22 27
1 27
49 81
16 27
70 108
38 27
57 135
22 81
42 27
13 108
61 27
67 81
38 54
56 108
16 108
51 108
47 108
50 135
19 108
9 135
12 54
66 54
30 54
2 135
6 81
43 81
37 108
33 108
46 81
5 108
42 81
36 108
27 135
64 108
23 108
14 135
5 135
64 54
31 108
39 54
56 54
69 81
69 54
11 81
11 27
13 81
40 54
45 54
44 108
33 81
10 81
60 27
48 81
24 27
10 27
47 54
7 135
65 108
15 135
54 54
32 108
26 54
53 108
53 135
56 81
34 27
42 54
46 135
9 27
60 81
11 135
33 135
4 54
34 54
36 54
28 54
15 27
44 27
66 27
14 27
3 81
4 135
69 108
11 108
57 27
37 54
44 81
64 27
52 135
48 54
15 81
35 54
60 54
35 135
22 108
20 108
31 54
65 54
24 135
29 54
40 135
51 54
65 135
18 54
55 135
48 135
46 54
27 54
59 27
27 27
19 27
40 81
7 81
11 54
7 54
4 108
54 81
13 27
48 108
18 81
9 54
65 81
19 54
42 135
18 108
31 27
62 135
40 27
51 135
12 81
41 81
68 135
34 81
59 108
13 54
48 27
8 81
39 108
45 135
42 108
6 27
37 81
16 81
62 27
24 108
15 108
51 81
67 54
38 135
52 54
20 27
67 108
4 27
8 54
3 135
63 54
20 54
1 108
63 135
32 81
12 108
46 108
25 81
29 27
21 27
66 108
67 135
62 108
58 81
12 27
8 135
26 108
34 135
31 81
39 27
36 27
57 81
26 135
9 81
50 108
10 54
28 108
22 135
41 54
70 27
34 108
35 81
55 81
25 135
28 135
6 54
66 135
9 108
35 27
30 81
38 81
19 81
61 108
24 81
49 135
65 27
29 81
43 54
37 27
5 54
54 108
57 108
47 81
40 108
49 108
16 135
21 81
29 135
21 135
38 108
55 27
60 108
32 27
23 81
53 81
53 54
16 54
60 135
