150 150 7230
41 107
35 74
108 102
99 38
114 128
40 57
94 136
105 148
31 64
108 129
41 73
56 76
119 103
41 99
38 96
31 51
56 40
31 13
33 43
42 85
45 105
116 33
53 95
56 43
44 17
109 52
95 63
44 41
103 52
59 27
53 3
39 99
40 1
101 137
54 93
112 71
44 11
51 94
58 47
101 89
58 4
98 42
115 53
96 143
99 55
35 13
32 88
56 90
92 143
107 104
116 115
48 108
91 56
41 45
37 74
97 68
49 57
51 42
58 39
48 51
105 94
115 101
100 143
91 67
106 86
46 22
100 141
32 81
55 60
46 39
93 126
114 147
114 60
58 71
47 85
103 51
36 38
119 47
56 3
102 141
112 45
106 40
38 11
38 39
95 83
107 59
114 118
31 82
40 97
50 52
95 98
41 104
31 15
43 13
112 62
115 124
59 102
110 107
54 95
33 96
58 43
57 48
58 54
99 114
120 135
116 140
34 85
43 85
47 60
109 38
117 78
49 120
46 24
46 80
54 94
48 16
55 34
40 50
58 7
114 31
116 114
58 26
40 87
35 47
57 57
94 130
113 111
57 86
109 122
91 39
108 37
117 103
104 76
43 34
53 54
60 24
102 32
120 42
95 49
53 75
93 98
118 133
42 63
34 35
115 112
55 23
52 119
35 82
39 86
50 56
41 94
31 57
35 31
97 107
113 57
101 90
108 105
112 121
106 54
60 80
92 75
105 71
116 109
43 107
103 86
43 77
117 90
36 27
50 70
36 1
58 15
53 24
59 113
109 117
104 42
43 83
60 56
45 20
93 60
38 114
96 104
112 67
47 86
58 12
118 62
46 29
93 85
97 64
42 10
115 37
109 31
91 103
96 69
31 118
41 72
97 77
46 42
41 34
107 68
114 117
45 51
44 53
110 125
60 6
34 71
119 140
53 45
91 98
109 107
50 13
38 22
107 122
33 17
112 46
43 92
56 87
55 111
100 51
119 81
117 94
42 41
54 15
39 25
60 105
50 1
101 122
118 65
54 61
47 3
117 88
58 115
110 119
98 67
99 108
111 95
102 40
46 37
49 33
50 21
104 135
97 63
59 61
116 99
111 130
109 103
120 127
53 32
103 58
52 102
115 138
115 117
54 112
53 66
39 19
114 137
95 128
35 113
36 79
60 26
59 31
93 59
97 112
115 116
51 43
116 98
39 65
36 18
116 148
101 55
93 78
110 76
45 24
93 83
42 68
39 9
37 35
105 74
38 83
95 90
55 101
55 13
49 64
50 16
95 91
120 90
35 68
47 43
59 18
35 110
100 62
45 71
43 20
51 11
98 78
120 122
48 60
59 13
120 36
32 65
93 87
106 45
110 143
98 84
120 57
109 149
101 32
60 86
103 36
104 70
57 111
58 9
93 30
55 110
45 26
39 43
60 61
59 19
111 80
95 36
92 54
96 43
118 117
57 8
103 136
49 63
37 67
95 71
92 80
110 64
117 123
55 57
100 67
103 63
99 68
106 95
113 105
42 39
96 41
106 129
57 68
47 52
107 71
117 55
104 39
46 64
100 133
55 35
49 46
110 113
33 91
95 87
60 17
31 87
114 35
33 59
48 25
119 42
57 108
51 70
43 21
93 63
103 90
37 33
40 2
97 51
107 65
59 37
94 63
47 34
48 19
98 79
55 103
114 104
36 77
56 37
94 133
59 105
52 86
60 29
43 5
57 81
98 120
98 149
103 109
37 48
118 59
93 39
48 91
40 10
45 54
96 38
46 74
105 145
35 41
56 69
92 70
116 36
112 34
98 88
37 42
96 66
114 45
48 77
38 103
99 73
94 81
51 69
54 104
49 73
106 73
48 64
37 24
44 13
60 53
42 4
42 43
31 32
95 40
112 70
110 82
49 83
48 12
51 15
99 46
108 130
107 99
40 114
104 61
112 89
101 138
45 104
103 103
58 48
52 103
101 143
42 37
98 44
107 141
42 82
111 119
33 24
39 108
43 50
44 119
43 95
111 137
49 35
55 116
32 20
105 106
54 70
99 32
35 11
35 115
95 72
97 50
37 6
54 10
118 136
57 51
34 91
55 30
56 1
111 91
101 126
105 95
54 72
38 32
32 113
102 138
107 34
33 76
56 28
33 3
39 34
103 48
57 6
108 124
117 140
40 4
94 102
96 72
33 39
55 32
50 15
99 57
52 26
113 91
117 147
120 134
119 134
103 132
112 112
57 103
40 119
97 40
92 47
96 32
59 10
94 94
41 85
111 53
35 9
116 53
117 76
96 59
56 66
52 31
53 38
91 125
50 25
40 7
46 106
57 54
36 84
32 30
58 108
100 126
59 80
91 115
109 70
105 147
31 54
98 31
102 72
56 102
32 119
42 88
120 35
40 33
33 100
39 4
105 127
97 135
42 34
100 107
38 75
104 60
105 117
38 118
112 99
55 77
50 104
100 65
112 37
103 45
47 82
54 56
53 21
109 78
120 60
101 88
59 49
108 91
94 65
48 42
42 59
33 60
57 87
120 102
55 11
56 47
42 38
111 117
91 58
103 46
114 51
108 123
99 106
119 93
56 18
37 106
119 61
54 27
58 49
112 131
40 111
43 119
107 147
107 60
55 45
42 23
98 122
59 71
92 31
107 140
39 15
95 139
109 67
33 51
49 101
34 69
35 28
56 30
119 147
100 150
93 143
117 120
51 3
111 73
44 2
120 114
97 116
115 91
91 85
108 86
100 102
103 87
107 115
109 110
117 125
116 130
36 111
100 55
92 90
96 138
93 131
46 58
34 110
108 39
41 5
48 85
98 32
32 41
38 68
52 78
104 73
119 88
107 96
92 67
33 49
108 71
114 109
106 126
41 7
50 55
39 12
56 82
98 61
56 75
43 3
41 21
93 43
37 102
104 113
51 23
105 70
45 107
118 134
34 62
57 49
50 22
58 60
112 80
107 136
109 141
52 13
52 84
38 46
110 133
42 45
110 81
33 58
105 53
57 37
91 132
56 94
119 78
107 128
109 32
31 41
113 37
111 147
103 134
117 38
50 19
92 141
57 24
39 42
104 99
93 37
58 32
56 113
33 16
58 58
97 97
119 150
117 104
56 19
118 50
120 62
46 93
38 15
100 97
112 114
106 119
56 33
36 83
58 44
55 106
116 89
117 82
118 32
38 36
34 98
43 36
57 43
44 4
41 1
102 62
118 132
49 26
96 61
36 116
110 134
104 93
46 41
119 114
58 98
91 141
105 54
111 69
118 122
93 100
38 55
59 38
35 37
54 4
48 14
42 2
116 35
101 44
36 95
100 103
54 115
109 75
105 91
53 39
35 8
107 62
55 107
118 137
114 95
112 94
32 103
117 42
115 130
114 116
98 147
98 66
47 99
50 64
47 67
106 80
115 31
48 92
37 96
107 113
91 127
103 143
119 144
91 31
99 141
100 87
45 28
41 63
111 104
98 40
120 118
38 57
41 103
94 62
36 31
34 100
41 69
115 115
39 97
120 143
100 120
119 111
51 30
108 53
52 120
47 30
34 99
106 112
59 93
40 41
46 20
45 94
39 37
117 79
99 94
33 52
103 73
112 93
34 112
36 85
96 88
45 14
115 88
97 45
58 38
116 43
33 108
49 12
105 63
110 145
117 95
51 86
114 112
99 75
34 21
40 46
98 47
40 99
47 39
92 72
109 139
32 87
54 89
42 31
113 55
59 32
97 138
42 103
111 90
56 44
97 119
33 73
111 55
49 43
118 40
116 132
107 110
97 86
40 115
119 39
101 123
103 130
56 39
119 34
48 107
97 101
52 106
108 30
116 63
39 22
34 70
49 16
41 40
105 30
42 21
92 148
51 60
56 97
48 27
51 28
40 18
35 50
93 118
36 91
111 84
35 100
31 112
120 76
120 50
95 116
40 44
116 101
117 63
53 31
44 30
109 143
53 37
46 113
105 119
100 70
111 145
45 15
96 78
111 131
99 69
101 37
103 121
34 25
46 94
110 89
94 40
50 17
56 12
53 120
92 126
118 75
36 14
94 123
100 132
112 75
59 108
103 117
51 12
109 92
116 87
48 56
96 57
100 95
111 43
59 96
57 115
39 24
39 57
102 125
46 61
108 121
53 60
91 133
103 101
35 43
40 77
57 116
96 142
40 118
108 41
112 105
45 67
95 125
53 43
46 95
31 108
92 93
56 110
120 148
46 81
107 116
41 108
59 103
51 44
47 14
100 38
42 84
104 44
119 69
100 93
49 19
57 3
43 2
115 76
43 10
42 33
108 143
54 114
104 59
120 80
58 74
104 34
43 108
48 4
100 59
50 118
51 47
56 56
119 135
93 113
39 48
32 73
117 124
36 50
51 68
56 31
42 3
45 102
51 62
40 39
116 51
102 96
98 101
44 35
111 116
91 136
97 65
96 107
60 9
32 43
45 59
48 72
99 116
103 70
98 69
113 63
43 69
93 31
55 16
118 45
45 119
94 132
108 110
56 80
111 107
46 13
41 110
34 80
111 106
42 86
41 118
119 84
92 37
45 109
46 32
107 91
109 63
32 100
91 122
99 103
105 144
42 79
54 109
98 109
118 39
39 38
111 100
101 130
118 46
41 2
59 99
40 117
109 125
97 47
56 107
48 109
46 72
32 83
60 47
42 18
41 100
118 72
98 95
104 150
51 109
106 68
31 38
48 94
94 53
93 92
92 51
46 15
103 144
35 88
119 58
60 76
33 61
44 46
53 92
46 90
60 46
43 19
32 23
43 22
53 103
41 61
39 88
41 81
50 7
115 36
60 71
51 27
92 61
118 101
36 32
38 90
52 53
44 25
38 111
113 47
41 47
98 125
99 115
100 135
100 114
55 9
114 40
37 41
93 132
92 142
50 39
98 43
52 88
35 36
117 43
53 98
104 112
114 143
46 4
39 114
107 37
120 100
91 69
94 135
60 8
94 88
94 61
31 21
49 88
37 57
97 121
56 15
38 74
115 56
54 48
113 102
35 51
46 10
108 61
40 17
53 65
41 35
106 92
36 13
98 145
119 70
102 133
34 1
51 117
53 55
33 71
33 26
43 15
108 101
44 65
50 46
97 113
48 98
50 115
118 149
120 89
120 107
102 37
98 130
55 7
99 36
94 143
119 31
37 72
54 54
102 130
53 81
101 87
37 79
102 128
48 74
108 99
48 21
31 83
55 72
104 141
115 33
54 42
38 23
38 116
31 31
35 109
105 33
115 111
37 60
40 62
118 108
48 28
60 112
39 46
93 72
96 126
94 83
47 92
49 5
34 60
99 47
37 87
92 92
101 84
39 1
33 55
111 54
38 72
98 129
104 146
102 91
102 89
35 89
54 9
91 112
31 35
34 5
35 101
103 116
35 61
57 113
53 6
35 32
39 32
113 75
95 59
44 16
35 23
113 33
34 29
94 50
37 118
92 127
105 44
44 94
97 38
54 37
43 33
33 38
40 71
43 64
94 30
92 78
108 52
118 74
33 78
36 35
103 83
106 128
50 53
33 84
31 11
49 90
41 24
58 66
92 46
52 94
116 80
42 78
114 108
117 100
114 69
99 84
111 42
112 79
40 60
119 112
93 128
57 38
110 88
53 108
111 79
49 112
117 45
114 131
36 28
55 73
60 40
108 144
101 40
95 45
51 100
94 74
118 147
35 26
45 10
40 90
37 65
59 63
92 111
52 98
37 83
51 64
57 1
106 42
93 46
46 111
36 105
40 83
48 75
58 112
43 8
48 18
106 87
60 66
120 75
113 129
101 69
53 100
57 63
53 73
58 114
43 110
114 132
93 76
107 87
32 59
91 119
120 81
115 128
38 80
37 90
35 80
92 81
39 115
31 5
41 119
102 59
99 135
105 107
94 95
96 119
55 18
36 52
110 66
46 70
117 101
52 107
113 94
99 111
55 108
109 98
49 92
42 80
47 95
33 119
114 33
102 55
117 136
93 120
34 53
96 60
104 33
43 9
44 97
102 143
47 61
31 17
106 143
93 142
52 118
49 66
113 99
98 54
98 52
111 66
53 99
109 134
101 144
52 108
59 101
94 86
116 131
37 45
117 119
56 9
53 47
118 81
102 30
55 54
108 147
109 61
120 56
38 6
48 58
41 49
54 83
54 38
107 90
99 121
114 122
51 37
58 61
50 91
96 54
110 114
40 107
38 4
117 127
115 135
98 128
108 72
58 86
95 99
114 57
91 116
97 57
48 11
108 145
51 81
117 44
101 111
59 89
95 131
44 112
37 2
107 93
109 150
96 36
34 113
97 148
112 100
96 140
42 120
111 108
52 62
93 89
37 52
52 82
46 28
110 60
109 65
101 120
96 58
107 48
94 121
54 92
114 62
48 88
102 43
38 100
46 76
35 91
94 127
101 78
108 82
39 100
31 58
52 75
102 119
37 116
54 39
44 39
41 116
102 137
111 65
32 9
116 81
119 121
33 46
37 88
94 89
41 25
94 37
92 68
103 104
59 94
111 41
54 18
49 72
53 86
52 19
118 105
99 70
42 114
110 122
49 54
114 37
58 63
100 44
53 111
49 48
95 46
112 57
104 103
91 57
54 76
111 98
108 73
31 16
111 123
113 31
93 36
108 109
99 119
45 31
52 20
101 60
100 74
92 56
47 63
54 71
100 94
56 55
100 128
52 11
94 35
54 28
38 94
52 111
52 81
118 144
94 149
43 106
119 77
116 88
109 133
118 91
106 110
34 119
105 85
114 121
39 27
113 90
114 125
44 84
111 129
31 14
92 125
119 68
95 92
112 137
108 107
31 94
40 21
51 18
31 65
116 39
58 105
91 74
117 37
47 88
99 86
98 45
37 99
110 138
34 34
94 77
93 108
97 100
31 70
107 66
100 34
110 41
108 131
101 131
102 104
112 144
95 118
91 71
95 79
47 79
94 73
56 7
110 51
45 69
97 124
114 73
100 136
100 47
51 103
39 93
116 134
92 69
109 59
59 114
96 118
117 30
48 61
41 62
97 149
106 78
60 108
111 140
38 76
38 20
107 98
111 141
99 97
102 144
94 147
108 80
31 47
50 32
98 131
35 92
40 76
36 76
40 89
103 40
38 42
47 106
103 72
51 108
111 76
51 6
98 60
41 23
48 17
116 45
101 140
52 105
36 57
111 60
101 135
104 110
109 77
95 33
103 113
50 76
40 66
57 20
56 54
105 140
52 33
35 38
56 93
119 54
97 60
107 107
106 72
112 141
109 73
41 74
92 40
44 72
34 67
37 25
113 101
104 148
54 75
31 9
98 41
109 138
53 85
91 104
96 51
114 106
46 50
41 42
42 9
99 127
43 115
33 9
49 51
96 63
99 93
35 25
103 123
106 140
45 93
55 102
34 26
100 115
104 82
96 31
37 4
52 6
105 93
118 71
112 83
111 45
91 47
44 60
42 56
51 73
116 122
59 107
113 120
55 67
116 71
38 13
104 139
116 52
103 39
31 53
98 107
110 141
35 42
117 57
96 87
58 2
120 46
58 11
113 147
104 118
101 36
46 101
105 108
48 46
110 150
97 46
49 21
32 58
98 51
97 54
97 147
95 48
96 150
56 63
117 118
114 30
37 18
48 30
105 146
110 54
48 110
119 100
117 48
52 51
48 83
106 115
101 99
57 44
116 150
53 49
49 49
43 99
98 91
35 15
41 41
55 29
117 135
48 55
46 1
54 60
40 79
92 73
45 49
49 20
114 48
99 138
38 79
101 124
58 76
109 96
91 146
50 120
110 43
39 17
93 147
48 116
54 40
99 129
114 39
41 84
59 53
99 72
114 79
105 37
97 96
120 144
106 63
36 103
36 117
35 6
107 53
110 75
32 8
100 30
52 7
54 66
56 32
117 93
120 68
43 101
106 49
55 50
60 109
110 57
48 1
97 117
54 90
98 126
106 133
54 116
120 30
115 70
57 53
36 30
58 30
50 18
46 57
112 42
114 81
35 98
118 51
59 75
119 60
100 91
110 72
120 63
103 128
48 10
102 100
100 33
58 103
104 119
95 41
49 104
101 112
31 29
112 39
112 35
104 107
53 42
112 82
110 132
54 79
110 68
105 62
51 90
55 65
46 55
44 76
106 103
31 113
41 95
44 70
107 114
48 32
118 66
114 105
33 99
42 99
118 110
51 53
47 101
96 70
45 36
36 62
43 59
92 104
58 64
49 7
92 58
113 72
35 64
36 100
54 86
60 57
36 23
101 139
118 70
117 58
110 85
59 50
114 75
120 67
47 77
49 44
101 49
107 118
57 88
115 110
37 10
37 112
109 49
99 148
50 78
58 117
53 48
109 102
113 60
101 58
113 144
36 6
104 132
59 95
42 27
43 75
34 55
100 80
117 74
109 116
116 79
56 64
94 49
113 36
105 48
112 49
98 116
104 53
107 86
104 43
32 18
96 56
116 118
119 55
118 57
36 73
92 105
32 10
56 111
34 66
40 94
47 65
37 117
114 38
114 47
31 81
92 108
95 37
110 87
60 81
56 36
40 86
101 82
32 28
92 100
114 52
41 26
38 29
107 39
44 81
102 82
34 19
103 97
120 103
102 45
53 89
39 50
34 32
115 94
37 19
112 30
116 96
37 30
91 148
101 149
116 46
35 4
57 77
100 92
114 78
105 86
92 149
115 134
43 104
41 96
93 82
116 64
91 90
105 65
96 81
116 90
51 110
36 75
51 20
52 97
48 119
32 76
45 32
33 70
32 13
54 69
105 101
56 60
33 1
93 42
58 96
36 112
98 72
35 44
59 42
60 96
51 13
44 107
35 85
48 62
39 71
104 124
55 91
51 57
36 20
107 129
34 101
43 46
54 64
45 60
97 127
115 61
40 25
118 64
33 25
120 38
41 60
42 28
114 102
49 1
33 117
56 61
34 31
118 31
38 93
120 97
112 120
50 62
99 122
32 95
110 44
40 63
97 118
55 52
104 147
33 118
60 74
91 91
114 126
99 82
60 62
94 41
55 61
111 49
36 70
34 65
108 64
114 42
46 18
60 119
56 119
112 146
108 97
47 2
49 8
45 99
109 145
40 26
38 88
35 102
112 77
97 142
94 79
116 86
111 96
109 148
101 95
53 9
115 137
116 119
117 35
101 132
37 34
59 6
94 93
93 94
105 87
48 50
119 101
36 21
59 97
118 135
119 148
92 77
51 5
120 146
47 58
99 89
94 36
102 129
98 70
54 47
108 87
118 116
94 100
110 123
93 84
43 93
100 140
43 97
91 109
57 107
97 90
36 47
51 83
50 8
42 26
105 41
54 105
35 84
115 106
34 76
92 83
101 147
101 45
105 42
52 115
117 60
41 91
59 51
45 118
41 51
49 79
52 104
91 130
42 16
52 69
33 83
116 136
105 61
104 101
116 126
107 61
106 127
58 82
118 97
36 9
105 102
97 71
43 81
46 60
47 19
56 20
48 93
114 148
56 106
94 59
102 123
120 95
104 145
37 113
52 5
100 82
112 88
91 50
43 31
119 139
94 122
97 31
105 109
109 84
120 55
100 36
38 59
40 31
102 57
109 39
91 83
41 78
119 132
32 63
116 57
56 41
105 116
31 49
51 26
43 14
95 100
45 92
59 35
97 61
102 76
99 50
99 102
39 105
109 113
116 110
31 100
119 124
96 34
103 34
95 146
55 1
51 36
54 19
39 102
119 72
45 82
31 85
101 48
96 84
102 97
120 147
97 72
31 63
119 117
46 36
113 76
117 68
110 30
100 66
59 98
36 93
45 116
49 3
100 48
112 66
32 66
43 91
104 100
114 85
100 113
57 14
111 132
53 58
55 63
103 133
101 71
119 110
35 45
51 32
116 68
55 115
116 85
33 98
32 101
95 129
56 105
56 81
96 97
39 82
35 3
38 95
46 77
44 47
40 29
103 122
116 117
35 94
53 94
98 30
112 40
58 29
41 16
93 148
35 29
44 87
95 122
94 124
60 89
102 51
38 3
120 105
34 56
45 85
41 43
37 104
119 41
50 3
99 40
117 72
91 147
52 10
54 103
41 57
45 13
32 108
56 100
36 82
93 74
55 21
59 70
33 10
96 37
46 102
113 50
49 45
92 64
120 70
48 76
95 110
57 95
110 86
46 51
107 44
40 102
33 44
104 90
49 62
108 89
108 108
48 54
59 59
102 87
44 23
103 78
101 101
91 45
55 6
48 111
34 116
110 120
32 4
45 48
104 129
115 141
45 114
50 92
120 77
33 37
108 33
112 135
113 44
35 112
102 34
119 143
49 70
99 35
108 106
113 85
34 4
60 33
56 65
120 121
44 10
112 145
94 87
111 109
95 104
106 150
45 30
54 45
99 126
42 32
92 87
33 110
100 106
57 15
43 7
44 111
106 106
93 97
104 57
53 84
58 75
42 46
40 78
116 146
33 36
109 123
49 106
111 40
59 15
96 93
111 56
103 119
32 92
58 78
110 101
108 76
114 82
99 123
58 19
57 89
50 47
53 77
100 118
99 53
116 95
105 134
94 112
108 119
54 23
52 80
99 43
92 113
44 120
56 59
101 110
92 135
40 48
47 51
114 32
99 44
91 131
41 112
60 44
35 111
95 67
59 46
32 29
115 63
92 136
109 111
120 131
55 82
120 108
40 80
59 34
60 114
31 22
34 88
59 39
108 118
41 46
99 39
51 1
114 107
38 62
35 116
111 52
48 31
101 81
97 126
52 71
99 140
106 100
103 84
50 107
53 1
104 80
113 64
115 90
116 92
36 24
120 31
112 139
94 129
98 38
44 63
45 19
120 72
113 74
35 70
102 146
111 142
112 61
47 55
97 32
33 72
55 43
100 146
48 106
117 59
104 51
52 59
54 82
49 41
108 75
120 93
99 107
36 54
104 71
50 24
99 76
54 85
93 116
36 87
96 83
33 68
35 63
60 1
115 148
106 114
41 75
35 93
42 5
96 76
32 16
49 102
55 55
48 97
33 93
37 114
96 46
99 83
103 71
101 51
113 128
91 137
115 50
39 6
52 74
113 123
48 82
54 25
112 149
107 150
98 58
47 115
113 107
107 69
109 91
94 38
114 74
43 25
92 44
113 79
60 107
42 104
37 23
36 61
42 6
41 89
32 11
115 95
104 117
40 72
96 73
96 115
95 112
98 39
55 5
115 48
43 98
36 26
37 110
106 60
36 63
103 64
118 115
35 56
108 133
112 84
33 116
97 129
93 54
118 92
60 21
94 104
95 145
37 27
99 120
120 92
50 97
59 118
95 44
41 10
47 110
108 35
49 74
93 130
102 77
34 117
57 82
113 65
108 48
48 65
54 117
120 69
106 75
97 140
120 126
97 93
53 52
102 122
119 56
42 19
103 145
52 66
52 16
115 81
114 80
114 66
47 83
38 7
58 22
60 38
51 84
42 55
102 140
112 72
47 103
111 101
57 56
39 11
31 66
106 109
52 36
111 46
32 21
33 19
44 62
115 114
117 150
102 69
46 97
101 92
93 88
96 136
42 73
96 111
52 41
99 134
31 92
57 98
118 146
37 44
117 102
92 119
115 107
42 42
98 104
93 35
38 63
57 74
35 86
106 123
49 47
45 21
104 78
109 81
97 143
103 126
39 118
116 142
109 104
47 87
94 90
40 70
111 64
103 94
47 89
101 59
101 107
54 8
60 93
92 124
91 93
41 33
120 96
39 84
99 63
31 93
101 74
46 45
31 25
33 66
57 10
35 57
91 96
55 56
113 114
102 111
57 39
118 142
52 109
114 139
46 120
107 58
45 42
51 46
105 51
99 59
118 78
48 115
119 44
46 86
50 34
52 61
47 49
31 95
47 102
56 73
107 94
36 4
102 74
119 33
39 18
101 96
39 51
42 54
103 59
111 35
44 9
42 67
32 46
59 65
98 123
57 62
113 48
45 96
52 67
105 121
103 41
55 53
42 105
59 7
53 29
44 58
100 63
38 53
106 94
34 87
32 39
103 137
107 36
113 59
43 43
35 21
118 86
46 53
93 146
52 99
50 33
39 69
119 107
91 53
107 84
111 133
92 55
33 23
53 46
120 66
50 116
38 84
60 19
116 82
117 75
57 84
38 14
107 85
58 99
95 58
43 27
91 120
52 15
105 83
116 78
32 52
106 33
93 49
57 13
95 94
36 72
34 54
96 33
44 38
60 68
96 40
107 100
107 119
104 94
31 96
117 69
44 44
95 68
96 89
59 3
33 6
104 96
95 132
45 7
118 98
92 138
105 103
57 69
39 103
47 119
37 21
51 19
31 79
59 40
109 74
97 43
117 134
95 35
91 139
96 100
116 93
114 138
113 61
96 131
46 119
97 115
59 17
106 116
49 25
54 43
39 59
92 147
119 146
103 102
51 76
106 113
111 146
115 149
50 36
36 3
33 53
31 101
59 64
34 16
117 70
44 61
106 71
102 68
96 110
46 19
103 69
58 83
55 71
100 98
112 65
40 40
102 63
51 75
99 130
119 85
104 32
114 65
118 76
115 64
118 48
40 104
57 18
100 147
107 83
42 50
98 53
104 83
32 98
99 71
33 75
99 41
34 89
115 78
51 120
38 56
59 23
113 67
91 149
39 62
34 6
119 137
108 140
38 64
97 92
49 80
43 62
45 47
38 54
59 5
115 147
116 61
35 34
46 96
43 78
59 62
54 62
108 45
102 118
107 111
36 58
40 38
46 8
117 51
39 67
91 89
59 44
97 52
34 47
37 71
36 39
58 68
91 114
118 114
117 111
95 80
58 70
107 103
41 101
32 45
111 102
45 76
57 7
113 113
31 84
53 22
102 33
41 68
103 81
55 47
111 47
110 148
105 142
31 115
92 49
111 74
42 118
47 26
44 83
41 93
109 33
107 132
52 76
37 46
55 28
92 134
94 137
57 12
108 120
111 149
113 82
117 67
56 25
31 106
98 115
37 63
40 95
110 142
107 149
111 32
32 117
104 104
32 86
118 61
92 94
107 79
39 89
108 58
60 16
49 59
50 101
58 41
36 67
60 110
112 134
50 109
107 126
118 42
31 68
46 35
102 145
97 150
53 118
53 7
104 130
45 2
98 150
53 106
112 103
118 47
55 33
51 78
41 9
100 54
116 91
58 69
99 79
52 54
115 139
94 33
58 81
44 89
53 88
107 46
53 101
118 138
92 66
111 136
51 41
40 54
31 43
101 109
111 138
33 20
116 111
96 30
49 53
50 82
50 73
60 25
35 107
107 124
45 65
34 75
104 131
60 103
54 30
95 39
100 56
31 59
110 117
104 140
94 57
45 8
54 99
108 36
45 80
93 53
91 43
104 144
117 148
37 103
35 62
59 16
108 57
52 9
100 85
112 107
107 109
41 44
32 24
45 45
96 109
91 144
120 101
39 80
31 117
113 98
119 96
49 81
54 5
49 85
51 2
55 118
114 130
43 39
40 105
43 87
96 50
99 54
43 52
93 69
93 34
100 117
49 96
114 92
37 85
34 24
44 21
116 41
58 62
49 110
93 38
110 35
46 92
34 51
91 84
101 73
31 71
58 52
103 92
56 4
103 107
38 120
105 92
93 112
42 72
35 27
119 57
91 126
44 33
117 96
94 103
43 24
45 3
113 77
50 40
48 67
103 93
114 144
114 43
44 1
38 105
31 73
98 50
41 76
44 85
59 26
117 105
92 36
113 140
51 104
49 4
33 42
115 131
52 43
91 68
116 133
112 111
112 52
110 53
52 14
98 76
59 115
105 69
48 37
95 77
120 111
95 93
39 30
46 99
45 33
120 88
44 31
58 37
31 34
59 43
94 32
60 79
41 12
106 32
119 116
51 49
98 85
33 65
49 115
110 108
114 89
38 1
96 114
51 111
94 46
41 20
47 41
107 45
52 52
48 44
35 108
103 82
55 44
118 100
43 102
36 90
49 39
112 92
48 24
96 101
106 50
52 91
38 24
110 74
43 74
37 56
100 69
107 43
107 33
103 32
96 130
37 40
105 88
34 82
120 43
93 103
112 102
94 45
99 124
37 37
94 131
105 150
36 81
56 2
109 114
107 74
37 59
42 107
102 52
53 74
118 35
116 62
57 52
117 32
35 76
96 95
96 145
39 73
107 64
46 2
110 39
98 73
59 29
101 79
34 33
35 35
46 71
46 73
36 71
54 108
41 6
31 89
103 120
53 91
98 135
108 34
54 12
58 90
95 53
40 85
60 97
50 28
47 20
107 54
36 86
45 56
57 2
50 72
57 22
112 90
60 49
34 7
55 38
100 127
32 60
114 71
49 42
104 108
38 52
42 116
110 110
34 9
59 9
101 39
51 58
51 92
108 43
35 117
116 49
120 129
100 116
38 106
58 36
31 119
55 2
112 81
37 39
111 127
40 74
93 79
48 90
115 143
92 117
34 97
47 21
115 79
32 54
50 27
113 132
47 68
116 107
43 18
34 38
107 131
111 34
57 70
42 40
117 141
114 68
60 63
38 112
52 96
95 66
46 21
108 31
44 37
47 107
35 2
60 82
118 95
110 52
112 140
101 102
94 31
108 78
99 117
55 104
109 137
40 47
47 81
50 5
33 86
110 97
96 35
113 134
47 97
115 75
108 126
47 38
32 48
106 139
108 125
108 65
91 79
112 118
47 118
104 86
37 9
45 98
112 56
57 58
60 4
54 35
105 59
108 138
108 128
41 86
94 42
45 88
120 139
98 68
37 64
116 42
96 44
46 6
59 73
103 106
94 76
53 19
47 64
48 71
35 96
31 18
37 58
60 104
38 91
48 96
100 31
52 24
113 83
37 73
50 38
101 114
56 45
109 76
35 78
120 73
58 25
52 30
98 89
106 38
111 139
102 44
93 32
31 116
103 50
110 111
37 82
92 131
43 58
48 78
41 59
111 144
47 75
107 77
94 108
35 60
46 87
55 20
37 13
38 110
57 30
109 56
38 48
107 31
35 69
57 34
98 148
102 75
49 84
43 53
113 97
57 117
59 45
37 36
47 35
34 64
51 85
110 104
107 89
36 42
59 90
97 85
52 27
44 71
50 111
40 82
38 77
32 120
95 97
104 30
120 123
56 50
98 139
31 45
54 16
32 50
43 16
31 27
111 113
33 45
118 63
41 109
33 94
52 90
60 91
104 89
116 125
41 66
99 144
117 117
42 75
39 63
58 5
103 55
37 16
32 112
97 37
47 74
119 75
37 95
55 114
39 104
32 36
52 60
46 84
110 49
39 8
56 112
37 17
95 74
95 136
45 1
94 115
110 149
101 77
113 126
99 67
41 18
115 99
119 104
58 56
104 123
56 52
44 32
117 53
93 139
45 103
91 33
59 57
55 98
45 11
95 102
37 3
43 54
99 52
94 105
56 62
45 17
53 51
115 97
103 135
43 32
100 145
116 121
48 22
35 10
56 117
44 64
113 148
98 62
44 49
109 120
110 96
38 60
104 50
120 84
102 142
112 129
60 52
91 135
33 8
44 26
41 3
117 142
103 68
60 2
37 11
106 35
35 30
57 72
56 86
34 84
105 104
115 51
93 124
34 79
102 136
43 23
109 83
115 120
98 133
106 46
99 45
107 73
47 69
55 88
102 101
59 119
114 149
101 76
120 119
44 113
116 76
47 94
91 30
95 105
105 31
55 3
44 75
59 1
116 145
39 2
98 46
53 8
115 80
37 20
54 58
96 48
44 15
96 105
31 28
115 140
34 114
35 83
41 70
37 49
117 146
91 70
99 48
46 69
107 101
55 93
38 51
111 105
46 34
106 138
39 107
43 42
47 5
44 100
34 2
116 30
103 141
118 73
120 115
48 99
56 10
113 89
98 99
43 17
38 47
119 40
113 119
33 27
98 132
103 79
98 141
103 88
113 96
97 75
100 35
97 49
117 36
57 105
58 45
112 148
49 109
44 74
39 116
96 103
59 109
110 78
49 14
39 39
51 24
52 55
111 68
57 32
106 130
39 87
100 125
116 83
96 86
49 76
99 133
48 114
47 31
106 132
55 83
107 40
45 112
98 140
45 89
58 104
50 11
53 78
51 38
94 52
95 73
45 62
50 113
102 83
101 106
43 86
37 38
93 56
92 42
93 77
51 56
51 106
34 106
51 31
113 117
37 31
110 121
44 95
37 115
92 30
59 78
96 137
116 34
113 40
97 48
114 53
99 90
58 18
91 143
95 52
106 77
57 104
44 117
37 119
60 115
56 46
45 5
116 74
37 53
100 46
102 66
111 75
97 123
106 48
39 40
101 125
120 116
34 3
111 97
35 39
98 113
33 80
57 109
46 65
93 71
115 71
107 38
32 38
31 69
100 104
56 49
108 96
50 44
39 5
46 17
112 138
39 79
109 42
113 69
110 137
43 84
38 30
59 76
107 49
35 48
32 53
113 106
102 99
117 73
104 97
59 8
55 26
44 34
40 51
98 138
38 37
58 50
32 74
38 50
34 111
112 47
110 58
56 85
92 118
41 19
107 106
43 118
100 43
48 53
105 113
53 62
35 65
109 126
51 119
120 99
36 115
60 120
100 71
115 84
45 86
96 120
39 75
100 142
105 57
60 100
117 47
99 110
98 83
101 105
44 91
44 20
35 49
108 122
104 46
97 130
110 130
116 54
53 68
92 97
46 48
111 81
47 53
108 44
99 74
53 83
56 21
113 135
111 48
51 14
120 34
93 149
42 70
44 3
46 54
37 5
43 70
116 31
42 83
108 70
119 38
42 92
119 90
60 28
34 93
49 98
50 59
50 43
39 98
101 63
107 42
41 55
59 55
111 78
48 73
35 103
36 46
114 124
115 52
106 97
41 77
116 67
94 150
94 116
96 55
33 4
37 94
111 82
97 42
101 80
51 98
96 49
35 53
57 91
116 72
42 57
97 99
119 113
53 5
54 98
54 97
120 86
119 92
51 25
51 82
50 77
110 40
51 112
58 51
45 111
115 125
107 108
50 69
57 90
56 58
53 72
34 107
103 89
110 116
116 56
109 60
111 70
95 108
50 23
31 77
49 91
113 145
48 70
34 95
52 72
32 82
100 79
119 32
55 79
96 62
34 96
115 86
95 143
103 150
99 60
91 87
52 21
42 77
34 14
106 59
114 67
98 34
45 68
34 22
106 41
109 101
42 91
35 33
115 109
113 41
94 34
43 55
96 94
55 85
55 68
54 113
113 104
99 81
34 92
31 48
110 93
46 83
118 84
36 114
109 106
45 79
109 53
106 43
103 74
110 55
110 31
91 65
98 37
36 89
118 139
93 55
112 106
58 72
53 76
108 81
94 113
110 36
53 116
109 82
32 62
106 62
38 38
55 64
41 52
50 57
52 70
104 88
44 101
36 68
91 41
52 73
56 72
58 17
51 72
42 106
32 111
100 84
44 82
42 93
45 75
34 109
115 133
60 36
60 34
98 49
98 93
57 75
43 63
101 142
37 68
94 140
92 59
101 127
34 81
52 8
91 46
42 1
45 84
49 69
118 43
113 80
42 49
120 48
46 30
105 76
98 74
50 45
40 37
97 58
108 94
100 148
102 85
98 35
31 26
100 77
101 61
34 77
104 56
44 8
106 117
96 52
115 38
59 85
51 96
99 118
93 101
113 112
117 122
91 123
58 80
92 139
102 103
118 68
43 112
55 76
102 67
103 67
53 113
102 121
55 62
58 23
99 101
106 122
55 87
102 150
99 80
35 5
41 90
91 61
100 139
103 95
100 90
53 26
106 147
43 1
59 11
36 74
108 68
53 11
35 95
118 88
95 150
45 29
98 98
95 42
103 129
96 116
48 79
97 122
43 72
113 45
53 102
110 94
47 98
117 116
101 65
59 56
106 120
44 56
53 28
104 63
54 29
31 91
106 111
99 145
54 80
38 21
38 19
110 99
42 71
49 11
50 67
38 119
118 41
58 3
119 106
51 95
33 35
119 53
109 97
113 143
98 86
31 97
114 64
46 67
39 44
92 106
103 111
97 144
115 93
54 84
42 53
39 92
112 87
41 17
36 29
53 10
46 7
41 56
94 98
33 81
111 150
117 106
114 61
118 85
41 27
32 56
113 131
109 142
57 29
95 123
92 91
46 47
58 42
60 7
48 95
48 36
94 78
92 99
102 110
117 121
57 16
58 87
45 16
93 47
101 121
98 75
96 135
32 19
105 136
45 39
109 119
58 116
112 126
45 113
46 114
35 54
93 111
117 99
33 50
112 58
59 30
47 113
112 33
53 17
42 81
115 104
36 113
57 93
43 117
95 96
104 40
60 15
109 71
43 40
108 104
57 47
60 72
50 66
60 31
107 105
54 102
60 101
104 31
113 87
115 119
33 12
114 46
106 131
54 55
99 104
110 56
112 101
37 97
91 44
105 123
42 60
51 101
101 148
111 71
52 40
59 104
44 28
107 51
105 114
42 87
115 102
31 20
36 25
37 22
117 31
94 118
114 59
98 80
35 99
91 101
46 117
53 67
57 35
96 106
103 44
47 109
32 33
97 146
101 146
40 108
95 86
117 108
100 40
32 105
35 46
39 14
116 66
48 118
91 92
59 88
94 82
107 56
37 7
119 138
42 117
120 125
31 111
102 108
55 84
109 79
109 94
93 65
116 58
45 6
45 9
104 38
109 68
39 78
100 105
57 83
41 88
103 138
37 111
113 88
117 85
41 37
104 47
57 31
106 79
94 120
33 104
115 118
114 103
43 116
111 94
56 14
58 94
42 95
114 70
93 125
117 91
109 100
58 95
32 70
102 38
113 142
91 118
99 56
95 50
120 32
39 3
105 75
55 10
55 24
97 120
105 96
49 50
113 30
38 5
108 141
108 40
110 109
60 98
119 95
93 40
42 25
34 49
58 119
103 115
47 96
109 127
96 112
48 120
51 40
44 22
52 87
42 14
40 113
110 42
51 29
107 102
40 92
58 46
110 144
33 2
105 132
33 97
113 66
51 107
45 110
103 99
105 49
104 77
47 33
39 41
99 149
115 142
49 32
53 105
40 69
34 78
43 56
109 43
91 40
111 38
120 82
43 114
94 142
54 87
118 118
102 139
49 100
102 70
41 111
55 97
58 10
92 57
101 50
48 68
54 11
119 36
101 86
33 54
119 126
32 55
107 135
99 51
40 28
92 102
111 33
44 40
35 114
97 36
44 14
100 88
49 71
52 1
31 105
94 111
114 142
31 3
98 97
55 99
47 70
105 110
50 102
42 51
95 120
58 8
100 78
99 31
39 76
57 65
42 36
50 6
99 131
106 44
93 44
116 137
53 15
115 129
51 67
51 115
51 99
102 107
48 81
105 112
91 140
50 105
113 38
95 140
55 8
47 25
110 71
95 121
36 43
102 35
50 110
108 115
59 48
50 61
91 134
107 78
120 150
117 49
31 88
116 48
91 106
54 101
49 75
116 73
43 49
91 54
56 27
96 47
105 81
120 145
51 80
100 37
103 43
119 65
32 114
57 112
113 49
39 55
55 4
105 143
96 85
59 111
48 35
44 52
103 127
98 142
51 10
53 90
60 84
110 38
108 149
33 82
101 35
52 44
57 114
99 95
95 127
105 118
105 80
104 55
38 34
117 109
91 124
94 141
104 125
106 37
103 47
115 35
111 87
47 15
40 59
39 23
47 24
95 57
44 59
91 49
109 135
108 79
102 117
55 81
31 80
42 97
109 109
92 63
52 32
109 46
114 123
36 40
57 67
49 30
54 20
99 99
93 93
39 112
57 40
106 84
95 89
35 18
39 111
32 94
38 97
52 58
36 69
99 65
99 77
91 97
119 46
119 142
32 12
36 107
52 29
104 115
110 118
92 71
55 96
108 132
40 96
116 124
33 109
91 76
114 55
41 87
47 91
35 73
109 58
53 36
40 9
92 32
45 100
51 88
120 113
40 64
40 109
93 51
99 37
115 85
53 87
42 24
33 77
107 148
97 139
45 46
46 62
118 34
42 108
54 111
31 8
40 112
32 97
113 138
120 71
118 141
114 119
58 6
101 67
47 29
105 43
47 50
57 19
96 146
91 86
105 115
119 73
109 87
42 65
119 80
92 33
93 73
39 10
42 52
116 104
39 101
110 124
56 120
120 142
34 13
49 37
39 85
100 73
53 4
108 134
38 67
38 108
43 113
97 74
52 56
57 73
37 98
114 141
37 109
37 81
115 44
34 90
119 98
118 106
53 70
115 121
102 135
55 58
103 146
52 4
52 100
39 109
60 13
108 100
101 57
43 82
46 115
55 94
50 94
44 80
109 30
50 58
32 69
100 144
31 24
35 79
115 145
43 37
55 14
52 92
101 103
35 16
92 95
44 93
49 40
96 77
118 126
91 100
94 114
106 61
41 8
57 4
39 45
111 103
50 85
96 79
57 61
93 96
35 97
40 8
105 141
47 78
49 93
116 59
99 105
103 105
102 134
36 37
34 39
110 83
41 83
31 44
100 100
116 38
119 86
97 53
32 118
118 143
47 93
48 7
118 60
97 110
31 98
109 51
34 86
55 74
35 87
97 105
102 105
32 64
99 64
104 72
59 14
99 109
103 124
92 85
101 134
99 66
49 18
45 73
108 117
54 59
58 24
113 122
43 90
39 61
114 50
57 11
91 38
116 143
35 66
106 144
32 90
40 120
105 97
59 72
42 61
93 81
38 102
33 101
94 48
54 51
92 41
111 61
91 117
46 25
119 83
34 63
45 61
118 111
117 113
97 80
31 120
38 25
114 145
37 50
50 60
120 141
104 121
31 40
43 48
113 124
43 67
54 120
117 86
38 98
50 95
98 110
51 102
32 51
58 97
49 94
49 97
33 5
105 68
50 98
46 5
119 115
112 109
94 71
48 9
118 67
102 73
49 68
91 59
55 36
93 138
47 62
48 104
47 100
120 136
97 84
53 114
53 44
95 64
95 51
103 96
39 81
35 40
92 62
114 98
92 140
43 89
31 33
109 36
57 5
116 65
55 120
55 46
94 55
112 38
103 30
45 18
42 69
44 108
98 103
41 54
51 65
41 65
45 50
95 135
98 108
47 12
106 82
93 91
56 116
35 14
59 120
55 41
39 94
95 149
40 53
98 112
113 93
115 146
112 117
91 78
109 93
108 88
119 52
56 68
58 91
38 81
33 106
52 68
101 54
114 94
101 62
109 118
112 125
93 140
40 15
112 54
117 40
103 80
48 113
119 91
114 114
109 44
91 107
115 105
32 26
51 39
114 97
38 16
114 87
115 92
98 114
32 91
120 47
97 91
113 70
112 85
56 118
120 112
45 52
103 118
35 120
119 108
92 96
93 66
60 94
103 147
105 72
45 43
60 77
37 91
92 115
111 99
39 36
94 47
49 52
119 82
94 146
101 42
113 92
113 127
60 65
41 80
92 60
112 63
60 75
49 67
116 138
47 45
49 116
33 40
96 92
100 61
108 77
32 42
44 103
111 37
112 60
32 96
94 138
100 60
56 42
93 62
59 24
32 44
51 59
50 106
110 90
45 57
100 75
96 68
110 65
100 121
45 58
93 45
43 45
33 21
36 19
41 32
40 13
37 78
98 134
107 112
46 27
52 38
37 108
118 124
92 121
50 84
49 61
50 63
50 119
117 143
52 101
48 41
107 72
59 22
48 66
116 141
115 100
97 133
58 14
115 55
32 78
52 93
95 138
113 110
43 51
92 116
46 46
109 129
112 110
94 66
119 149
34 50
59 81
96 98
39 64
120 98
52 28
60 88
101 136
111 63
109 124
51 17
91 142
109 69
32 110
94 110
37 84
45 108
93 137
60 99
48 103
60 116
39 74
104 91
102 54
115 40
117 132
97 111
54 17
57 46
52 3
106 137
94 125
106 34
44 29
119 71
41 98
119 133
47 112
102 41
112 50
48 26
48 102
92 109
91 102
33 85
42 44
91 138
96 149
58 55
36 98
97 67
96 64
114 140
103 108
31 61
55 119
58 110
55 48
39 60
47 73
94 51
97 70
54 26
95 61
33 64
59 79
58 28
58 33
120 65
37 70
112 51
108 67
31 46
37 28
106 65
115 45
120 124
104 37
37 26
59 36
119 37
57 80
93 86
56 35
39 21
35 59
35 106
41 29
91 111
52 117
60 11
95 88
34 12
94 39
49 119
109 140
60 90
107 80
56 11
52 79
33 30
101 133
117 114
55 112
115 98
111 134
117 110
119 63
91 81
49 65
35 90
42 58
93 104
118 107
54 110
44 99
109 85
40 49
41 28
47 32
93 150
47 36
91 145
101 85
95 75
104 105
40 12
53 110
37 100
92 130
33 74
37 89
95 107
40 45
111 148
53 61
101 113
51 4
50 108
95 70
36 11
100 101
42 111
93 135
43 60
117 89
40 81
94 117
56 115
50 14
98 55
111 124
113 62
105 133
53 20
52 112
111 31
48 29
100 32
102 109
33 41
33 105
110 48
91 80
93 57
98 56
39 96
57 33
32 25
43 44
120 74
44 18
102 48
95 133
97 30
105 39
118 127
44 110
49 108
114 34
103 65
36 53
51 45
32 3
106 107
101 150
52 113
40 98
102 131
55 39
52 57
105 82
100 41
55 70
109 47
43 120
40 11
96 91
109 40
54 118
102 42
57 21
49 95
108 74
34 17
94 56
42 109
103 53
110 84
43 68
111 83
118 87
117 80
95 78
59 86
34 40
106 58
104 74
108 50
94 97
43 105
58 106
46 56
110 105
35 55
58 65
97 128
102 92
46 11
58 93
115 66
33 87
113 133
36 119
57 78
59 91
120 128
58 34
51 54
120 40
109 128
111 111
91 64
56 88
56 23
113 56
114 72
40 19
54 21
31 39
34 44
57 102
60 54
112 68
58 92
93 122
53 57
35 72
46 16
119 128
98 94
99 150
35 24
95 147
40 65
34 115
96 125
52 50
117 65
97 89
47 105
102 149
36 118
31 6
104 65
59 82
109 64
98 36
37 77
56 53
105 122
95 95
107 97
33 90
42 29
53 56
91 63
117 56
47 8
33 88
41 120
41 117
107 146
53 35
32 57
100 111
43 103
42 102
120 94
32 35
50 31
54 41
46 59
96 133
60 106
100 134
118 131
44 116
115 77
111 135
47 72
98 144
48 2
105 135
46 98
33 47
57 25
102 36
43 94
118 56
95 60
32 22
96 71
33 95
109 131
45 44
118 112
39 47
46 68
103 62
95 85
117 138
120 120
49 107
47 4
43 28
112 128
106 90
97 78
107 70
50 20
115 127
36 51
48 100
97 104
104 69
52 63
92 38
95 134
43 109
104 35
104 128
50 88
117 41
60 60
119 136
38 89
97 66
120 58
97 62
119 45
120 54
39 52
40 55
108 98
45 25
52 89
51 55
112 41
112 130
111 51
42 8
101 68
52 34
93 114
102 61
32 99
58 107
53 64
47 59
119 59
114 93
47 18
44 6
91 51
106 89
41 67
39 91
93 33
102 115
113 149
101 94
56 104
99 42
40 3
60 70
47 28
44 42
44 57
45 12
100 131
106 125
106 148
42 30
37 15
119 130
33 113
104 143
53 79
42 119
59 66
53 93
44 50
102 113
91 66
36 65
98 96
109 99
112 48
113 100
55 15
34 102
58 89
92 150
116 97
55 19
51 71
99 34
50 10
39 29
94 43
100 130
36 12
94 69
95 142
60 50
113 43
92 146
92 114
59 60
54 65
100 96
114 90
105 47
45 37
40 42
92 43
32 84
56 99
117 115
95 31
40 116
116 100
57 94
92 45
118 82
43 66
95 84
49 60
98 119
40 27
59 25
36 5
103 38
99 100
109 105
103 125
52 64
33 115
111 92
59 2
55 27
31 55
112 53
51 50
96 75
95 119
58 35
101 97
102 94
120 149
43 4
108 54
58 57
33 33
51 116
119 62
96 53
104 120
93 68
113 42
48 80
102 47
53 82
44 7
54 106
93 64
92 110
113 58
107 82
116 128
36 33
99 137
109 55
118 120
98 137
36 106
104 126
110 46
58 113
33 48
51 114
51 79
35 52
96 132
34 46
99 87
99 61
116 112
31 19
98 59
117 77
41 79
50 103
41 38
51 63
95 65
34 48
47 11
117 50
108 146
54 3
106 52
37 92
55 105
40 23
60 14
114 54
32 7
49 34
117 87
112 76
37 86
98 71
60 37
101 128
51 74
52 2
40 84
31 62
56 29
91 36
48 84
38 33
115 132
55 109
32 14
119 74
40 20
54 14
97 55
55 66
116 147
33 32
34 94
117 54
39 110
105 89
41 13
48 48
105 130
52 23
111 62
31 107
102 39
56 16
94 58
104 98
105 67
56 67
106 83
98 48
51 35
49 22
109 66
49 105
57 59
57 79
117 137
115 122
91 37
34 120
40 5
110 61
60 30
32 89
100 149
48 49
102 98
110 34
40 93
96 102
110 80
111 57
44 77
96 42
42 113
38 78
57 71
100 83
108 135
102 56
113 121
60 59
53 41
114 115
49 113
53 23
97 125
92 129
109 35
33 62
94 134
48 57
107 88
112 31
36 99
106 136
44 102
95 32
104 133
57 118
54 46
112 113
48 5
53 107
115 34
101 46
43 71
99 132
50 12
37 93
51 87
42 47
31 56
99 62
94 128
52 18
92 123
46 9
115 113
32 1
120 64
59 92
116 120
57 17
98 143
41 102
107 50
42 96
99 91
39 70
98 77
59 100
108 62
118 37
105 131
46 66
101 70
114 135
35 17
47 84
56 70
113 150
35 58
40 30
49 87
114 111
50 68
118 38
52 116
108 49
101 47
36 78
112 143
108 46
48 8
60 83
43 41
91 60
118 53
104 49
53 50
38 109
32 102
118 33
60 22
49 58
39 90
47 42
36 2
117 64
107 144
51 7
58 20
59 52
57 41
112 96
38 26
96 82
39 68
119 123
58 120
115 108
36 108
57 66
102 147
56 96
39 58
101 31
110 127
106 64
108 116
101 64
31 1
95 81
54 50
92 98
31 114
101 41
44 86
119 125
110 47
113 108
112 44
107 52
42 74
33 112
46 116
107 32
98 64
94 106
112 142
96 127
101 104
53 59
119 141
49 38
97 114
116 123
106 102
55 12
40 6
105 77
54 68
33 11
47 76
109 72
41 31
118 140
52 48
38 99
117 128
54 100
109 48
97 131
55 37
111 39
104 92
44 109
56 77
103 49
57 27
50 26
118 128
116 129
39 66
38 40
53 80
115 46
43 6
120 45
32 37
47 7
111 67
40 106
101 145
114 129
34 52
56 71
47 116
58 40
107 30
95 47
113 53
33 114
110 37
106 124
120 130
49 99
36 92
99 139
59 33
54 96
94 119
97 82
101 34
60 43
105 40
39 77
96 128
99 58
53 53
115 87
49 82
53 27
110 146
36 41
42 48
35 7
105 50
113 109
99 143
54 24
52 45
34 30
109 95
106 101
39 28
118 55
98 87
111 89
48 69
115 82
117 81
31 2
51 48
96 96
120 51
49 78
56 83
45 91
54 77
41 36
100 45
114 86
56 74
92 89
58 53
119 97
34 104
119 48
54 36
47 40
32 17
106 81
58 73
32 67
38 101
119 35
119 30
97 87
45 40
50 117
36 104
102 60
44 106
116 47
111 120
102 90
115 32
108 114
50 49
95 69
47 117
99 92
43 79
108 92
40 100
34 59
56 22
60 118
111 85
102 95
115 103
118 77
47 108
114 96
93 119
107 117
95 76
118 44
97 83
50 65
114 136
35 118
57 76
56 34
105 128
32 34
34 8
57 106
91 129
49 36
114 150
49 29
105 36
112 98
56 51
35 20
55 92
48 63
119 89
93 133
39 53
118 99
54 31
117 46
31 50
117 39
105 149
105 138
100 99
106 98
43 12
52 46
102 58
103 112
49 114
97 109
43 11
36 10
38 41
92 35
114 77
45 23
114 44
108 103
34 15
33 67
33 34
48 59
120 133
115 60
32 68
101 43
31 67
93 61
117 84
32 6
38 61
109 54
51 118
102 88
37 47
92 86
32 15
39 117
40 110
39 54
118 30
113 68
91 88
41 39
102 120
117 126
113 78
120 91
40 36
97 132
101 93
93 41
112 64
34 20
38 113
109 132
102 112
33 28
55 80
50 81
38 2
46 63
31 37
115 144
49 111
120 52
114 113
91 108
41 115
33 107
57 85
34 10
117 139
96 148
51 33
112 136
117 98
119 50
114 49
43 38
91 95
44 115
103 42
98 81
36 109
97 137
112 104
43 29
92 132
113 54
113 71
117 66
42 7
46 44
98 65
48 33
95 109
119 109
58 79
37 80
95 130
46 88
33 14
36 88
113 137
59 84
111 126
45 115
100 39
94 126
111 72
98 102
39 72
119 105
118 125
110 131
112 133
103 91
53 69
114 76
52 95
43 96
99 88
107 76
116 149
93 50
35 71
113 118
116 113
57 110
113 139
54 49
40 75
46 109
110 103
104 111
54 74
42 62
31 76
109 112
59 117
41 48
104 62
58 84
92 52
32 115
43 100
33 89
95 141
54 107
50 93
48 89
43 73
41 106
110 136
33 22
39 119
52 42
118 129
105 52
42 20
104 102
94 80
60 117
98 33
116 108
112 150
94 67
44 90
98 106
107 35
112 124
117 34
53 40
38 28
31 52
50 29
100 57
120 85
101 75
47 22
92 74
34 45
105 129
120 117
60 67
59 74
38 104
108 51
50 35
103 114
60 10
49 2
41 82
36 48
118 54
54 63
49 31
116 127
57 26
54 44
120 132
37 69
47 111
106 57
46 52
116 60
33 18
108 148
60 55
48 86
97 88
46 26
37 43
118 121
53 71
98 127
113 146
98 92
111 118
51 66
38 43
49 86
54 52
32 79
92 88
48 15
54 57
39 7
91 113
109 34
40 68
112 132
52 83
118 104
114 100
120 79
94 139
110 59
46 89
48 34
44 48
42 115
92 48
50 41
37 76
50 99
120 104
31 10
33 103
106 91
103 77
52 25
53 30
33 111
47 46
49 103
107 95
115 30
96 80
104 52
113 32
100 110
108 56
40 22
59 21
32 72
45 72
119 51
46 79
118 36
57 23
104 45
91 34
40 43
95 115
42 110
56 89
114 133
48 112
120 44
116 144
31 72
118 113
44 45
60 45
109 41
105 126
99 136
31 102
56 48
47 27
111 30
119 79
106 88
118 145
38 10
50 112
91 55
119 145
60 85
58 13
116 77
47 1
47 10
103 57
116 116
101 66
110 98
92 103
44 19
35 22
113 95
119 66
38 12
92 107
95 56
94 91
46 78
48 43
33 15
59 116
41 22
111 86
95 106
47 23
44 104
45 78
116 139
50 71
34 27
41 114
101 72
33 69
36 120
37 101
56 6
115 126
38 87
95 117
97 81
46 82
60 92
33 57
107 55
49 89
100 137
97 102
92 39
94 68
102 53
50 51
99 98
38 70
113 115
54 6
53 119
58 85
35 67
107 127
92 137
104 36
50 30
36 15
91 73
117 149
100 52
106 118
52 39
118 148
59 83
102 46
48 3
110 77
46 43
116 55
96 129
106 66
51 21
108 93
59 87
113 34
103 98
56 57
108 55
114 63
98 90
95 82
32 47
91 77
52 17
49 6
104 134
58 67
55 90
91 42
42 64
104 95
46 104
96 74
46 14
41 11
108 32
91 72
111 110
49 9
38 71
92 34
99 142
47 9
50 87
44 98
56 8
107 41
56 108
105 100
99 128
58 101
105 98
112 69
115 62
95 101
34 28
114 41
36 34
46 12
106 30
34 37
50 80
40 14
105 78
53 117
118 89
106 121
108 59
91 62
43 88
99 49
108 38
112 73
110 62
60 111
98 121
100 86
49 10
104 116
31 99
50 2
109 57
48 105
120 61
114 84
32 5
55 78
110 32
39 56
57 50
50 4
108 111
110 67
38 27
57 64
40 61
42 11
36 56
42 101
55 86
112 147
43 111
104 122
108 150
35 19
37 54
106 104
93 75
96 122
107 121
115 73
111 77
96 124
110 69
31 86
55 42
91 32
36 59
52 49
47 47
47 90
109 86
54 78
51 113
37 55
106 67
97 79
98 136
99 96
44 43
93 67
97 73
45 41
105 55
44 105
39 31
103 148
54 53
52 37
92 53
102 102
57 42
97 76
54 73
105 35
100 109
105 125
53 2
107 134
95 126
120 110
32 107
36 101
50 74
53 14
46 33
115 89
105 73
108 84
100 129
55 100
100 89
106 47
40 34
104 68
94 99
100 122
115 83
39 83
41 64
44 73
92 122
91 52
46 40
36 80
106 134
107 67
39 120
95 144
44 92
49 24
112 123
57 9
53 33
34 36
120 53
44 78
31 74
38 82
102 116
52 12
113 51
92 133
113 103
92 84
43 61
108 136
44 54
47 114
46 112
106 85
37 62
112 115
39 13
45 4
93 90
105 105
103 139
47 6
57 99
45 120
110 140
97 94
110 33
116 75
110 73
44 67
32 27
115 69
36 110
39 33
120 49
111 114
100 76
94 85
38 107
45 53
92 65
101 115
51 22
118 94
91 48
116 44
38 31
102 31
49 15
103 110
39 95
104 136
102 65
34 83
31 12
42 89
91 82
105 124
55 117
46 23
34 74
50 50
119 127
37 12
37 105
60 5
45 55
93 141
37 75
94 107
31 23
118 103
106 39
45 95
31 90
119 102
112 127
102 49
95 62
114 88
112 86
110 115
51 91
94 145
95 34
93 105
116 84
105 56
115 59
120 37
52 77
52 22
48 13
42 13
47 48
31 60
111 36
43 57
49 77
58 102
98 146
115 39
120 140
57 97
100 123
47 57
60 27
59 58
117 71
105 139
108 47
38 44
40 16
101 56
105 120
55 49
95 137
47 54
48 39
40 73
46 105
116 103
100 64
96 123
42 22
31 36
118 130
99 85
42 100
96 144
93 110
107 138
54 1
50 86
45 117
32 40
51 93
116 40
105 34
41 105
104 54
105 111
108 85
46 108
46 91
116 106
105 58
109 115
104 48
34 57
38 9
111 44
112 32
36 64
109 62
32 116
47 104
97 141
101 119
96 147
117 33
103 31
55 89
34 11
32 109
50 75
33 120
54 81
41 15
97 35
109 144
41 30
94 64
60 3
120 41
50 100
60 58
95 54
105 32
57 92
46 107
105 79
60 64
33 92
41 92
106 149
31 30
114 127
56 79
56 103
110 45
107 120
43 30
47 16
108 113
119 67
95 103
35 119
94 60
53 16
51 77
32 31
59 106
93 70
59 67
118 123
116 37
119 131
42 15
108 90
54 67
38 66
110 70
100 53
104 114
115 72
97 56
99 113
104 75
110 147
109 121
109 108
93 102
60 12
33 29
114 36
51 52
103 33
91 105
43 47
102 71
117 62
94 144
37 66
115 68
54 34
109 89
48 40
31 4
113 84
54 32
42 112
93 134
118 49
94 70
97 136
47 66
120 137
106 145
107 142
92 128
60 102
108 142
60 95
49 117
106 70
40 35
55 69
118 90
102 81
46 118
104 149
38 117
91 110
105 45
45 35
119 99
104 109
116 105
106 141
31 42
44 118
97 44
95 43
111 59
35 105
114 101
93 136
44 24
117 52
44 12
45 27
94 101
37 120
102 93
93 95
57 100
97 103
93 58
98 118
60 20
59 69
98 117
98 111
110 79
115 43
41 50
104 79
60 87
110 92
50 9
44 51
59 112
48 45
58 31
53 96
36 44
39 106
108 137
38 18
111 112
36 36
93 107
99 78
54 119
101 98
118 69
109 88
99 30
31 103
98 100
102 79
45 74
97 41
94 148
101 30
48 23
40 67
52 35
107 92
112 74
59 77
103 85
115 67
101 100
56 26
94 72
91 121
57 119
44 27
113 130
103 100
93 129
107 57
56 38
47 71
38 115
106 142
38 45
93 121
57 55
100 42
50 79
97 34
58 77
104 67
112 97
45 101
48 117
44 55
103 37
109 146
49 118
32 71
47 37
57 101
107 143
48 52
47 13
51 61
35 104
34 108
120 33
32 80
36 7
56 84
32 77
38 73
115 57
104 64
45 83
107 63
102 106
60 51
40 103
50 96
46 100
93 144
115 74
95 111
96 39
106 69
103 75
95 55
49 56
32 32
112 122
114 83
45 64
38 8
109 80
31 109
35 75
106 99
54 13
55 113
34 103
113 39
107 137
33 79
41 71
39 113
34 42
93 109
113 81
56 109
105 137
55 51
55 95
116 102
105 84
91 150
116 135
92 112
115 41
36 17
117 112
96 65
59 28
120 83
110 128
106 53
38 17
96 99
34 68
33 102
59 41
114 134
97 98
49 17
42 12
46 31
42 17
94 44
58 88
36 49
45 22
37 61
51 97
31 75
98 57
101 141
51 105
92 144
57 96
45 38
94 75
119 119
107 123
45 77
35 12
43 65
55 17
52 47
44 68
56 92
105 46
101 53
116 50
106 108
53 115
34 72
117 97
107 47
103 56
109 45
111 50
111 125
99 146
108 60
114 56
96 108
111 58
119 118
109 130
50 42
92 82
33 56
108 63
107 125
117 129
112 78
32 104
103 66
100 68
112 36
102 132
97 108
93 48
53 109
46 103
103 35
51 9
37 14
60 41
60 48
56 91
95 30
53 13
110 106
117 133
31 78
44 96
44 66
120 106
101 108
33 63
57 28
45 63
56 5
118 80
58 16
35 77
37 1
56 95
44 79
41 97
93 145
58 118
33 13
115 54
44 5
95 38
44 36
93 106
92 79
106 93
36 16
93 123
54 7
104 66
105 99
106 56
56 98
48 6
59 54
118 96
44 114
110 112
96 141
55 31
113 116
49 23
39 16
96 121
34 61
103 61
102 127
41 4
46 3
55 22
111 115
93 80
40 24
58 109
93 127
98 63
116 70
94 84
97 145
97 134
108 139
45 34
99 147
56 78
57 36
108 112
95 148
54 88
48 101
50 89
109 50
119 49
117 83
38 86
47 56
34 58
32 85
54 91
113 86
58 27
96 134
60 32
114 99
40 52
37 32
91 128
114 110
40 58
60 42
40 101
48 20
100 72
33 31
104 85
46 85
111 93
108 69
107 145
56 114
94 54
100 108
55 40
110 139
38 35
94 92
46 38
42 76
103 131
108 83
120 39
53 18
110 135
118 150
91 75
36 96
60 78
94 109
111 143
42 94
53 12
50 54
109 136
104 58
101 91
102 86
49 28
104 106
106 51
38 65
120 59
107 133
119 87
58 100
31 104
104 127
50 90
96 90
103 54
60 23
60 35
106 55
36 97
101 52
117 131
103 140
100 50
105 90
111 128
117 61
46 75
32 49
49 27
52 85
104 84
60 69
100 138
39 49
118 79
118 58
45 66
59 12
101 38
33 7
111 122
119 76
41 113
50 114
45 90
113 35
42 98
114 120
99 112
115 47
37 29
105 64
101 129
40 32
60 113
104 41
115 65
55 75
31 110
57 60
118 83
48 47
110 102
101 83
58 111
107 139
32 75
45 81
107 81
112 59
57 120
34 41
114 58
47 17
56 13
54 22
119 122
32 2
53 34
120 138
102 114
34 73
52 110
101 118
110 126
108 95
96 139
106 36
32 93
109 90
119 43
119 94
111 121
100 49
120 87
36 60
116 69
98 124
115 42
91 99
40 91
110 95
111 88
45 106
93 117
118 119
59 20
95 114
106 105
50 83
93 99
100 81
59 4
43 26
102 64
106 76
102 148
41 53
117 130
36 22
93 52
106 31
104 137
56 17
101 117
53 104
110 100
100 58
55 25
113 52
46 49
110 63
118 52
96 113
34 105
120 78
58 59
92 120
102 50
51 34
108 66
119 120
116 32
45 97
34 118
91 94
97 59
35 81
53 97
113 46
98 82
59 47
102 84
101 116
103 142
112 95
110 50
38 58
51 89
51 8
113 141
55 59
36 102
113 125
104 138
54 2
47 80
108 127
51 51
38 69
104 87
43 80
99 33
53 25
48 38
101 33
110 91
97 106
44 88
115 96
97 95
119 129
97 39
115 150
42 35
108 42
120 109
112 43
37 107
58 1
118 102
36 66
112 116
114 91
48 87
96 67
37 8
119 64
49 55
107 75
92 50
103 76
35 1
107 130
102 126
54 33
95 113
103 60
50 37
95 124
109 37
103 149
112 119
42 90
53 112
99 125
96 117
117 144
100 119
36 45
34 18
59 110
94 96
58 21
39 20
106 74
115 49
56 101
113 136
52 65
93 115
39 35
117 92
36 55
96 45
112 108
45 70
100 112
41 58
118 93
109 147
116 94
115 123
105 60
104 81
106 135
43 35
98 105
52 114
92 145
118 109
106 146
102 80
57 45
102 78
31 7
60 73
60 39
59 68
32 61
110 129
50 48
100 124
97 33
39 26
49 13
117 145
34 23
53 63
106 96
42 66
115 136
105 66
112 55
47 44
112 91
113 73
44 69
104 142
56 24
97 69
38 92
115 58
32 106
117 107
114 146
41 14
92 101
60 18
51 16
47 120
37 51
34 43
45 87
43 76
91 35
38 49
46 110
40 56
105 38
40 88
38 85
92 76
102 124
36 8
36 94
