150 150 7230
90 108
30 99
96 101
94 109
105 56
49 97
91 94
11 47
143 114
73 92
3 53
70 53
87 120
68 35
101 33
64 34
93 91
35 111
8 55
62 44
36 106
85 32
118 43
39 51
84 95
1 41
51 99
86 103
39 107
37 58
84 112
82 38
4 44
91 95
106 32
63 51
128 113
30 115
118 52
105 101
76 48
81 99
60 47
35 37
112 40
146 92
56 38
121 107
117 104
52 45
45 108
35 95
79 100
139 92
150 103
33 36
114 105
26 37
108 52
96 36
38 35
43 41
82 45
102 59
58 103
46 95
26 41
72 38
34 60
65 102
18 47
72 33
117 51
72 36
32 93
150 98
104 92
42 99
83 60
75 43
34 52
119 34
110 60
41 40
118 44
25 59
72 32
38 103
41 110
73 119
87 112
3 58
11 44
112 39
33 53
44 94
97 60
127 99
118 34
84 54
127 93
43 114
84 44
66 47
43 120
117 115
6 60
84 35
3 32
3 43
16 31
98 54
42 118
99 100
102 117
59 99
21 58
98 57
27 38
34 38
35 103
24 55
132 107
126 111
14 54
47 120
44 93
32 118
115 60
29 46
111 99
109 32
117 106
70 94
5 35
42 35
128 120
38 99
97 95
119 120
21 45
10 51
31 105
73 95
46 91
149 115
127 116
97 120
81 51
58 110
93 98
117 40
105 108
141 102
69 49
93 115
28 58
38 38
50 119
34 98
131 111
39 39
64 59
63 59
63 55
111 43
103 35
99 42
129 116
30 59
10 47
122 100
62 46
120 41
58 51
44 45
103 39
127 110
71 53
107 104
122 105
120 42
84 58
131 109
33 101
6 56
74 42
119 32
98 104
55 109
112 100
6 55
117 46
100 38
28 44
36 36
62 37
109 52
55 48
59 43
54 94
23 47
30 50
93 58
90 31
91 116
59 100
97 104
59 36
81 59
74 38
84 96
66 115
64 44
58 40
45 53
40 104
72 117
100 34
114 45
103 105
55 95
77 31
36 112
65 48
118 49
16 33
150 106
30 108
85 116
146 91
53 49
103 52
79 36
100 99
53 51
39 59
108 107
95 59
103 120
55 108
111 45
125 102
103 112
56 43
50 102
59 117
76 91
110 33
113 91
5 45
23 52
46 92
97 59
76 92
95 103
22 39
32 104
73 118
40 98
136 94
68 118
137 117
95 54
99 32
42 37
18 56
87 102
73 104
40 39
10 45
38 33
122 109
43 101
98 114
39 52
60 45
81 40
107 31
102 116
144 99
91 106
34 109
9 36
83 32
103 44
101 59
123 95
9 45
47 99
81 108
107 91
96 108
19 39
98 38
42 110
56 102
96 39
119 91
85 109
90 57
17 53
111 109
20 50
64 41
74 40
59 102
34 57
133 101
42 31
59 112
37 34
119 41
12 55
83 94
110 118
70 106
41 117
74 55
55 45
119 118
56 40
147 101
10 44
124 112
50 93
46 47
39 120
11 49
26 53
3 55
24 50
133 92
48 45
51 53
5 56
73 35
105 92
94 35
71 102
143 116
76 95
57 46
81 98
114 59
112 114
35 42
148 100
24 46
48 40
85 35
94 102
90 43
39 112
116 109
15 47
59 59
50 111
24 53
45 40
103 111
121 108
111 57
31 98
72 44
138 113
92 107
135 107
118 117
135 119
46 109
139 97
124 119
89 114
71 117
80 58
15 35
91 111
41 113
13 49
43 115
5 53
95 100
45 103
133 96
55 97
38 106
46 46
100 51
36 42
63 101
1 56
56 52
38 101
22 37
138 118
31 115
33 46
28 43
74 99
149 106
95 48
10 55
139 119
7 34
135 91
109 37
44 119
58 37
137 100
25 33
35 44
57 54
126 107
41 99
44 101
49 101
75 39
42 45
126 100
41 96
78 57
86 105
95 38
30 107
55 113
130 106
71 115
111 31
118 103
47 43
72 57
56 55
65 42
53 95
43 116
67 93
44 110
73 113
89 60
96 56
103 114
67 42
143 113
76 58
119 95
54 114
63 105
116 52
10 34
97 54
85 55
28 60
146 117
42 52
56 49
10 38
97 39
61 39
54 47
99 113
68 55
21 43
99 119
91 112
62 105
6 45
75 101
34 102
69 98
28 39
94 34
120 55
73 112
53 91
145 114
65 96
48 96
142 95
95 102
49 55
25 40
20 42
99 115
131 112
94 39
52 94
90 112
32 42
93 119
53 108
54 110
9 54
37 99
129 100
113 113
57 92
99 99
54 107
51 113
5 38
79 108
57 49
32 43
114 101
115 40
53 42
51 50
23 32
120 50
73 32
86 60
84 104
67 59
116 114
97 44
7 54
142 94
36 100
101 105
110 106
123 99
125 117
97 92
113 116
87 33
10 59
52 34
128 105
2 36
102 109
108 50
57 108
124 105
105 57
25 47
143 101
74 56
34 120
87 47
64 40
28 47
89 120
8 33
13 41
33 32
119 60
109 60
138 103
54 112
69 94
57 104
138 120
139 101
100 33
98 58
94 37
129 106
23 55
111 119
6 50
140 101
61 45
105 119
108 91
59 107
72 102
89 102
68 54
13 51
86 119
99 98
18 52
79 98
119 49
85 100
67 35
45 99
113 95
64 52
137 115
112 109
99 117
114 98
91 110
30 41
50 117
64 55
29 31
89 110
69 56
50 45
127 95
87 34
12 51
38 42
116 60
111 111
65 98
54 42
90 94
77 53
101 94
90 109
116 58
119 94
101 41
78 46
77 46
67 39
46 113
81 97
5 51
50 118
64 57
144 120
52 104
65 39
48 115
95 42
55 104
7 47
11 46
64 36
77 51
53 45
41 53
98 109
45 42
96 34
146 107
86 40
81 37
58 108
51 49
43 49
60 35
86 100
92 115
117 116
88 92
84 47
114 52
84 117
59 103
117 98
48 50
45 58
88 39
76 93
47 100
119 93
80 95
124 91
116 37
38 34
108 32
19 48
60 111
84 49
71 41
123 94
83 54
89 100
57 35
65 114
117 32
88 42
79 41
133 95
89 115
94 113
35 105
89 105
85 42
107 111
74 37
29 56
15 39
118 113
48 98
38 53
45 120
111 32
88 32
36 94
100 56
130 96
86 49
14 51
59 101
73 41
2 46
67 116
62 42
120 49
50 32
68 96
83 92
88 49
105 93
42 112
146 112
119 39
31 42
39 58
70 108
94 95
39 41
101 112
73 46
50 110
107 60
10 58
146 95
54 93
40 32
108 94
48 118
95 101
95 36
38 40
96 46
76 115
118 55
47 34
123 101
120 92
87 56
96 100
65 45
120 98
91 97
16 49
135 111
30 92
94 36
91 48
19 31
104 31
18 39
83 53
89 96
129 113
54 39
58 59
45 56
102 112
99 59
47 54
48 37
62 93
98 59
66 97
106 96
71 55
29 60
87 97
9 51
77 94
13 36
2 53
65 113
59 47
77 42
31 93
43 97
112 106
12 36
62 47
134 108
31 58
109 118
75 98
135 120
39 36
68 60
35 48
43 53
85 93
42 41
89 38
128 94
48 106
124 100
90 91
54 100
103 108
48 113
8 47
44 46
49 91
100 110
66 111
81 36
10 41
62 31
48 32
72 110
116 105
48 53
49 47
60 93
76 107
124 109
114 34
147 109
55 119
103 97
35 119
69 91
22 56
118 119
138 96
72 115
73 40
97 52
134 109
106 95
65 95
106 47
74 109
97 116
133 110
142 101
19 40
33 104
96 114
132 101
88 108
91 103
108 113
58 56
58 114
18 53
80 94
121 101
108 114
26 36
97 49
101 104
107 36
104 35
47 60
33 119
137 95
65 94
67 54
149 101
83 33
101 117
131 117
142 91
63 113
68 119
65 40
101 44
27 34
15 50
142 119
73 109
50 99
87 50
53 114
97 96
86 51
41 105
18 31
110 51
83 39
126 106
118 60
82 108
1 49
119 105
82 56
55 100
129 110
45 102
106 91
129 99
113 56
39 45
57 51
30 32
14 52
65 99
71 114
1 46
140 110
75 42
57 44
110 108
132 119
29 59
66 105
100 111
92 53
113 94
32 39
35 59
149 116
36 59
123 98
32 106
63 104
140 107
87 37
94 96
45 112
114 110
144 110
12 58
106 39
120 59
108 92
146 104
59 40
120 106
39 93
53 120
119 116
104 94
110 117
53 109
108 103
144 103
22 57
94 98
125 101
80 59
54 56
136 104
86 38
43 56
38 57
78 101
112 117
108 59
109 41
26 43
90 34
109 104
138 95
143 92
36 48
104 49
57 31
72 51
13 38
107 44
34 96
55 51
57 97
104 98
37 31
3 38
93 54
137 116
17 57
55 34
60 56
98 36
67 107
42 50
43 104
29 33
70 95
122 116
36 33
144 92
32 31
94 105
109 98
119 103
103 33
53 39
129 109
87 114
139 100
2 51
30 37
114 31
9 33
93 35
39 35
103 91
116 95
132 95
54 99
92 114
101 35
56 42
46 33
141 92
100 117
2 57
119 58
59 105
35 34
100 48
48 35
111 110
48 110
91 107
55 102
93 33
74 95
98 96
58 58
77 37
44 50
115 34
73 37
7 31
62 33
96 120
147 104
54 111
148 114
65 120
42 42
30 102
80 99
128 96
85 102
80 54
88 35
112 105
57 32
30 113
67 52
93 52
66 39
98 101
78 120
69 41
79 103
143 120
140 115
84 103
127 101
66 42
117 113
35 32
150 111
69 45
122 95
114 54
134 96
74 51
31 104
95 51
111 44
21 59
45 33
30 51
82 94
133 106
80 101
113 51
30 54
83 98
111 39
62 116
105 40
10 39
90 46
114 40
69 114
133 118
148 95
72 52
69 110
55 105
61 97
78 92
49 95
107 97
57 96
63 96
54 31
31 41
87 44
122 108
69 53
39 101
73 52
100 105
77 107
1 45
105 115
92 54
50 92
38 119
99 91
56 116
75 93
34 111
16 58
91 31
75 36
68 116
73 58
86 31
31 116
111 34
44 44
71 32
124 106
37 52
58 98
59 116
86 45
54 51
133 109
66 98
95 32
78 112
101 99
99 112
107 117
146 99
108 58
127 108
139 114
121 115
149 97
37 32
62 49
53 96
54 91
65 111
55 93
16 56
125 105
47 94
118 56
23 35
106 36
40 103
13 44
1 44
70 111
106 112
86 53
31 95
72 91
126 109
62 34
132 112
52 37
128 117
41 44
26 58
88 105
45 46
79 47
63 120
47 112
68 109
57 103
61 118
62 94
60 48
124 111
131 119
87 105
99 53
123 97
2 34
96 102
90 59
65 91
104 44
73 34
91 57
150 110
78 115
49 50
46 108
105 106
50 36
116 104
89 113
107 102
90 35
75 55
51 46
105 96
40 106
29 44
113 112
146 96
77 52
42 98
39 49
95 45
135 95
45 38
98 105
56 51
53 44
147 111
127 107
49 49
66 93
79 92
109 120
114 109
85 96
5 52
63 31
56 41
113 53
63 95
117 49
62 101
37 106
68 40
70 51
60 108
72 40
12 50
100 37
97 40
96 106
65 104
38 37
6 58
80 91
65 35
76 39
16 32
94 119
95 93
113 42
53 104
37 119
145 111
61 38
53 112
101 38
70 104
103 54
147 103
98 44
112 115
37 43
100 44
111 55
46 100
88 102
6 39
79 110
48 38
38 91
122 106
72 35
54 109
98 40
44 105
139 113
47 51
68 31
37 117
81 57
51 41
22 42
73 111
86 111
65 50
102 54
136 112
82 102
115 117
42 40
12 49
91 59
18 58
64 111
23 31
57 36
92 98
78 94
81 118
28 35
63 110
49 36
28 45
53 48
63 92
89 35
31 50
131 105
56 54
54 46
118 57
117 97
112 36
146 98
116 32
40 40
143 109
85 38
116 101
83 95
31 36
82 100
138 112
94 117
83 48
63 109
127 100
113 96
109 100
3 37
97 118
30 57
140 95
69 109
76 110
64 106
94 32
26 60
3 33
66 114
120 103
19 60
51 60
116 118
101 120
102 45
77 58
142 107
77 98
99 107
143 96
39 113
46 107
83 51
13 42
68 46
86 118
9 31
33 92
72 34
140 96
128 97
109 108
113 50
68 44
90 55
104 120
106 54
96 97
104 55
82 54
98 46
113 34
63 116
48 103
4 38
101 45
108 36
55 33
13 59
120 33
66 103
48 46
31 38
74 105
111 36
5 31
100 107
104 58
11 48
58 111
35 49
5 60
100 35
51 39
131 91
140 114
78 111
149 94
75 52
94 52
120 34
47 32
96 54
102 46
52 38
38 110
3 35
37 104
82 42
41 60
112 93
45 44
9 44
102 55
66 116
94 58
51 91
26 46
70 60
25 36
47 97
71 46
95 52
32 116
110 110
16 46
79 99
28 36
139 112
130 92
99 109
85 108
73 106
108 55
33 116
28 52
95 46
78 55
80 52
47 91
60 91
59 111
48 34
135 104
90 53
58 39
48 33
95 58
147 97
40 36
71 118
59 110
134 111
150 93
18 44
92 31
55 58
61 33
28 48
13 37
111 42
34 91
147 115
32 57
126 108
144 96
44 91
74 59
47 37
86 98
59 53
103 51
32 33
44 120
64 50
149 105
83 114
51 45
51 96
77 49
2 39
79 113
86 92
73 42
110 44
66 95
73 105
148 112
16 48
115 50
105 53
72 48
109 116
67 32
150 100
14 32
68 97
81 96
119 110
65 49
67 41
45 37
82 53
141 95
40 95
64 47
29 51
88 60
103 58
33 99
13 46
47 117
137 93
58 120
133 112
108 43
91 43
45 36
107 115
99 54
38 113
88 101
74 91
38 95
56 107
62 96
69 93
57 38
49 93
105 58
45 116
8 39
73 93
122 104
91 101
38 120
46 102
30 34
40 109
47 103
100 50
28 34
53 117
102 97
94 97
6 34
129 120
69 42
126 91
138 115
71 101
49 42
49 119
90 111
72 116
70 31
85 47
34 92
59 58
71 116
60 114
77 45
128 119
45 109
73 59
110 57
115 95
133 103
58 104
39 119
56 106
73 39
85 33
33 37
7 60
33 44
65 119
68 32
68 98
135 110
49 39
86 91
73 107
93 108
140 97
30 110
69 34
5 40
30 58
94 114
150 99
1 52
92 40
18 35
35 58
30 106
34 44
51 52
95 112
14 57
70 114
111 35
41 97
36 99
28 51
134 92
51 115
79 112
132 110
109 111
12 39
101 42
94 38
70 97
18 41
14 53
49 98
55 46
40 93
38 43
49 108
100 42
83 37
118 102
24 51
79 33
40 43
70 37
97 103
43 40
82 101
118 104
54 33
48 109
75 108
80 110
71 59
42 49
92 104
93 116
33 48
100 54
96 37
73 51
84 34
58 57
109 96
42 104
98 53
99 49
29 42
6 31
86 48
74 36
50 50
91 114
48 54
12 60
31 51
85 40
51 94
73 98
61 44
88 36
29 32
122 96
12 33
145 103
64 101
92 99
4 39
28 50
145 104
111 116
3 47
79 42
117 35
1 38
45 100
59 51
7 33
131 100
108 111
57 52
76 46
58 119
62 118
146 113
68 100
93 106
28 59
85 44
80 118
103 109
21 35
102 101
14 41
89 119
41 102
21 46
22 52
107 92
138 114
119 119
117 109
83 45
34 56
65 53
59 42
110 120
44 34
72 53
86 58
65 56
59 46
33 38
33 43
66 57
16 34
61 95
115 36
100 120
45 55
105 44
38 107
52 108
83 93
84 48
5 43
69 92
3 57
88 93
58 115
32 120
70 117
120 48
70 100
43 35
51 107
34 105
75 40
135 97
44 118
27 60
52 53
76 119
111 115
23 50
107 108
19 52
145 112
86 44
102 53
83 120
56 57
60 42
114 39
85 48
86 56
70 56
105 32
46 96
137 113
124 110
121 94
73 99
55 103
22 50
95 39
124 108
41 57
83 59
129 114
39 103
99 38
45 43
67 49
94 50
21 54
114 113
130 103
91 42
117 107
124 120
104 42
109 101
28 37
19 43
107 38
40 47
69 100
81 112
62 43
33 42
88 97
144 109
51 97
51 93
64 51
111 46
32 91
136 114
68 41
64 102
95 117
112 48
147 118
69 59
66 35
103 113
36 93
22 44
103 99
58 55
58 48
104 45
88 47
84 33
99 46
52 49
56 96
98 33
100 102
114 94
12 43
40 120
42 53
135 106
89 103
69 60
43 52
145 113
92 113
143 104
51 112
7 52
103 92
59 115
128 109
114 117
61 36
42 33
41 46
143 105
101 53
101 109
77 109
68 56
115 120
43 92
116 53
75 59
72 46
107 42
125 92
119 55
120 36
41 56
149 99
51 103
77 44
66 41
65 57
26 57
40 102
86 46
132 105
60 33
70 32
126 113
108 110
121 120
37 35
114 53
84 101
108 37
137 110
68 111
51 108
67 48
62 35
64 53
12 48
141 97
32 119
47 101
150 107
61 52
84 41
71 111
52 99
74 92
132 120
4 59
73 56
89 104
123 116
43 59
95 57
65 41
108 54
112 50
102 120
86 110
31 44
46 118
122 93
30 103
64 33
42 94
30 60
39 40
1 31
59 60
102 44
31 57
92 57
111 95
126 102
106 93
35 102
68 49
82 51
75 38
57 95
107 32
42 115
94 54
55 37
110 119
48 114
145 118
49 38
98 31
70 92
97 117
36 117
89 43
98 55
53 103
57 60
143 118
62 114
51 55
81 31
134 119
130 109
75 103
116 36
80 120
32 92
148 103
90 105
52 50
10 60
34 108
87 110
139 93
145 100
71 97
34 33
56 92
87 31
14 49
43 91
6 51
72 92
91 33
76 50
116 117
107 112
83 35
38 112
74 33
99 96
72 97
83 49
65 93
80 97
100 108
12 53
13 60
84 51
19 33
142 112
89 45
114 42
54 57
84 39
85 97
86 43
68 105
60 112
37 50
65 52
112 118
58 117
75 32
62 40
76 37
7 50
70 39
94 31
100 57
83 99
146 119
23 34
94 55
41 104
116 99
34 106
133 120
36 120
54 44
110 31
127 113
48 31
80 43
62 111
73 117
118 96
61 113
122 92
68 45
67 97
81 95
58 38
108 34
44 113
93 57
33 34
48 95
103 34
6 54
58 97
84 97
87 41
110 115
15 45
69 40
41 33
94 116
104 52
94 110
142 117
126 95
107 119
76 116
104 106
103 119
94 33
67 109
107 106
119 111
2 40
19 34
71 120
87 60
50 60
149 107
81 43
16 52
32 53
92 35
67 112
149 117
125 111
91 32
35 118
99 37
118 58
41 50
47 102
67 51
36 111
42 38
21 47
43 110
77 54
60 55
6 36
111 117
52 54
73 116
59 95
140 105
77 105
1 55
147 108
124 104
40 54
115 98
121 118
37 107
92 111
52 112
105 35
71 38
113 49
22 33
73 36
119 46
131 110
36 45
95 56
8 46
103 45
3 59
98 119
129 117
26 35
19 37
51 117
123 103
64 39
56 111
8 51
55 41
49 117
98 47
33 112
81 44
33 115
118 115
109 107
42 116
102 40
69 107
27 57
84 94
89 40
67 33
75 112
73 55
35 99
90 96
86 101
5 57
94 45
30 52
125 114
112 95
94 93
34 95
73 115
84 114
67 113
78 114
61 103
21 44
91 51
66 49
32 99
39 102
40 108
116 112
105 104
69 51
127 94
76 102
20 43
96 57
130 111
104 60
71 43
82 116
105 55
66 50
37 97
67 120
112 52
46 53
52 103
136 120
137 104
56 110
45 54
64 97
61 91
117 119
43 47
111 104
99 39
146 101
33 109
88 53
148 93
148 120
96 92
15 36
106 100
23 51
93 39
132 98
4 47
82 44
133 113
5 34
68 33
7 53
110 58
95 120
89 47
96 32
79 115
35 120
75 97
50 48
45 119
69 108
81 119
145 116
17 49
111 54
5 44
38 36
43 108
43 37
82 33
65 97
11 39
41 112
82 52
118 47
66 99
80 46
53 106
146 103
14 42
99 51
86 59
49 57
102 51
10 40
9 48
107 33
103 43
61 37
63 60
113 99
105 116
44 59
39 108
93 48
42 100
17 46
43 33
114 33
78 109
29 53
112 31
61 46
79 43
119 113
113 41
62 56
68 43
105 34
42 92
95 94
60 41
49 112
63 47
50 38
11 42
94 41
89 116
138 100
52 47
44 38
50 43
121 100
100 116
64 95
56 45
35 53
1 34
118 118
52 101
88 109
137 91
44 49
8 38
49 102
97 58
77 117
130 113
109 57
99 34
34 58
73 97
41 48
85 58
22 49
146 93
140 92
72 43
98 43
32 107
54 60
102 41
33 117
76 59
55 92
48 92
112 45
31 40
64 117
68 52
94 57
39 57
139 91
89 58
115 43
127 104
71 49
141 115
99 106
69 119
29 39
56 109
8 54
92 37
75 107
101 36
18 49
20 49
16 44
83 31
101 111
147 91
75 99
112 112
58 99
53 33
144 102
146 94
51 57
30 33
51 36
13 32
87 98
136 116
61 43
108 105
78 33
139 106
14 55
146 116
33 98
68 95
87 48
22 31
54 105
18 60
10 31
30 56
15 51
39 47
66 32
81 93
70 101
38 98
74 110
119 106
139 104
47 58
74 117
103 48
118 46
43 98
118 45
91 117
129 119
101 118
56 31
11 31
126 97
107 93
119 92
109 46
69 43
56 60
112 60
133 99
145 108
131 96
56 56
36 56
106 37
40 96
33 95
92 105
145 119
50 31
134 95
84 57
70 38
129 98
52 116
77 103
117 110
75 37
26 44
69 36
39 32
60 96
17 38
38 51
127 98
81 55
77 108
108 120
73 48
62 39
100 97
64 42
76 38
50 59
47 110
103 50
58 35
61 94
150 94
74 47
119 36
102 34
105 42
150 115
97 115
62 113
66 106
15 54
30 100
55 44
74 114
77 112
92 97
32 95
125 99
35 109
67 55
93 114
74 104
16 37
105 120
55 110
63 106
104 93
112 43
90 115
147 113
88 100
107 47
115 118
41 115
40 97
85 117
104 53
138 101
36 49
96 40
20 45
42 58
63 93
78 41
123 104
49 43
79 45
39 60
81 109
64 58
143 119
44 92
120 31
31 92
28 55
95 113
95 31
67 106
107 43
78 52
41 109
101 98
143 102
116 34
102 104
95 96
45 101
116 107
38 93
132 94
27 58
35 115
38 109
22 51
137 99
88 40
22 60
97 32
90 52
115 97
107 100
100 43
15 53
64 116
121 102
52 115
142 93
38 50
46 49
97 99
110 47
96 113
117 118
97 98
91 38
149 100
109 92
86 47
63 33
82 49
82 110
129 95
101 100
114 100
87 99
58 42
64 31
106 98
66 43
37 100
80 53
25 44
77 38
81 49
103 95
100 53
118 111
113 52
7 57
124 107
4 42
129 107
70 57
145 102
76 51
111 96
116 106
139 98
38 44
93 97
1 36
122 117
117 58
30 47
81 105
55 114
128 112
74 108
115 33
39 44
46 106
3 41
140 93
106 103
97 50
107 45
74 44
47 50
56 108
119 54
33 55
89 93
109 50
101 40
105 36
79 32
135 103
20 46
44 100
34 45
61 106
99 92
55 43
147 96
78 59
112 102
61 101
71 58
36 40
52 41
124 114
78 60
23 42
134 107
28 42
18 54
130 97
52 48
99 114
136 101
79 40
33 113
118 112
45 98
113 119
150 118
57 33
90 118
113 117
54 38
4 37
60 31
140 100
82 96
79 60
99 97
61 58
150 95
119 48
47 114
66 33
67 60
12 38
79 96
108 39
10 49
65 109
134 93
99 50
61 107
138 105
63 42
117 102
20 54
80 103
130 102
116 40
88 33
119 107
66 113
110 40
30 43
80 119
63 40
116 49
85 98
88 115
92 60
61 98
30 38
107 99
25 41
81 113
55 56
137 96
43 54
118 31
23 56
39 43
76 105
100 59
117 37
37 91
76 32
108 101
56 37
82 99
116 55
70 42
111 49
75 57
14 36
100 104
52 120
106 48
88 57
6 37
13 39
80 57
8 35
92 120
8 43
139 102
37 38
46 101
113 114
31 52
2 56
64 120
105 118
68 48
53 52
98 108
19 51
53 94
90 95
78 93
62 38
29 45
35 43
67 117
113 38
7 37
48 116
81 103
81 54
90 93
31 33
43 50
142 120
66 46
97 48
146 106
39 95
52 36
107 110
104 46
109 47
69 120
23 43
30 36
106 51
40 110
84 60
17 32
35 54
33 49
134 117
16 54
145 101
58 50
89 107
118 105
4 48
61 96
113 39
70 45
84 40
82 105
82 34
69 112
128 95
82 43
82 35
81 47
14 50
56 115
114 115
72 113
132 104
48 49
33 57
144 100
63 32
50 49
138 108
89 48
46 60
58 46
112 107
134 102
72 108
109 40
35 113
50 94
91 55
8 32
119 38
142 111
86 55
74 39
78 31
46 41
46 36
25 49
39 100
100 49
86 35
84 102
74 54
53 40
121 119
108 51
46 31
99 103
75 49
75 45
120 53
148 92
123 112
68 38
70 40
79 48
110 34
9 58
49 116
34 110
70 116
49 109
121 97
139 118
110 104
135 109
35 116
15 55
115 92
82 107
60 100
60 116
31 35
102 119
149 119
69 58
61 53
62 91
94 104
115 32
80 33
72 39
16 60
80 116
97 53
4 34
94 44
54 41
101 37
32 35
124 115
87 52
122 118
114 107
38 60
112 94
114 106
59 109
53 34
57 93
115 94
120 117
7 41
40 99
88 41
5 47
113 32
8 37
88 91
108 108
1 32
105 103
106 42
90 102
50 108
104 108
121 117
102 39
103 100
128 92
59 114
2 50
130 112
41 31
90 116
104 117
90 37
86 34
130 107
19 41
14 39
33 52
89 34
111 37
93 43
97 114
113 103
105 52
134 113
14 38
79 101
43 117
26 34
119 109
3 51
96 110
5 59
69 50
117 57
13 56
148 119
116 92
108 100
113 37
44 106
106 107
32 105
123 108
55 40
34 51
101 51
64 43
135 96
51 118
96 103
144 91
35 47
59 34
47 116
79 55
68 94
80 47
99 56
112 91
73 91
8 40
57 50
70 96
101 107
9 38
58 31
78 32
92 43
125 107
31 56
7 38
133 94
42 56
30 48
94 101
57 45
54 115
118 101
99 120
148 113
24 41
83 111
40 35
82 97
147 119
129 104
81 115
34 118
31 39
52 33
66 109
97 94
22 48
73 100
73 44
32 103
64 48
82 59
148 104
79 119
49 34
118 92
45 60
117 99
19 46
49 32
45 114
7 55
53 101
93 102
23 57
51 56
119 97
64 99
49 60
3 54
68 59
60 104
11 52
147 114
77 33
14 60
106 114
90 117
83 115
34 55
143 108
49 110
54 102
71 105
28 31
40 92
43 57
60 58
68 102
19 53
77 106
132 93
79 31
42 113
66 51
37 93
45 95
106 50
107 52
57 105
94 94
126 117
18 57
11 33
95 43
53 37
45 41
97 113
47 95
36 97
84 91
30 39
55 35
85 59
144 112
65 32
128 102
57 43
41 36
114 36
14 37
118 41
109 34
33 91
149 110
115 42
75 117
42 57
21 31
21 34
59 45
38 48
92 112
117 120
90 100
42 36
56 120
129 105
102 98
2 55
21 36
79 117
67 96
138 92
63 114
65 117
56 95
113 109
18 34
53 59
106 111
98 110
40 119
102 33
127 103
93 45
66 92
10 46
123 111
52 56
126 92
90 114
85 101
45 57
98 116
15 34
20 48
115 53
103 103
108 35
61 42
37 47
136 95
35 39
68 47
116 91
30 31
148 94
65 51
71 104
9 39
109 33
99 52
5 55
135 108
28 57
89 54
135 94
112 97
97 37
83 118
21 32
100 113
46 58
61 41
75 100
104 43
43 107
48 44
76 41
106 115
109 117
94 49
145 115
95 49
30 53
25 53
31 96
18 37
53 56
86 42
92 45
150 108
69 55
102 118
135 105
58 36
148 96
123 93
78 106
54 49
93 40
139 115
108 46
5 46
83 116
114 118
80 113
140 111
83 112
44 109
64 35
51 110
75 110
85 114
15 33
54 118
96 45
65 59
83 47
1 43
118 36
104 40
79 91
136 110
4 52
103 118
34 50
104 50
24 56
9 37
65 33
77 32
32 32
150 91
80 49
81 60
60 119
89 98
9 34
79 94
33 107
102 60
7 43
136 93
85 54
80 96
54 92
113 115
44 115
56 33
117 39
60 98
67 38
130 110
114 35
57 91
87 91
46 51
85 103
97 109
10 43
118 97
101 113
29 48
45 47
141 118
143 95
24 47
108 104
20 53
18 32
52 100
27 59
105 94
75 48
104 119
135 100
137 118
37 33
24 38
2 54
1 40
106 49
61 31
70 115
41 42
28 49
83 42
40 56
97 106
106 43
109 44
106 108
99 40
125 118
66 38
139 103
113 44
148 101
109 106
150 119
50 91
84 119
78 118
136 106
74 34
95 118
25 46
54 108
83 97
109 113
68 99
48 104
32 97
40 113
73 38
88 111
67 101
103 57
121 112
111 108
115 103
96 105
95 95
131 93
111 105
1 33
59 93
91 93
63 37
79 109
101 115
78 50
34 104
130 91
66 91
27 54
95 119
73 45
144 107
149 120
89 41
15 57
25 37
34 94
66 110
62 59
102 96
48 97
94 91
16 40
70 109
57 48
22 35
51 120
91 40
52 44
109 45
86 109
134 116
78 97
78 42
115 45
50 120
113 43
94 92
43 55
70 93
86 37
12 42
95 92
104 105
68 106
42 93
150 104
118 91
64 49
139 105
120 60
115 108
106 99
115 114
95 110
50 33
100 109
63 53
119 44
46 34
92 118
64 32
74 52
48 99
36 92
83 96
53 116
92 56
41 58
103 106
84 37
136 105
78 49
52 92
139 95
55 99
95 50
105 51
40 94
133 116
76 108
10 56
7 36
27 46
6 41
46 110
78 104
44 102
30 120
103 115
43 51
5 33
45 107
54 98
6 44
90 48
100 112
89 37
44 97
53 92
109 102
53 31
82 117
76 112
71 106
75 118
69 52
137 97
80 56
92 33
63 49
109 114
92 102
105 117
9 49
19 35
75 50
63 111
142 113
58 91
21 39
115 101
93 111
107 58
50 113
110 50
119 98
103 104
144 105
97 93
147 112
83 117
103 36
35 93
8 45
113 105
11 53
78 45
69 47
51 106
114 55
57 114
66 37
106 106
41 59
120 120
22 34
8 34
120 116
126 96
35 97
39 38
37 96
17 35
138 91
6 53
51 38
110 98
42 55
82 50
62 57
132 114
117 55
55 118
140 91
97 105
120 56
96 49
4 53
80 37
88 50
140 102
29 55
52 32
4 55
140 104
96 104
96 55
32 60
56 35
55 101
8 52
52 110
8 41
53 58
48 51
69 104
27 47
77 55
104 47
17 59
120 95
40 33
84 46
126 99
27 55
32 44
13 54
86 117
36 43
105 46
108 49
67 118
51 48
31 31
50 97
46 105
69 48
18 43
87 94
29 36
35 31
47 31
63 103
5 49
60 92
143 110
5 39
139 110
133 107
24 57
76 47
95 47
64 104
148 116
92 91
46 37
48 101
82 120
45 49
112 58
144 101
86 39
35 100
45 39
127 119
74 111
55 53
133 104
70 54
48 93
84 92
59 120
31 120
58 32
128 115
38 104
93 41
13 43
111 41
24 37
75 115
54 34
42 48
53 41
36 103
95 33
11 36
134 115
123 119
34 37
111 51
73 31
101 54
68 104
145 94
49 54
58 109
28 56
17 44
57 42
6 38
83 110
78 102
91 56
127 102
77 95
43 38
71 48
125 104
140 120
135 113
51 33
114 108
71 119
113 46
41 93
98 92
2 59
4 35
78 107
38 108
41 111
3 49
105 114
111 52
70 47
11 43
42 54
7 46
60 102
84 108
37 92
89 39
150 92
6 57
47 111
84 118
42 51
120 118
93 36
36 44
70 118
104 51
21 56
68 39
36 50
106 57
132 91
7 56
97 55
43 44
37 36
110 42
135 112
134 99
18 33
80 60
74 118
40 49
85 112
15 38
53 55
77 119
43 102
46 98
83 44
115 107
56 117
49 92
19 42
34 97
117 111
50 112
75 95
39 118
115 110
94 99
22 46
54 59
41 51
13 58
115 49
93 50
81 50
19 57
125 98
111 103
91 47
71 109
49 113
34 34
42 108
132 113
93 44
63 34
17 31
75 104
31 102
123 115
97 42
145 99
115 115
47 45
34 42
99 57
68 113
10 42
34 49
62 119
107 49
77 43
77 111
51 101
100 46
119 50
19 45
63 112
41 37
101 106
57 98
16 41
29 37
101 97
90 98
45 92
111 48
13 48
149 92
61 49
98 39
78 58
38 116
101 110
111 53
49 58
49 51
90 51
48 36
72 94
108 93
10 36
46 115
105 33
93 109
111 59
91 118
43 36
76 118
96 33
72 54
91 115
29 35
12 32
88 103
67 92
120 119
124 118
107 51
77 116
71 39
10 57
20 60
55 36
84 110
6 40
36 109
74 60
29 58
42 102
149 112
111 91
17 47
69 96
83 55
79 118
135 117
51 92
136 119
113 57
72 107
41 103
72 109
52 46
62 32
46 54
150 101
149 111
72 111
58 107
19 49
35 108
96 94
113 45
113 93
104 116
4 57
106 118
92 38
121 91
51 54
139 108
76 120
82 36
39 50
1 58
108 57
133 91
37 57
38 49
7 58
109 53
28 40
128 91
83 46
86 99
40 58
116 56
32 108
56 119
112 49
57 53
114 93
47 104
128 100
92 103
41 55
111 101
11 60
19 47
74 46
114 51
120 97
36 54
59 104
95 55
94 60
81 53
67 100
20 36
141 112
91 34
118 35
13 31
91 46
89 36
14 48
31 107
138 106
98 45
146 110
62 107
144 117
99 58
105 49
108 99
82 46
67 47
103 53
36 38
119 102
47 98
50 55
88 119
78 95
71 91
48 57
74 120
78 37
107 35
59 97
52 43
46 38
59 50
107 118
67 53
56 112
96 112
16 47
67 50
71 103
69 102
73 103
128 99
76 53
133 119
131 101
102 38
39 55
40 112
132 115
56 113
64 56
81 34
98 118
66 117
96 91
30 55
95 60
7 45
109 56
80 106
9 40
32 48
42 114
70 99
21 38
97 38
69 113
138 104
108 56
134 98
9 59
53 32
36 98
37 42
70 110
104 54
87 40
100 101
57 101
20 59
56 91
99 101
77 50
114 103
20 56
141 101
101 47
66 58
12 54
35 101
83 40
91 119
117 52
109 112
45 113
75 116
88 43
28 41
100 91
78 36
61 35
55 60
8 57
96 42
49 46
84 99
132 106
31 112
96 96
42 120
82 109
86 41
133 108
147 110
125 100
38 94
116 47
56 118
139 116
54 52
129 112
99 94
92 110
12 59
55 59
72 58
21 42
72 101
18 36
132 118
60 120
54 32
61 99
101 60
94 42
40 60
26 40
40 52
81 117
54 40
43 31
97 31
107 39
11 50
142 110
50 106
41 91
123 118
69 116
27 32
28 33
39 116
91 100
94 118
33 33
39 110
145 98
78 56
37 55
120 44
75 34
85 104
31 94
119 42
26 55
145 107
58 41
92 42
92 117
107 114
90 101
44 31
85 120
42 43
30 40
36 105
10 37
10 33
112 35
49 33
133 117
131 115
107 50
56 100
44 116
64 45
27 56
14 56
109 110
8 44
136 109
90 41
137 112
123 105
139 109
110 96
17 34
100 106
52 95
102 37
72 118
31 54
90 60
59 55
87 106
48 58
62 104
38 114
39 56
15 58
21 53
117 45
31 47
66 108
58 44
119 57
93 59
104 97
97 107
75 31
43 32
87 100
72 42
43 105
43 103
39 104
55 96
114 91
110 107
116 93
84 55
94 40
92 93
115 59
95 41
41 54
73 96
80 105
4 32
100 55
17 45
21 41
13 35
90 106
68 110
14 34
83 43
97 45
16 36
57 59
20 47
125 109
34 112
62 112
63 57
9 57
67 114
36 110
20 31
1 54
149 114
63 39
145 106
80 98
53 53
21 51
125 96
49 31
102 95
66 55
60 118
133 97
50 44
135 115
123 120
45 104
6 33
75 53
85 113
63 107
126 114
24 31
126 105
73 108
93 37
149 108
74 35
30 93
139 117
141 105
120 110
116 44
16 59
127 112
54 96
104 32
111 120
73 49
140 119
67 31
92 116
131 116
105 100
77 113
9 60
33 50
44 54
31 101
95 106
91 49
106 94
18 55
136 99
128 114
4 46
38 96
34 36
109 115
92 119
46 48
136 97
19 58
59 119
107 101
142 108
33 114
148 98
87 95
6 48
136 115
131 106
137 98
58 113
13 53
76 60
119 51
41 38
114 46
127 118
47 41
130 101
122 120
25 55
106 31
100 96
61 93
105 54
32 115
40 91
60 113
139 94
13 55
22 40
118 33
102 103
70 105
113 110
85 43
8 31
34 39
100 40
107 34
136 96
117 95
49 94
67 99
110 109
36 46
36 102
49 53
104 102
25 58
22 54
104 110
116 35
69 95
74 31
4 43
63 43
74 112
130 119
86 114
99 116
100 92
78 34
93 112
61 112
88 114
81 32
35 60
64 108
65 105
57 102
110 101
87 109
24 36
121 111
45 96
123 117
133 115
51 104
30 49
86 107
22 59
92 95
101 32
2 35
138 97
128 116
108 47
50 109
64 91
124 94
71 45
33 102
119 96
39 96
69 117
107 59
107 48
87 36
63 58
46 112
78 96
13 40
105 102
27 49
73 110
23 40
120 108
24 54
84 109
69 35
40 44
93 56
106 105
4 51
77 114
3 46
101 93
93 34
30 42
113 40
115 109
61 59
98 93
84 43
96 118
85 107
110 56
79 59
45 52
108 42
84 59
104 112
44 39
135 114
44 96
91 54
76 42
34 103
24 42
87 51
8 56
81 35
24 48
77 101
125 106
85 50
142 100
55 57
77 99
58 112
88 51
55 116
53 110
37 59
37 101
78 116
147 116
54 48
137 101
41 119
52 39
63 46
92 32
35 106
92 46
30 109
86 93
78 38
81 104
82 114
63 52
120 91
59 106
53 60
135 93
68 120
89 95
23 45
126 104
88 113
74 98
145 93
133 105
139 120
113 100
17 42
76 45
4 58
45 117
52 111
97 110
121 113
43 112
80 41
145 91
34 59
43 94
91 109
150 105
68 92
31 91
57 109
110 112
80 40
32 54
11 38
75 44
130 114
55 120
94 120
91 45
51 100
28 53
117 101
42 105
85 34
2 42
52 59
47 39
105 113
16 39
20 34
54 103
125 119
88 58
24 35
120 107
72 93
142 109
66 48
80 107
83 38
110 53
46 99
4 36
50 37
106 34
81 102
25 42
94 115
114 99
144 93
57 112
150 96
129 108
77 60
35 96
96 99
63 56
5 37
92 44
74 115
148 107
68 34
93 99
39 42
37 115
110 95
110 105
106 38
90 38
128 107
35 56
71 51
89 118
80 104
109 58
57 58
104 59
49 111
62 41
127 105
44 95
133 111
83 41
120 109
137 106
3 31
150 114
109 55
32 51
73 120
123 109
25 39
97 100
113 33
98 107
115 55
34 113
15 49
71 113
8 36
107 56
71 56
106 119
58 93
104 34
90 54
122 115
89 52
84 56
103 56
30 91
70 34
71 31
26 33
121 106
25 31
104 115
94 47
50 105
60 51
21 33
18 48
72 104
114 48
144 116
89 92
114 56
142 118
46 119
150 117
20 37
60 115
125 93
84 42
115 113
141 91
113 92
25 32
112 55
102 42
96 51
72 99
92 49
15 60
31 110
39 54
101 49
134 118
48 94
140 103
72 60
63 117
28 46
66 45
11 45
62 53
9 47
83 100
132 103
47 52
44 52
71 44
29 49
61 47
105 97
148 109
60 109
113 59
41 107
82 32
8 53
108 60
6 42
106 97
30 114
82 55
70 44
74 119
15 40
9 46
130 104
92 100
2 33
120 94
6 47
70 36
5 36
83 56
15 41
104 99
109 49
107 41
11 55
124 116
59 56
89 42
29 57
100 41
118 38
101 55
119 47
55 50
141 114
52 96
124 103
69 32
116 33
41 120
71 60
58 100
89 44
78 100
10 54
22 55
107 96
85 37
30 98
96 41
20 52
71 110
66 118
68 93
47 49
52 55
149 96
120 40
59 33
76 98
98 115
69 111
116 41
33 100
85 110
59 91
93 92
44 56
52 97
37 49
141 103
98 41
43 46
90 45
92 94
118 95
11 54
79 111
120 112
116 115
101 43
57 117
88 31
53 38
3 45
33 51
118 106
125 113
110 97
98 113
30 46
87 45
87 93
110 48
53 47
35 110
93 103
110 38
110 114
115 47
83 106
72 47
143 117
115 52
73 53
70 52
49 107
24 32
118 32
127 106
66 52
57 41
102 114
99 41
132 97
106 113
54 119
35 38
84 53
67 44
120 46
32 56
109 31
13 47
43 43
115 116
55 55
126 103
44 33
96 43
85 45
44 111
59 54
117 54
104 96
36 107
135 99
61 54
126 94
107 107
70 119
24 44
52 107
137 119
116 100
84 36
30 104
38 92
67 37
72 37
101 48
105 109
78 53
132 102
24 33
84 107
8 42
86 57
51 102
148 97
73 33
93 32
59 38
137 107
51 114
83 103
50 115
127 97
42 39
85 118
50 35
116 31
32 34
106 102
109 54
99 108
19 36
82 115
61 57
106 109
14 59
65 46
80 32
130 108
47 119
12 41
97 101
36 57
114 92
34 43
76 54
111 112
130 93
69 38
90 39
86 33
59 31
112 96
65 112
81 94
115 91
132 117
80 108
120 93
100 47
105 31
29 38
81 41
120 35
17 60
64 100
57 99
89 55
19 44
2 60
110 92
35 98
143 111
27 40
36 108
115 93
3 48
71 94
116 111
120 114
6 46
102 49
110 116
31 103
51 44
79 114
53 35
49 52
141 93
96 44
79 97
97 111
2 47
38 102
129 101
62 50
111 38
82 57
118 120
85 99
63 91
87 101
107 95
44 51
66 36
109 59
92 92
118 116
45 48
40 42
38 32
35 35
44 57
83 107
84 93
86 102
61 111
2 44
61 110
112 46
120 52
122 113
110 102
83 105
77 115
99 35
31 59
40 50
66 59
13 50
107 105
98 50
54 36
124 97
107 94
100 114
126 118
120 111
42 117
88 37
37 103
78 39
53 93
106 92
112 120
67 91
96 98
51 40
70 91
82 104
82 60
100 36
65 44
80 38
17 52
82 91
17 40
17 36
149 102
48 52
117 94
30 35
75 106
132 100
101 57
31 37
94 112
101 91
49 100
67 119
36 118
83 109
63 48
147 120
65 58
79 54
60 59
136 107
54 104
113 98
139 99
137 102
111 58
86 96
88 99
102 110
48 56
46 56
62 103
57 34
50 47
6 35
37 111
100 52
25 45
113 54
40 55
90 103
111 113
105 107
49 115
103 117
50 56
89 50
46 32
50 104
54 117
64 37
26 47
98 32
67 34
96 52
60 40
148 111
30 105
87 111
32 117
58 92
75 111
141 111
137 114
43 118
1 37
133 114
20 58
19 32
67 43
51 109
68 51
62 120
86 104
32 46
108 48
98 117
95 91
78 91
87 32
82 111
54 43
97 41
119 99
46 104
101 96
14 33
65 110
42 96
132 108
77 102
131 118
74 103
33 54
112 108
39 106
48 47
31 117
75 54
73 43
75 113
110 46
36 53
107 116
89 56
117 50
58 94
14 45
16 43
125 110
64 103
3 60
58 106
137 92
91 36
96 53
53 100
34 116
112 41
64 119
40 53
101 46
44 37
24 52
24 58
86 106
138 119
109 38
30 44
144 98
109 97
90 113
39 53
8 48
27 45
68 57
90 104
10 52
78 47
87 53
76 33
52 106
137 111
17 58
90 42
92 96
37 95
143 106
83 91
67 103
143 112
43 119
145 109
89 46
88 54
138 117
109 51
122 98
103 116
124 95
85 94
100 95
97 35
57 119
97 43
54 116
21 48
52 42
20 38
17 51
11 37
1 50
102 57
103 60
131 108
111 93
91 50
76 35
100 60
138 107
88 107
11 41
56 48
115 44
106 116
89 57
43 111
129 94
41 114
84 31
136 98
77 41
14 40
38 56
76 117
81 46
32 38
134 112
80 50
67 95
116 98
130 120
84 115
20 55
93 38
112 104
108 118
61 102
45 105
132 92
19 50
110 41
108 44
118 51
17 37
124 101
74 48
117 100
12 56
20 39
56 59
71 50
28 32
58 54
125 94
90 56
80 112
83 108
140 116
141 104
51 119
44 112
127 91
4 40
144 119
121 110
142 99
31 118
66 60
48 119
84 100
102 36
146 97
44 104
122 112
66 120
80 45
110 36
29 52
117 105
85 115
62 54
16 45
95 116
102 113
15 44
71 52
146 114
76 44
74 45
59 118
73 94
11 59
75 51
93 46
50 53
98 34
59 94
50 98
100 39
127 114
11 40
85 111
109 39
108 45
55 115
98 49
93 117
114 97
71 96
50 116
74 43
100 93
22 47
132 99
60 107
102 43
81 101
142 106
24 34
43 99
77 120
92 51
9 35
74 57
53 54
60 44
101 52
123 96
69 105
51 42
99 110
9 52
15 32
88 55
58 34
147 102
103 42
56 36
49 45
92 36
1 57
99 31
50 39
91 58
29 50
75 114
34 99
96 48
3 39
54 95
31 97
56 94
33 40
120 57
131 94
107 120
28 38
91 37
50 52
99 118
70 43
118 107
14 31
117 96
53 119
16 53
136 111
98 100
113 118
79 44
92 58
99 36
135 118
10 32
146 109
91 39
50 114
134 110
81 106
87 55
23 38
35 36
122 103
61 50
47 118
62 102
64 110
48 42
53 111
54 97
42 59
79 39
29 41
44 55
64 92
55 52
100 118
105 50
117 103
56 97
52 58
102 52
74 106
99 47
19 56
15 46
99 33
109 48
107 46
59 32
44 107
46 117
20 57
122 97
103 110
36 101
114 58
85 53
69 31
79 53
79 46
95 53
35 40
69 97
58 105
20 44
142 92
86 116
142 98
33 60
32 110
53 36
67 104
119 101
124 102
87 96
66 53
79 106
89 91
37 116
116 97
38 100
58 118
52 105
101 103
118 108
93 42
88 120
75 91
93 51
27 53
25 35
76 31
105 47
149 98
4 45
17 41
142 96
31 108
117 31
15 43
130 116
105 110
107 53
18 38
149 109
49 59
32 96
117 117
62 109
23 59
60 106
104 36
88 110
102 100
40 101
144 111
6 52
95 104
35 92
30 119
83 113
65 103
66 102
95 37
32 100
108 97
116 48
81 111
134 105
62 55
87 58
15 42
91 108
144 114
42 32
79 52
18 40
43 109
53 97
65 106
93 104
78 40
107 98
54 58
91 96
73 54
46 114
90 58
44 114
102 107
95 105
35 55
41 32
136 102
149 104
112 110
142 114
120 39
66 100
79 120
85 52
70 59
149 118
98 51
78 98
64 112
65 108
64 93
4 41
9 32
29 40
64 113
111 106
150 113
60 32
23 54
137 94
70 120
74 94
22 41
31 48
92 106
78 48
92 39
71 57
112 44
98 91
145 95
36 60
34 100
121 92
115 39
123 102
71 35
114 32
75 58
56 103
58 49
41 45
43 93
112 116
127 96
118 59
114 60
56 104
118 40
65 34
42 97
61 56
33 41
99 44
35 41
62 108
12 44
105 43
53 102
68 114
115 111
77 118
66 44
91 98
27 36
81 52
43 106
87 103
12 45
121 103
18 46
98 106
65 116
119 100
118 114
59 44
15 48
60 38
83 58
40 57
75 109
38 118
47 48
99 105
17 56
144 118
107 40
113 48
68 50
109 43
26 50
36 114
60 57
63 98
35 117
105 112
47 47
43 39
85 119
129 92
51 105
23 48
79 35
56 114
70 107
85 56
60 97
59 52
130 94
78 43
67 111
75 92
76 55
127 109
11 56
32 41
117 92
120 38
146 105
24 45
85 57
64 38
33 56
23 33
23 60
113 97
117 60
108 109
115 99
130 98
109 36
23 36
68 101
72 103
97 112
150 102
116 57
90 49
34 114
119 53
121 99
76 113
47 46
65 92
57 39
103 94
148 106
93 49
7 32
39 117
80 34
130 100
5 48
54 120
76 101
47 56
6 43
115 106
22 43
121 93
93 55
64 96
117 108
20 35
112 103
52 60
57 106
32 94
135 116
32 49
78 119
87 54
72 100
115 31
12 57
129 91
100 103
142 105
137 108
53 99
87 116
114 119
124 117
107 55
50 95
25 60
66 31
78 103
90 107
94 108
98 56
62 92
8 58
57 107
113 120
80 51
87 46
84 45
99 95
12 40
84 105
78 99
74 97
8 60
116 113
49 37
147 107
104 39
37 40
10 35
147 106
81 116
11 58
56 53
46 44
81 92
72 106
70 102
142 116
72 45
45 34
55 112
22 53
44 103
110 59
48 105
36 113
62 110
121 98
38 39
9 43
54 35
53 50
122 102
141 120
74 101
1 48
105 48
79 58
147 92
86 32
84 98
50 100
145 117
80 114
70 112
69 115
55 106
39 31
57 111
88 98
71 42
37 41
81 120
69 39
82 98
146 118
37 45
37 48
88 116
128 108
79 49
72 49
139 96
141 106
104 57
42 103
121 105
116 119
8 49
106 35
93 47
82 92
36 55
25 52
104 118
12 34
114 120
104 56
114 102
38 117
91 92
38 59
83 52
48 91
60 53
46 111
78 113
32 40
11 57
77 39
103 98
25 43
99 111
111 102
117 34
74 96
72 59
120 45
75 35
16 38
92 109
40 107
141 109
134 91
62 45
12 47
35 94
52 118
54 106
3 44
76 104
3 42
49 118
82 31
146 102
31 109
129 103
123 113
94 53
135 98
87 104
7 49
116 120
38 41
140 109
26 38
82 95
102 91
61 48
79 116
106 58
11 34
50 107
9 53
2 45
115 54
85 39
119 33
119 115
145 120
114 37
121 109
100 119
82 106
39 91
124 93
44 98
1 59
95 98
115 35
144 94
47 33
113 102
59 113
52 113
121 96
119 35
50 103
106 44
41 52
62 36
45 94
4 50
106 56
45 111
80 36
26 54
46 55
22 38
73 60
31 106
105 99
63 102
41 98
52 119
61 105
94 103
100 58
49 40
34 31
96 116
21 57
75 46
126 112
6 49
96 47
31 53
39 111
3 36
87 107
101 31
102 106
141 119
42 95
7 44
49 35
33 93
60 94
56 101
38 58
81 100
108 31
54 55
85 49
51 34
42 44
120 102
117 47
120 104
23 37
9 42
11 35
39 46
98 98
149 95
111 92
36 47
30 94
47 55
107 103
63 108
47 36
20 41
107 109
140 113
37 46
13 45
50 54
84 52
111 100
40 51
57 113
60 103
60 101
53 105
112 113
82 103
66 54
131 99
31 99
134 120
72 112
41 34
27 43
104 114
130 105
81 110
103 93
148 105
57 110
81 114
117 48
79 107
121 116
74 102
57 100
84 32
2 52
61 51
51 98
65 38
53 43
58 102
36 119
80 39
143 94
143 98
62 98
69 37
89 101
60 110
134 100
88 112
23 46
37 56
25 54
24 59
62 117
88 45
110 100
60 99
81 56
67 98
36 115
56 98
12 37
52 102
69 103
103 102
127 117
44 53
63 100
68 42
89 49
124 96
17 54
72 105
90 92
65 107
118 109
87 35
104 107
75 47
48 59
101 92
83 119
79 93
123 106
102 56
104 38
90 110
122 99
116 108
122 110
106 101
43 48
39 97
101 119
31 45
24 40
112 33
82 47
97 47
96 107
77 35
2 41
140 117
116 102
101 50
40 45
47 93
57 37
48 117
141 100
96 50
77 40
61 117
122 119
117 59
70 113
29 43
47 96
75 105
17 33
110 113
47 35
37 94
90 40
32 58
75 33
79 56
41 35
106 117
37 37
58 43
38 47
136 118
76 106
55 91
26 49
67 57
78 54
54 113
63 99
37 114
45 110
70 98
97 56
86 97
92 48
128 98
1 51
102 31
88 59
89 33
117 38
32 101
140 112
27 39
102 115
87 118
45 97
150 116
66 34
123 114
106 45
143 97
46 94
81 48
128 111
135 92
22 58
59 96
74 53
14 46
44 58
115 51
94 107
130 117
27 33
59 108
115 56
94 56
20 40
65 31
109 109
134 104
7 51
44 48
65 100
32 55
112 92
45 32
76 94
114 41
52 117
120 96
140 94
77 91
132 111
110 39
119 114
44 117
61 92
73 102
52 109
97 102
63 94
145 92
101 116
62 100
62 95
107 113
19 38
141 98
52 31
58 53
119 52
66 112
33 39
34 48
49 103
47 44
18 45
99 45
85 106
34 53
108 98
140 98
106 110
106 55
109 94
143 91
109 95
127 115
107 54
95 97
99 93
137 103
23 49
40 31
43 60
114 57
58 101
117 41
88 118
31 114
84 106
113 55
71 40
91 120
118 42
49 114
85 41
53 57
101 101
69 99
105 91
78 44
129 115
58 45
116 103
91 41
134 97
77 93
117 91
48 55
38 115
113 111
147 98
69 101
112 119
95 115
69 54
44 40
131 120
15 37
41 39
37 110
76 56
45 45
17 39
30 96
60 105
71 92
103 41
89 53
120 105
60 95
32 114
68 58
40 111
33 110
7 59
96 117
116 96
13 57
52 93
77 36
5 58
39 98
128 110
21 49
42 47
27 50
66 40
80 109
74 32
106 60
88 34
136 117
93 113
45 118
103 101
64 109
67 56
64 54
56 105
76 57
116 110
122 114
51 47
54 54
11 32
122 91
16 35
88 117
60 49
42 34
7 40
96 60
98 42
71 95
7 35
34 35
31 46
114 47
118 110
27 35
68 115
147 99
41 101
140 99
76 111
105 60
103 49
51 111
42 119
87 57
71 34
50 96
66 107
94 51
46 93
27 42
45 91
88 38
109 105
45 31
89 97
79 102
58 52
143 99
142 102
2 31
89 109
69 57
144 95
33 96
77 104
59 92
9 56
83 104
19 54
51 43
104 37
90 36
97 108
129 111
82 112
89 106
84 113
27 51
89 117
34 47
10 53
15 59
2 58
29 47
118 93
30 97
85 46
112 47
3 56
148 110
75 119
119 104
114 44
114 112
98 94
56 44
148 91
93 118
78 117
83 102
21 60
91 53
112 111
99 43
128 101
93 120
125 116
50 40
117 112
64 115
126 119
102 94
82 93
115 46
98 99
36 58
71 33
25 34
147 105
40 46
76 97
17 43
37 54
96 38
87 42
98 111
51 59
88 48
79 57
142 104
118 98
45 51
104 91
100 32
65 54
111 47
149 103
32 52
94 48
56 32
97 51
118 99
41 106
88 46
100 100
30 45
57 55
46 97
110 45
36 34
82 58
36 104
25 48
57 120
48 60
71 107
86 94
130 99
111 50
82 119
6 32
115 119
65 36
85 92
117 43
117 33
32 113
32 45
53 115
40 37
80 100
37 44
84 120
129 97
59 35
72 95
66 104
64 46
39 94
24 60
36 32
81 91
33 47
93 53
122 101
53 118
23 39
108 115
87 43
39 34
23 53
34 32
80 31
21 37
42 109
81 58
147 93
37 51
80 115
112 98
76 100
144 104
37 112
127 111
74 50
141 107
40 48
7 42
89 112
111 107
49 44
48 41
17 48
103 55
137 120
80 92
13 52
148 117
96 58
108 106
49 99
88 106
42 107
42 46
144 115
59 37
97 33
2 49
47 57
96 109
138 102
149 91
53 113
113 31
123 100
106 46
125 112
31 100
52 57
31 119
49 48
46 43
8 59
128 106
35 114
146 111
116 59
37 98
4 33
87 39
41 108
113 36
118 50
113 58
71 37
35 112
14 58
110 111
67 40
63 41
36 96
113 108
127 92
94 46
77 96
85 60
93 105
141 117
77 56
40 34
74 107
49 105
131 114
62 58
104 103
40 118
17 50
71 54
120 101
62 97
8 50
37 39
79 50
102 105
113 35
112 32
132 96
67 45
60 60
72 50
138 116
96 119
98 48
86 95
70 46
21 55
14 47
56 99
116 50
87 113
108 119
115 104
136 100
88 104
66 56
96 111
137 105
116 42
108 96
60 50
67 108
26 56
118 94
148 108
47 42
106 33
140 106
19 59
3 50
112 57
16 55
97 97
52 98
126 98
87 92
63 36
88 44
2 32
118 53
146 100
98 120
41 116
40 115
105 38
93 107
58 96
92 41
121 95
91 52
11 51
98 95
71 99
81 39
94 100
54 37
39 48
31 43
150 97
103 107
115 48
47 92
25 56
55 38
140 108
62 48
70 35
35 57
109 103
72 56
67 36
67 46
143 103
90 119
33 58
42 106
65 101
72 96
72 55
74 113
77 59
142 97
13 34
36 31
133 98
22 36
78 110
142 103
61 119
98 103
92 34
79 51
51 58
120 113
37 108
89 108
12 52
27 37
62 106
79 105
38 45
29 54
73 57
33 59
61 116
74 41
60 117
25 57
56 93
49 96
39 109
75 102
33 108
27 41
61 114
120 47
48 111
77 110
37 105
76 43
50 57
138 98
31 111
92 101
44 47
120 54
2 38
97 46
141 116
134 103
110 37
91 60
5 32
103 31
79 38
144 108
110 54
35 46
130 95
74 58
46 59
99 60
76 36
26 31
134 101
35 51
21 40
50 46
50 51
112 101
117 114
82 113
95 111
60 36
46 120
63 38
102 111
116 116
33 105
37 118
112 51
101 108
20 32
85 105
48 100
61 120
85 95
120 51
112 59
117 93
60 39
55 49
93 101
114 96
112 54
131 98
36 116
3 40
61 104
65 43
47 108
98 102
87 115
24 39
55 39
34 101
110 32
52 51
16 51
33 94
39 99
84 111
48 43
33 97
89 111
146 108
108 38
115 58
48 120
101 102
52 91
32 98
43 58
104 109
82 41
71 100
43 113
100 94
106 120
20 51
65 47
86 112
63 97
44 35
33 106
77 100
108 41
89 59
101 58
134 94
102 102
87 49
60 52
65 37
106 41
47 109
70 33
34 41
115 37
74 116
126 101
31 34
68 103
55 117
48 108
126 93
66 101
66 96
96 115
82 37
110 91
136 113
108 116
36 41
79 34
85 51
61 32
47 40
95 35
95 114
32 50
47 53
120 100
86 36
37 113
109 99
47 106
108 33
104 111
4 49
1 60
115 100
7 39
117 36
75 94
119 45
68 117
62 60
93 94
41 92
102 99
49 120
107 57
46 116
30 95
143 93
147 117
148 99
88 56
22 32
89 31
94 59
146 120
56 34
65 115
122 107
43 100
33 31
119 117
76 40
12 46
125 91
116 39
81 33
14 35
129 93
38 54
80 42
79 95
104 33
63 119
105 39
100 31
16 57
75 41
100 98
26 52
58 116
33 120
94 106
70 48
98 112
57 115
57 40
102 32
30 118
83 36
67 102
97 119
119 108
2 43
113 107
92 47
72 41
38 46
90 44
145 96
109 93
39 37
58 33
120 43
87 119
119 31
5 50
59 98
35 50
113 47
125 97
59 49
115 102
86 115
125 95
55 111
44 60
133 100
97 36
119 40
86 52
26 48
103 96
78 105
23 41
68 108
30 112
53 107
64 118
93 110
148 102
35 104
99 48
101 95
138 94
114 43
91 91
104 113
96 93
1 39
144 97
142 115
42 91
145 97
116 54
33 45
32 59
49 106
112 53
32 102
132 109
42 101
48 112
98 52
93 95
25 38
91 35
87 59
150 109
45 59
31 49
41 118
98 60
44 99
51 31
90 99
64 94
14 44
88 52
4 31
1 53
136 103
38 31
106 52
112 38
3 52
70 103
86 54
61 100
110 43
114 114
32 47
9 50
39 105
4 60
67 110
91 113
81 42
31 32
25 50
102 48
83 50
61 55
40 38
71 47
39 114
122 111
128 118
15 31
136 91
60 37
105 45
35 107
80 102
60 54
147 100
55 107
121 114
102 50
36 91
105 59
78 35
117 44
57 118
23 58
77 57
110 35
61 115
91 105
41 49
16 50
137 109
76 109
98 35
145 110
138 99
89 32
25 51
55 42
70 50
26 51
55 98
92 50
98 37
55 32
65 118
45 93
44 36
134 114
115 112
106 104
109 91
141 99
49 104
56 47
74 49
76 103
1 47
120 99
26 39
73 101
102 108
100 45
72 98
131 104
81 45
13 33
76 96
62 52
49 41
105 41
99 55
102 92
99 102
36 95
69 46
18 51
56 39
95 34
123 110
48 48
84 50
37 109
128 104
124 113
97 57
41 41
42 60
115 41
36 51
88 96
55 47
118 54
131 92
4 56
46 103
44 42
120 58
34 119
77 47
46 52
117 56
120 32
1 35
138 110
56 50
111 33
41 43
64 107
128 93
118 39
83 57
76 114
110 103
95 99
127 120
89 94
64 114
86 120
50 34
126 120
43 45
82 48
116 45
104 95
52 40
78 51
97 91
115 38
104 100
75 56
46 42
136 108
103 32
71 98
62 115
53 46
92 59
111 60
40 41
34 107
129 102
45 115
47 113
147 94
40 100
74 100
2 37
102 47
38 111
105 111
77 48
95 107
76 99
117 42
128 103
50 58
91 104
68 37
44 41
65 60
109 42
95 108
18 59
18 50
102 93
71 108
34 46
82 40
39 92
104 41
91 44
90 97
18 42
87 38
131 107
47 105
118 100
84 116
58 47
54 53
30 116
115 96
71 112
37 102
45 35
6 59
43 34
90 120
49 56
51 95
150 112
51 37
68 112
130 118
19 55
35 52
135 101
40 116
93 96
89 99
85 91
94 43
86 113
108 53
109 35
54 101
21 50
37 53
60 46
34 40
5 41
9 41
90 33
132 116
124 98
131 102
61 34
112 42
46 35
130 115
103 40
114 49
35 33
105 98
4 54
131 97
144 113
90 32
111 118
121 104
124 92
125 115
46 45
59 57
32 36
88 95
113 106
76 52
61 108
131 95
148 115
12 35
38 55
111 114
38 105
112 37
145 105
33 111
40 117
91 99
112 34
57 57
118 37
50 42
73 50
138 111
101 34
80 35
116 94
115 57
144 106
77 34
46 40
48 107
52 114
62 51
55 31
63 118
36 52
47 38
116 38
110 55
141 96
14 43
71 93
96 35
115 105
44 43
78 108
110 99
120 37
147 95
92 52
107 37
76 49
119 112
26 59
80 48
114 116
103 38
84 38
33 118
67 115
101 114
32 112
80 117
10 48
41 47
79 104
1 42
31 60
119 37
69 106
26 45
119 43
110 94
92 55
32 109
109 119
134 106
108 95
79 37
113 104
35 91
126 116
44 32
126 110
102 35
126 115
46 39
36 35
31 55
56 46
80 93
113 60
129 96
90 47
63 44
87 108
57 116
62 99
94 111
15 52
98 97
119 56
61 109
64 105
96 59
63 35
46 50
111 97
30 101
63 54
141 108
93 60
60 34
111 40
95 44
45 106
133 102
54 45
81 107
80 111
36 37
10 50
72 119
75 60
80 44
93 100
57 94
83 34
71 36
67 105
86 108
119 59
70 55
125 103
30 117
46 57
34 93
34 115
82 39
108 40
139 107
47 115
7 48
30 111
131 113
60 43
50 101
149 93
43 42
39 33
51 32
69 33
75 96
67 94
110 52
77 97
140 118
68 107
93 31
112 56
114 104
101 56
148 118
114 95
80 55
75 120
122 94
105 105
27 44
52 35
2 48
34 54
118 48
41 100
22 45
111 94
146 115
89 51
9 55
116 51
125 120
73 114
90 50
33 103
70 41
72 120
24 43
143 115
149 113
92 108
77 92
76 34
27 48
104 48
123 107
51 51
63 45
110 49
52 52
40 114
5 54
106 59
23 44
64 98
15 56
59 48
87 117
48 102
114 38
37 120
69 44
143 107
16 42
63 115
131 103
29 34
108 102
5 42
82 118
45 50
64 60
50 41
56 58
40 105
20 33
70 49
65 55
72 114
38 52
93 93
42 111
68 36
113 101
99 104
105 95
58 95
106 40
37 60
96 95
104 104
150 120
40 59
69 118
111 98
51 116
41 95
31 113
68 53
34 117
91 102
66 119
100 115
133 93
110 93
61 60
28 54
138 93
129 118
141 94
51 35
68 91
73 47
55 54
24 49
95 40
41 94
44 108
136 92
47 59
108 117
111 56
32 111
43 95
36 39
59 39
54 50
43 96
57 47
117 53
141 113
61 40
38 97
12 31
55 94
33 35
63 50
138 109
72 31
83 101
35 45
27 31
26 32
103 59
85 31
114 50
123 92
39 115
70 58
21 52
48 39
59 41
88 94
57 56
120 115
103 47
17 55
66 94
3 34
103 46
125 108
58 60
101 39
106 53
97 34
74 93
104 101
53 98
123 91
116 43
105 37
47 107
95 109
135 102
139 111
103 37
81 38
112 99
26 42
86 50
27 52
102 58
32 37
124 99
114 111
143 100
108 112
116 46
85 36
141 110
96 31
67 58
