150 150 5210
48 27
80 86
118 140
110 67
108 39
48 38
100 93
127 64
58 122
67 26
88 1
130 32
106 59
129 65
138 140
66 59
8 4
67 45
106 61
38 100
99 88
150 64
88 33
119 96
58 81
77 84
8 64
40 131
127 68
29 54
50 57
77 129
29 64
8 17
137 117
100 87
20 99
70 54
99 128
146 36
79 111
129 4
148 39
46 6
10 30
108 18
127 51
150 23
28 27
90 52
68 6
58 136
149 13
129 21
99 139
46 61
29 40
17 132
39 141
58 83
137 135
47 47
110 54
116 100
30 20
30 43
29 31
6 12
148 4
117 146
127 23
79 104
80 85
119 115
36 118
120 138
28 19
28 14
60 119
7 23
107 39
138 104
38 115
100 108
148 59
87 14
79 83
138 95
77 148
40 146
108 42
100 142
39 96
98 117
17 98
129 52
60 150
59 127
77 97
27 12
120 81
109 14
117 126
69 49
18 107
147 56
127 43
90 9
96 128
106 40
40 137
140 97
59 122
149 19
136 150
109 39
109 37
28 7
99 138
80 81
78 119
79 102
10 4
118 136
6 32
109 17
56 109
146 9
17 81
36 122
107 63
126 44
16 85
119 100
77 105
26 52
47 62
98 87
107 48
36 88
98 143
37 96
16 129
47 21
128 64
107 4
18 143
56 89
107 16
38 134
76 122
40 119
57 84
128 17
147 36
149 5
110 19
106 65
40 121
67 63
16 139
138 129
110 48
58 103
58 144
36 108
77 135
99 100
138 125
20 129
78 86
86 38
116 92
146 22
76 127
29 22
66 25
148 60
46 34
60 95
80 101
68 9
19 97
19 128
147 41
97 125
80 148
87 28
90 46
80 105
19 117
119 138
10 37
30 40
147 18
88 42
68 3
9 54
6 18
106 62
37 84
38 137
17 112
127 31
79 91
28 39
99 135
47 48
26 11
150 63
19 138
48 48
36 123
29 29
79 93
149 26
86 25
90 3
49 24
6 57
97 117
20 105
30 31
146 52
48 1
47 3
69 4
106 49
126 10
136 144
48 49
70 7
78 111
6 35
58 100
86 56
106 15
130 36
110 17
150 17
49 19
59 135
147 43
18 133
70 67
68 32
59 131
26 67
130 2
6 7
137 98
89 30
67 36
99 83
149 67
7 68
78 133
148 53
96 111
126 56
117 145
128 7
99 101
96 84
140 100
107 19
17 89
108 6
29 67
136 86
20 104
127 26
88 51
140 95
77 120
80 102
30 55
139 122
126 26
37 122
137 96
48 67
10 31
89 19
120 85
138 142
118 116
106 12
8 50
129 69
19 141
137 126
50 64
69 48
57 136
59 93
120 109
149 25
69 31
147 5
70 55
29 28
137 131
108 62
47 23
109 44
138 118
147 67
128 37
127 40
30 25
98 125
50 18
77 102
69 1
68 44
88 4
129 50
50 19
96 139
150 10
76 121
89 15
67 27
77 137
19 89
117 86
137 127
38 103
29 42
147 58
128 55
80 127
59 81
68 46
68 43
76 84
118 127
19 146
19 140
87 6
78 81
76 145
77 126
109 68
78 116
16 138
56 119
148 13
27 16
100 98
119 99
40 125
16 88
150 33
118 97
39 114
136 137
40 123
129 44
88 47
86 50
89 45
86 43
109 23
98 147
29 2
150 45
18 99
120 143
128 4
100 121
120 88
69 47
126 4
58 139
56 104
126 22
100 150
18 97
28 11
8 38
46 8
10 58
39 106
109 2
7 57
29 3
57 93
46 45
79 109
130 31
37 107
19 129
60 82
79 115
90 55
47 58
146 39
97 98
80 114
96 146
60 141
118 148
107 15
78 97
140 114
97 123
86 47
28 44
139 99
79 142
149 9
146 27
38 83
80 136
80 110
117 123
7 50
98 105
128 6
127 25
87 17
116 116
130 26
148 9
9 52
66 32
108 29
140 119
116 105
70 68
140 143
90 18
16 120
116 82
47 60
96 148
17 128
107 53
27 3
30 62
20 135
60 97
76 89
106 4
110 52
20 144
36 91
10 34
37 123
49 63
60 109
140 112
110 4
99 149
150 21
80 98
50 44
79 130
106 64
70 10
146 25
78 139
127 63
127 36
116 88
77 142
86 23
16 148
36 92
6 6
78 98
36 126
7 45
96 116
139 132
86 12
77 88
59 116
97 99
60 98
37 111
99 147
17 142
129 48
106 42
150 51
109 4
90 66
79 110
19 119
66 24
18 87
58 145
29 30
7 20
128 9
139 150
130 13
118 130
8 6
77 122
69 2
149 14
98 123
66 63
119 88
126 63
30 45
47 5
38 131
118 111
30 30
56 86
140 121
117 137
59 119
129 22
59 141
40 106
79 140
127 17
16 134
47 1
146 6
27 54
139 142
80 137
18 105
110 21
10 51
68 45
80 89
47 31
47 7
30 21
20 90
67 60
67 33
60 90
106 10
6 9
129 7
90 16
50 2
106 35
137 145
67 13
59 130
90 69
47 69
60 93
120 112
7 62
59 102
117 133
99 142
96 94
60 115
107 24
8 25
109 53
138 149
26 7
47 25
100 135
136 142
76 85
129 64
96 140
138 139
90 23
136 91
116 106
138 127
88 61
127 54
89 23
150 15
16 98
146 43
40 143
40 93
67 58
116 143
140 83
30 33
130 54
49 60
140 105
40 148
147 46
38 150
57 131
20 136
119 141
116 81
108 23
149 49
147 15
68 17
50 53
109 59
36 124
88 8
26 47
139 108
116 123
27 50
120 96
86 40
57 141
47 27
68 5
110 40
117 93
67 17
16 99
9 63
129 5
76 87
7 53
39 149
59 120
66 64
66 10
17 122
150 55
18 129
49 52
77 140
68 29
37 95
60 133
128 57
68 39
66 66
66 16
79 128
70 41
136 146
96 81
77 134
19 99
17 120
117 150
30 67
119 94
20 116
19 143
57 138
140 115
99 130
97 112
16 126
69 56
146 23
88 43
110 47
127 39
59 108
117 83
19 91
8 7
96 149
119 143
150 11
106 67
36 143
58 109
89 59
120 105
147 55
146 35
36 98
10 21
7 38
40 145
36 84
120 115
67 14
96 101
40 89
129 55
9 24
99 126
66 35
47 26
148 56
120 135
30 12
80 118
76 139
90 1
119 81
107 49
116 130
119 148
18 112
16 142
68 48
40 149
9 5
119 87
57 134
46 40
10 5
66 62
89 16
67 7
69 24
148 35
37 109
36 116
150 13
150 16
90 11
50 46
69 25
106 18
17 85
130 38
60 124
68 65
38 102
140 150
26 16
28 46
107 43
86 53
109 45
128 28
48 25
56 137
129 24
57 94
9 29
116 142
140 103
106 39
99 97
60 148
96 97
77 117
98 114
69 5
149 24
117 121
109 42
89 56
70 30
90 39
28 12
29 13
67 39
66 34
120 107
16 141
48 50
147 59
147 45
98 111
27 21
97 131
118 102
19 124
50 13
130 41
29 62
46 4
138 147
17 143
50 54
29 66
128 43
99 117
108 49
8 69
107 23
86 15
16 104
116 132
40 102
49 59
38 92
60 104
139 112
59 105
36 105
68 25
129 39
40 116
88 26
80 94
148 28
49 28
80 134
100 116
46 39
37 86
28 38
19 95
107 51
58 87
27 7
97 118
140 104
69 27
70 53
138 100
126 40
109 58
120 144
46 28
107 38
58 101
7 47
126 19
149 50
146 12
97 139
27 25
138 97
89 28
9 3
68 66
46 44
97 85
27 53
58 121
100 97
50 40
30 10
89 43
139 85
87 69
99 114
16 90
117 124
57 120
110 15
59 99
148 20
136 148
116 95
109 27
99 94
80 108
127 38
19 122
119 83
97 120
128 36
8 13
90 8
57 113
138 111
129 35
126 35
60 85
49 14
38 126
89 60
137 120
150 5
78 118
106 22
128 34
26 44
57 116
137 94
119 93
150 24
149 64
129 49
48 58
97 137
58 116
126 46
19 144
67 61
117 111
79 87
66 36
109 47
128 51
29 11
67 8
140 89
97 81
147 68
140 131
40 98
108 67
126 30
20 109
147 17
67 29
8 23
100 124
28 63
50 58
9 22
10 54
78 93
89 18
20 120
7 36
66 65
57 111
17 139
76 120
139 97
118 121
7 64
56 138
130 33
10 23
87 7
88 22
89 10
78 101
89 3
76 133
50 9
48 22
60 139
79 133
110 5
107 37
90 37
69 28
26 65
79 108
76 95
98 131
107 29
120 102
116 86
100 111
129 32
48 42
149 59
6 33
10 47
140 122
86 54
10 64
110 63
36 119
18 114
129 61
70 23
77 141
149 28
50 55
138 132
7 27
106 16
88 60
148 25
98 113
67 16
78 145
147 6
60 99
50 61
40 90
117 120
47 41
68 64
47 17
57 114
119 124
69 15
39 82
109 28
90 2
107 52
119 84
129 17
118 118
68 38
88 45
98 101
150 6
56 96
77 106
67 44
77 123
27 43
39 100
139 114
26 21
129 20
57 123
46 43
77 98
120 86
18 111
118 137
80 84
89 44
9 36
98 96
60 107
39 133
57 88
60 149
8 14
38 144
150 42
130 14
49 51
36 130
79 85
56 90
50 11
126 42
99 107
136 126
28 17
87 31
87 64
129 36
80 147
77 115
90 54
87 54
147 11
79 114
108 34
117 85
89 6
48 41
80 96
136 114
79 145
110 23
89 49
30 49
98 108
116 124
99 103
38 89
66 1
59 137
96 85
86 62
50 5
10 18
150 22
58 141
28 23
36 86
60 117
138 116
80 90
127 49
106 37
99 84
146 42
76 149
120 93
70 36
16 131
79 89
56 102
70 64
116 107
87 25
86 29
19 92
86 64
39 84
28 52
37 85
80 107
9 40
19 96
57 133
18 136
10 62
146 47
59 128
40 88
109 35
6 3
100 122
100 106
20 82
39 97
68 62
40 112
96 131
80 97
78 124
118 119
106 58
20 89
97 109
46 56
78 96
37 129
88 57
106 68
10 48
17 111
66 61
79 150
97 130
118 122
39 127
39 142
18 83
97 84
37 142
88 2
18 135
7 26
78 88
130 24
106 11
67 53
28 61
148 26
96 118
120 89
70 4
68 69
6 36
30 2
106 29
58 97
18 132
88 15
136 135
107 25
97 136
49 42
119 110
120 126
148 52
108 26
70 39
59 143
70 61
97 135
79 137
100 102
96 102
89 17
20 81
116 136
36 136
107 58
116 93
88 37
56 131
116 138
28 42
36 112
118 83
98 106
139 135
100 137
98 109
78 121
97 150
60 113
69 50
6 67
57 108
27 33
59 106
149 66
119 116
67 19
149 3
138 102
136 121
97 91
97 114
76 150
30 8
138 114
69 21
119 120
107 21
89 61
66 53
119 95
27 64
96 114
27 4
136 95
39 110
79 84
38 109
146 68
56 118
40 91
110 31
148 63
50 51
39 136
37 118
116 108
56 112
46 57
8 65
66 11
146 21
126 50
109 7
27 37
30 63
79 103
20 138
117 147
40 99
140 149
127 28
117 114
60 102
140 128
107 1
107 57
70 19
18 145
66 51
28 67
120 136
47 13
97 116
140 148
59 138
116 127
78 137
146 33
150 32
46 62
100 85
48 45
9 18
128 67
18 115
78 126
60 130
8 54
87 62
66 45
117 130
148 14
99 95
96 107
59 111
27 28
90 28
38 133
60 87
57 85
110 13
26 31
118 126
106 32
59 87
50 22
98 107
40 101
130 51
139 124
80 121
10 8
27 48
146 14
148 29
8 10
56 128
79 134
39 93
138 113
8 18
58 84
110 32
19 116
109 30
150 60
148 27
149 27
87 4
138 130
129 38
97 111
28 34
78 103
96 90
126 37
8 68
149 43
67 56
48 61
137 91
119 137
7 6
18 93
108 33
56 135
57 99
18 108
86 37
19 102
28 40
148 6
47 32
108 27
147 63
128 56
10 39
87 5
110 2
39 144
140 144
119 105
148 51
129 37
7 13
107 36
46 17
139 144
30 4
99 86
126 64
69 46
19 105
46 47
139 130
38 128
100 90
58 115
79 94
68 18
128 39
36 94
37 87
9 61
37 92
6 31
69 51
36 97
109 43
110 43
38 91
66 43
128 60
8 19
109 10
20 94
138 124
146 67
67 42
98 132
6 29
98 116
67 15
106 23
7 35
79 86
118 88
99 124
8 8
137 139
88 54
147 31
129 67
150 1
56 84
117 96
8 60
56 106
37 91
126 14
140 147
29 1
26 62
50 24
28 66
88 32
110 42
9 53
106 33
79 112
68 2
150 65
147 1
109 55
27 20
90 12
107 5
59 82
46 54
149 45
86 59
86 39
50 15
89 14
49 49
127 65
98 124
16 147
96 145
128 35
30 42
99 122
77 112
138 92
90 57
39 89
138 145
80 99
96 126
139 110
150 26
27 13
109 66
39 128
40 97
46 24
147 69
17 96
57 91
56 145
119 146
9 11
86 61
49 67
48 12
48 69
137 148
147 29
97 95
48 2
76 97
140 129
50 41
77 81
30 5
99 106
18 101
40 82
76 110
106 38
57 148
110 62
68 24
127 3
36 87
68 14
88 52
148 41
138 133
79 129
56 129
56 125
129 23
138 144
18 141
48 39
127 67
110 55
89 21
30 64
109 69
58 85
59 100
57 105
108 31
98 88
89 51
57 132
77 144
99 121
137 129
120 87
79 99
120 97
46 38
108 3
40 87
50 69
109 22
137 142
120 99
77 119
38 110
60 128
127 62
80 122
118 144
76 137
146 18
96 88
78 102
100 81
136 81
39 88
96 87
106 55
26 45
148 11
109 50
68 41
146 24
57 126
99 133
59 91
89 35
108 38
60 106
129 1
76 94
79 118
69 23
140 116
117 82
116 98
29 9
56 123
128 16
89 7
57 121
50 25
66 23
39 86
66 47
90 33
139 89
146 62
87 65
19 86
107 45
138 105
117 117
47 4
136 103
138 101
16 89
20 147
58 148
98 81
39 123
39 109
120 118
67 10
28 65
58 147
87 41
146 16
140 109
36 100
10 61
116 137
99 96
130 8
149 35
146 11
50 45
49 65
130 62
108 19
148 2
27 46
129 43
6 23
17 97
80 131
89 66
88 28
87 56
37 104
40 136
139 113
26 46
19 83
128 48
107 11
46 9
117 144
140 145
146 50
130 49
80 129
97 128
109 57
16 84
6 28
88 19
90 26
49 35
120 146
80 93
147 34
67 32
110 49
90 51
29 25
138 121
28 13
146 31
119 139
57 98
128 10
100 134
37 94
137 113
106 9
150 61
47 57
38 105
17 83
90 50
18 95
88 5
107 62
7 11
130 63
18 84
148 42
148 3
120 137
48 51
140 138
130 9
39 90
86 18
117 115
19 107
20 83
8 61
110 1
137 106
59 115
67 43
46 52
56 100
149 52
118 145
19 142
36 142
87 35
107 50
30 15
56 87
16 136
67 21
50 49
106 25
7 1
27 24
140 84
117 91
40 110
49 66
89 37
69 16
68 28
148 64
109 25
120 106
146 45
96 141
147 30
120 130
38 101
28 25
137 138
28 57
29 49
67 62
7 2
137 102
118 93
120 95
140 124
149 17
17 87
47 40
20 149
17 92
78 89
27 30
109 48
148 38
86 5
20 102
38 104
130 42
38 118
148 48
139 129
7 59
127 27
97 87
36 147
67 28
78 112
37 127
6 62
70 22
79 96
9 19
17 101
10 60
109 52
76 143
48 35
50 20
30 13
87 34
106 66
78 107
120 131
129 19
89 67
97 97
70 34
7 29
9 31
107 6
107 46
59 150
87 61
98 122
97 83
99 116
27 60
57 143
97 108
70 24
126 43
67 4
150 44
108 48
126 45
79 146
128 46
49 3
9 6
10 68
66 26
117 107
139 140
6 66
70 2
8 51
6 14
126 52
57 92
78 136
17 108
90 42
26 49
109 3
70 17
89 57
78 120
30 51
47 18
70 56
140 142
48 32
57 104
108 36
59 84
98 98
86 55
39 137
97 86
130 1
37 126
108 66
89 29
107 33
89 62
40 108
69 38
50 21
80 141
60 105
7 51
137 118
18 148
47 33
30 65
129 18
48 29
16 93
6 45
147 7
110 46
59 94
19 98
149 1
9 34
129 34
149 38
67 25
76 100
128 50
38 124
136 124
117 138
38 95
117 128
88 31
88 16
130 6
130 5
127 15
37 136
47 29
16 144
8 52
36 103
106 44
66 5
126 58
98 119
88 9
96 125
147 22
149 51
37 150
117 108
150 14
90 56
70 47
36 89
16 106
37 113
80 106
20 143
79 95
19 112
130 55
136 88
66 40
128 15
89 8
139 118
97 144
60 146
77 95
138 135
18 142
69 20
40 103
67 37
69 55
69 61
40 132
150 47
59 121
148 23
98 137
120 147
109 13
29 36
86 22
8 49
128 18
109 6
129 25
146 54
146 34
8 57
46 16
27 67
146 20
90 41
10 65
6 69
69 34
97 110
76 126
67 65
6 60
59 117
68 21
47 38
118 139
38 132
86 68
16 94
110 33
30 39
127 33
47 37
37 115
118 131
127 57
16 137
139 148
28 69
49 7
49 53
37 102
118 120
50 8
110 61
10 27
40 142
68 40
20 128
59 85
47 49
129 63
89 20
77 139
37 143
59 145
117 103
77 146
106 45
107 54
49 44
79 82
28 20
76 124
110 24
86 4
80 126
96 129
117 110
98 145
120 121
86 45
38 107
77 147
117 149
128 21
47 16
140 146
117 92
59 139
50 67
9 58
8 3
40 138
18 130
10 25
119 97
57 107
128 47
36 121
6 61
140 126
59 90
6 42
40 144
48 33
20 113
10 6
127 16
19 148
79 100
48 57
39 146
66 33
30 9
127 53
126 67
20 88
17 136
37 135
149 12
149 55
30 69
120 122
19 118
128 13
48 4
28 24
137 84
49 40
149 44
79 132
68 19
10 52
18 102
99 93
37 103
50 43
127 24
106 46
136 92
38 98
46 68
18 117
40 117
6 48
138 110
80 146
100 127
46 67
40 141
109 15
117 134
89 46
78 117
7 17
37 125
30 23
150 58
146 3
136 141
56 88
46 2
6 20
118 142
6 13
67 1
28 58
60 100
97 82
147 32
6 30
130 66
39 129
149 58
107 44
48 55
58 93
110 37
78 135
100 103
17 126
78 108
150 53
86 33
116 134
16 135
140 81
87 36
28 48
37 116
40 96
97 88
6 5
20 96
97 134
86 3
59 112
107 66
118 96
89 40
39 94
29 55
17 141
36 117
50 63
146 63
18 137
20 87
119 131
79 101
26 20
118 107
109 61
37 108
39 87
58 146
59 125
29 19
39 92
79 117
149 10
100 100
29 14
89 52
56 134
70 44
80 87
68 49
58 127
136 143
147 60
149 22
17 133
58 110
146 30
20 126
137 119
29 15
126 27
130 28
6 56
66 38
10 24
148 67
76 114
56 141
57 102
57 103
78 150
99 111
78 109
148 44
68 11
88 17
26 38
48 56
28 30
67 50
27 55
78 140
100 110
96 135
68 34
86 69
17 138
36 95
7 58
50 47
77 96
19 113
7 65
128 59
108 5
67 22
77 149
128 49
137 104
100 138
147 51
27 58
27 49
48 5
127 60
89 25
116 112
46 11
80 103
139 111
66 54
86 49
40 114
136 128
37 119
46 19
76 134
27 5
39 124
99 143
140 108
86 17
110 59
9 66
6 64
56 81
6 53
78 114
118 132
29 50
88 64
38 90
8 32
126 55
37 149
60 137
87 43
96 113
106 56
87 19
18 106
30 44
17 114
117 113
97 149
49 45
120 113
100 104
8 41
119 150
47 22
37 100
66 28
86 28
148 69
6 58
66 50
117 148
96 115
120 120
128 8
136 98
146 4
49 26
67 57
67 54
38 94
137 109
118 92
69 43
66 48
47 36
38 135
148 68
110 44
129 29
148 7
6 39
89 68
46 21
30 14
10 40
110 27
78 130
29 39
16 92
139 93
29 21
49 18
86 8
58 131
119 103
117 127
30 37
116 128
96 86
36 99
58 135
18 113
10 32
77 138
7 41
100 107
96 150
37 132
136 111
76 88
129 66
30 29
78 90
20 95
47 42
119 121
96 95
60 140
57 125
129 56
150 34
87 29
8 59
136 140
107 40
127 58
48 14
150 40
138 117
17 137
119 126
147 3
89 11
48 52
46 27
69 59
60 91
126 39
87 13
57 81
6 41
107 13
38 81
59 132
40 111
88 25
119 147
40 126
96 105
119 101
70 25
79 97
119 89
57 87
149 29
110 8
40 127
48 64
76 90
149 2
19 121
39 98
87 47
118 146
38 85
66 4
78 127
18 134
98 146
108 53
9 65
76 131
126 2
96 133
87 10
148 36
26 60
47 56
86 51
67 31
40 122
119 118
98 82
128 38
90 4
78 146
16 127
128 62
106 19
47 66
26 40
76 92
110 50
39 138
147 2
89 41
29 5
106 48
100 147
47 24
6 21
150 54
40 150
90 24
146 59
140 87
140 130
37 117
88 20
88 12
76 113
59 95
7 21
48 31
99 89
60 129
139 137
100 99
67 11
18 94
9 21
137 150
68 26
127 12
46 37
47 51
98 139
130 60
119 102
109 19
20 133
9 43
150 3
66 44
149 32
49 57
67 18
9 9
150 39
9 48
70 27
17 129
17 140
86 2
90 15
26 51
118 89
120 94
69 18
10 26
6 11
137 132
27 69
39 85
129 68
149 40
67 3
67 47
18 86
110 3
97 113
27 14
19 125
120 104
38 82
87 15
86 19
70 32
136 104
48 18
128 2
47 39
129 28
57 100
38 106
68 37
18 124
136 145
76 140
7 40
27 35
9 13
127 29
147 57
98 150
17 82
107 41
40 115
98 91
6 59
70 6
67 66
146 53
17 90
126 48
117 109
119 92
119 85
47 8
118 95
76 117
120 91
16 105
37 124
100 141
67 59
99 129
9 15
48 20
99 118
49 12
149 69
130 48
106 6
28 5
97 90
49 32
17 123
130 65
47 55
38 129
99 132
89 4
8 9
140 90
130 46
89 9
108 15
47 14
90 44
90 30
88 36
148 47
20 137
36 127
56 133
110 38
8 63
140 133
128 20
78 106
116 149
7 60
88 13
78 141
120 140
19 109
69 52
69 68
19 93
126 57
26 50
26 26
96 142
138 98
126 1
147 8
60 131
150 36
18 138
130 25
40 100
138 85
40 129
19 94
100 95
77 103
68 50
126 59
17 102
50 66
58 113
17 86
17 94
140 86
37 147
86 26
39 113
106 20
67 24
60 112
29 63
56 130
29 59
19 85
7 31
80 149
108 1
138 119
10 3
96 83
90 58
37 106
86 31
117 132
17 106
129 8
66 60
8 20
39 150
136 122
19 132
100 149
139 82
146 61
40 92
119 119
149 8
89 36
130 21
109 16
48 19
36 93
20 124
147 62
107 59
7 37
100 120
147 28
36 111
138 141
69 53
118 128
86 44
48 28
38 87
119 117
29 35
130 37
109 18
46 50
68 61
117 102
39 116
88 11
70 37
9 44
139 109
60 127
19 149
46 29
36 131
17 107
10 53
47 53
57 149
128 45
107 28
76 123
147 12
36 133
69 22
38 108
106 41
26 59
67 23
100 132
147 25
59 104
10 9
29 8
128 68
116 113
147 26
16 116
70 59
146 41
80 143
36 120
47 46
148 40
58 91
70 49
87 53
18 104
149 68
50 37
86 1
77 130
17 113
149 33
96 144
46 65
108 45
36 144
78 131
137 100
108 40
100 84
8 67
66 49
118 113
100 145
46 42
56 147
137 107
30 11
56 115
29 48
128 24
20 100
77 87
108 30
97 127
130 7
36 90
78 82
90 67
76 106
88 67
47 52
19 135
26 30
118 114
86 9
49 50
79 90
148 17
90 25
9 10
18 82
50 68
38 146
7 56
77 121
68 63
46 31
150 19
149 21
50 1
67 34
8 46
88 44
48 59
27 26
27 34
138 91
8 37
77 143
138 134
79 116
47 45
108 51
56 113
10 66
27 68
8 34
149 16
136 107
17 115
96 93
118 150
6 4
30 35
98 103
99 110
116 122
46 36
60 132
8 62
89 50
106 28
7 67
136 131
17 125
100 136
29 60
70 58
98 138
57 115
98 85
90 48
87 9
116 94
128 19
98 126
68 54
127 45
37 110
68 23
136 113
139 120
90 61
97 126
28 47
58 128
46 15
76 105
46 55
10 57
130 67
87 38
59 126
59 140
28 1
67 51
89 27
117 89
128 44
10 19
98 141
120 92
106 31
80 128
108 35
138 87
140 136
37 144
117 140
9 38
149 46
136 149
106 3
59 109
17 121
66 6
148 30
119 132
49 38
58 124
56 144
9 69
79 127
126 17
90 14
36 115
10 2
6 65
96 99
57 140
90 7
17 145
77 145
129 45
60 96
28 32
27 39
148 49
118 87
29 34
57 83
108 59
67 52
87 46
7 44
17 99
128 69
106 43
107 34
49 33
136 132
18 96
56 127
18 109
18 122
88 55
27 66
136 119
26 43
97 96
97 133
100 89
98 149
29 68
9 17
49 11
10 38
109 56
128 12
9 56
46 63
146 66
120 123
77 90
129 13
57 137
48 53
129 47
98 133
117 112
78 148
148 65
27 31
57 90
6 68
58 112
118 134
118 105
8 24
68 20
119 82
30 54
39 121
116 144
26 14
48 23
39 108
148 37
79 141
148 5
76 103
110 56
99 82
140 101
80 115
29 47
6 22
138 94
18 85
36 114
120 119
118 86
147 49
147 27
37 134
17 93
26 1
130 3
20 85
136 108
139 147
130 29
140 117
7 66
50 60
47 67
76 81
48 30
127 37
150 43
30 46
76 144
17 144
116 99
17 150
68 67
137 125
46 18
17 84
77 104
77 83
59 146
127 44
37 97
50 17
57 150
78 99
99 141
76 132
128 54
76 130
46 12
148 1
36 132
117 125
60 114
108 47
118 82
47 65
109 29
100 148
20 150
108 64
70 48
150 12
77 93
147 10
90 35
46 64
18 81
80 130
30 48
77 101
86 52
130 57
137 97
46 22
9 67
87 11
38 99
138 143
148 15
19 123
16 115
10 69
7 52
56 108
97 93
80 145
6 52
66 21
107 60
57 110
49 62
96 127
7 19
8 11
136 125
128 30
28 6
7 39
6 24
96 136
99 87
48 9
9 14
76 142
140 113
57 119
120 148
36 85
119 136
107 35
29 38
136 129
9 26
96 117
70 16
88 30
26 28
126 33
140 102
37 88
50 14
20 132
139 98
26 25
58 82
57 139
30 19
29 23
18 150
116 133
127 32
98 95
76 109
49 56
46 1
136 123
130 17
76 125
137 89
86 20
90 32
19 106
99 123
30 32
66 29
69 12
6 19
80 142
80 104
56 132
19 130
109 46
46 58
139 106
99 90
117 105
109 24
76 129
146 51
48 43
7 22
29 4
118 117
80 111
20 111
67 48
66 52
30 53
80 112
17 116
127 46
28 3
137 90
26 22
127 59
100 129
49 10
28 9
127 10
147 61
139 116
147 42
36 146
18 110
30 50
6 55
69 7
146 49
96 92
70 45
139 143
19 82
148 45
118 108
146 38
39 103
110 18
88 35
96 130
77 82
9 27
16 122
40 120
110 60
117 104
56 97
87 49
8 45
119 135
30 28
59 110
149 60
68 59
30 18
88 29
96 104
150 50
137 87
77 92
99 134
76 91
130 35
76 135
126 24
130 34
69 63
59 97
77 133
58 120
66 58
20 121
16 108
18 147
20 91
59 133
99 115
127 41
57 109
27 17
110 64
76 82
120 134
118 98
119 140
69 60
118 110
78 87
149 42
90 40
49 36
37 83
118 99
126 20
86 13
100 131
117 95
116 121
7 12
50 4
50 6
29 6
60 83
120 84
36 81
60 147
27 6
137 137
126 18
70 46
48 26
37 140
66 30
36 106
106 14
70 35
17 149
119 122
128 52
58 99
9 42
89 55
9 49
149 54
58 98
87 45
58 132
136 133
87 1
109 26
70 51
20 119
27 11
17 104
150 38
100 114
20 112
47 50
16 150
16 100
27 18
120 103
40 134
78 95
149 20
116 103
48 8
9 41
19 90
117 101
106 36
56 126
48 17
146 8
8 66
80 124
136 96
148 16
68 55
36 104
110 16
49 39
147 19
87 8
86 6
126 41
16 149
47 59
130 22
116 115
120 114
97 103
29 57
106 30
56 146
150 69
139 92
60 142
26 35
149 39
49 48
46 33
10 41
148 61
16 113
49 37
129 54
8 2
28 37
150 28
136 134
17 105
18 123
106 26
128 33
66 41
6 43
30 38
30 6
68 56
120 142
27 15
69 69
77 108
96 82
128 40
29 26
40 118
17 100
116 148
28 35
96 109
117 141
90 29
108 24
119 113
17 134
110 34
110 45
9 64
56 92
7 63
56 143
87 2
116 84
50 59
26 39
148 62
28 26
137 141
80 88
6 38
138 128
79 149
29 10
118 125
8 31
146 58
50 3
107 10
58 111
80 144
80 91
16 112
9 51
86 60
107 67
59 123
30 27
37 131
36 145
17 119
119 133
17 131
20 117
106 60
96 91
68 1
149 57
28 2
26 19
80 119
78 134
30 36
37 148
138 81
148 21
16 87
6 15
29 43
19 101
107 31
120 82
59 144
59 118
96 123
98 97
28 62
16 140
87 40
19 150
116 101
136 102
139 86
129 57
16 103
86 34
58 143
36 83
69 64
108 54
60 134
57 82
139 104
29 24
57 101
116 114
48 13
56 121
136 109
148 66
137 124
66 19
70 1
110 28
130 68
139 102
66 37
96 119
89 2
66 39
129 33
69 54
110 51
146 44
16 117
129 51
150 9
146 5
98 135
146 1
26 24
19 126
87 48
66 9
30 24
39 119
129 11
57 89
27 1
137 101
38 111
48 10
97 94
39 112
70 12
68 33
126 5
39 111
120 133
126 69
100 115
8 55
106 52
107 61
139 133
47 44
56 103
100 118
117 81
48 60
56 139
8 33
69 65
56 114
117 106
28 41
136 120
106 63
140 139
17 118
59 98
59 129
59 136
119 106
99 148
10 67
90 38
7 69
100 117
87 66
137 103
148 55
107 42
149 53
30 60
78 92
147 4
10 56
116 126
27 27
90 63
6 50
89 65
49 55
37 120
40 124
150 62
107 22
136 99
148 31
126 29
39 139
20 110
60 118
66 31
97 107
116 96
69 8
7 61
20 107
29 18
96 121
110 53
10 55
58 94
127 66
129 10
126 9
28 45
20 145
99 127
147 20
76 101
17 103
10 7
137 136
150 56
137 128
127 22
136 93
137 112
86 35
108 57
38 123
138 131
19 147
138 106
60 88
38 147
147 21
79 81
37 105
108 4
116 102
66 13
147 44
108 55
79 121
6 37
46 69
109 34
99 81
9 7
79 126
86 14
27 52
79 124
39 122
66 22
136 115
58 133
130 18
37 101
110 58
37 90
6 47
118 106
17 124
10 33
109 65
148 32
49 43
147 48
20 123
138 148
49 20
146 2
100 91
36 150
137 147
139 100
90 34
19 103
18 127
129 30
8 48
7 5
39 81
30 16
9 39
69 41
27 8
26 41
16 95
48 63
7 33
69 26
70 3
27 10
127 52
27 57
9 1
109 8
38 138
137 83
70 26
126 7
137 115
89 32
48 47
137 146
58 102
38 141
56 124
86 36
127 13
79 131
10 63
96 108
98 89
56 91
60 123
69 57
119 91
36 109
118 103
150 68
88 3
59 101
20 141
107 68
76 146
50 62
119 149
79 88
26 36
19 100
27 61
100 146
120 125
8 27
49 25
67 67
36 107
20 92
119 144
16 101
38 117
140 123
110 66
97 115
18 144
138 107
57 128
39 107
60 89
97 147
36 129
56 150
90 20
147 24
76 107
128 32
27 45
128 1
106 8
57 124
77 124
69 58
28 29
119 114
90 65
150 59
127 61
38 96
60 101
56 136
116 140
116 109
17 95
90 6
10 59
66 27
49 68
28 43
47 30
136 90
116 147
38 88
138 99
109 49
129 58
60 94
40 94
126 23
96 100
48 65
28 22
109 31
9 46
109 60
126 25
130 52
20 130
79 98
140 111
89 63
139 81
107 26
150 18
99 108
130 15
49 34
36 101
149 15
128 61
26 57
96 147
137 92
38 148
46 30
48 6
58 150
9 30
107 64
67 41
26 42
108 14
56 94
9 8
19 134
149 6
97 124
16 109
69 3
38 136
70 60
120 128
127 5
140 107
27 62
110 57
28 54
70 69
39 101
19 120
80 123
98 112
76 118
26 56
48 54
29 45
90 19
37 112
46 53
27 63
39 147
127 47
8 44
88 40
149 48
29 33
36 135
126 61
120 129
77 128
97 119
20 139
128 53
57 112
30 7
127 50
26 32
49 16
148 19
36 149
60 143
26 66
47 68
80 140
56 116
99 112
18 98
70 52
9 16
80 120
29 44
139 101
80 92
66 14
59 124
137 111
6 26
100 101
107 55
100 94
26 15
119 112
140 96
56 105
127 8
57 135
86 57
46 14
137 81
88 56
139 96
140 125
130 4
29 61
16 143
60 111
48 40
47 34
9 55
150 20
149 37
97 146
147 39
29 17
29 12
28 60
139 84
68 15
67 69
79 147
99 145
139 125
106 69
137 93
6 44
49 4
120 150
86 42
10 12
129 27
18 100
27 59
18 91
129 31
79 122
38 130
116 83
97 92
76 147
29 41
8 26
39 140
140 92
139 149
110 20
80 95
40 84
39 132
108 32
7 3
60 84
150 2
118 147
8 29
28 56
137 86
108 10
39 115
78 105
57 144
68 60
98 99
77 109
27 29
137 143
37 98
87 68
58 86
146 56
6 49
40 95
87 33
27 51
100 140
136 83
127 2
108 11
136 105
49 8
19 81
98 129
120 124
37 141
26 13
110 65
137 121
10 35
49 13
37 137
28 36
138 83
129 9
30 47
150 66
140 93
89 26
90 62
130 56
88 65
68 31
130 19
69 19
128 41
126 53
48 7
99 113
46 51
20 134
47 2
138 82
7 8
37 145
130 69
66 20
130 58
98 142
136 139
108 16
20 98
146 48
58 117
128 63
98 84
110 36
87 63
89 42
96 103
106 27
116 125
68 4
49 47
136 127
37 93
69 30
6 17
106 24
127 34
150 37
99 102
146 10
120 145
88 48
18 119
130 16
70 28
20 108
106 2
96 106
50 42
7 34
39 118
29 51
148 10
79 144
7 16
80 117
116 85
7 14
108 25
78 113
49 9
10 14
119 90
66 67
57 130
129 26
149 36
120 139
10 45
86 16
37 99
136 138
79 136
9 32
146 17
137 133
20 103
97 104
16 81
117 143
110 10
150 48
78 132
47 10
8 56
118 115
47 12
26 37
90 59
107 3
127 42
126 60
78 85
99 146
89 39
47 9
147 66
107 30
39 130
147 50
90 13
140 82
89 47
90 47
56 140
69 10
150 46
48 15
87 12
19 84
78 142
36 137
87 21
18 118
78 110
108 61
117 136
97 102
147 65
90 17
117 116
77 116
106 51
49 27
87 18
107 27
137 108
19 104
139 128
98 93
146 29
46 46
119 108
59 96
10 1
96 138
77 86
8 40
126 47
139 139
110 7
9 28
78 100
47 15
28 49
10 46
19 136
39 134
150 7
108 46
130 30
107 17
88 69
110 12
88 7
117 131
140 120
147 52
77 118
97 141
49 64
26 29
89 64
48 36
57 86
106 13
36 134
10 29
48 37
86 66
69 14
26 64
70 13
99 150
119 107
130 45
57 127
100 105
76 83
99 109
58 104
78 123
50 50
136 100
66 7
56 117
36 141
88 53
50 32
66 42
118 84
66 68
120 116
99 136
130 43
138 115
138 112
150 67
136 147
39 120
76 108
108 22
127 55
87 55
7 54
26 2
68 22
147 40
46 5
139 88
37 89
58 106
6 2
149 56
68 51
67 35
108 20
20 140
89 38
48 11
128 42
128 27
59 113
16 146
79 138
148 8
86 65
139 138
16 82
146 64
98 140
16 102
108 52
128 22
68 30
98 118
77 125
40 128
28 18
150 30
8 12
126 11
119 109
147 38
117 135
97 148
147 33
146 19
86 10
97 89
88 38
80 109
10 42
98 121
109 20
89 1
36 138
18 146
10 16
10 49
106 47
109 36
136 118
58 119
117 118
50 28
9 33
117 94
77 127
108 69
40 139
107 2
108 44
147 35
150 49
30 41
49 58
67 49
19 111
138 84
87 26
108 60
40 86
100 130
129 16
116 145
38 142
7 15
127 7
126 51
29 58
146 65
67 55
49 5
146 57
26 23
146 37
46 3
26 17
26 34
97 142
147 47
96 120
137 99
100 126
79 125
47 19
119 86
138 108
57 122
118 141
90 60
109 9
58 137
68 36
80 133
40 104
38 125
138 137
46 60
46 32
98 128
128 3
69 17
10 15
136 116
36 113
18 125
140 94
116 117
36 96
147 14
149 11
28 33
90 21
7 28
38 122
18 88
46 48
136 112
28 31
16 111
70 18
20 118
16 91
109 63
116 139
138 109
49 6
110 22
107 56
97 105
77 91
27 36
28 21
18 149
78 94
9 23
90 10
77 99
6 51
80 100
38 86
8 53
128 65
77 89
140 134
77 107
27 44
77 100
87 57
87 23
36 128
88 50
60 122
100 88
108 13
87 37
50 23
6 1
107 69
18 139
46 7
118 143
39 126
118 90
87 20
58 107
27 40
108 58
136 110
19 88
37 133
56 110
26 68
139 87
99 125
18 140
39 105
77 113
40 83
67 68
58 95
28 51
60 136
9 59
30 58
9 20
138 89
139 119
129 46
50 34
80 116
70 29
17 130
57 129
88 63
68 52
66 8
89 22
68 42
17 109
20 148
100 144
49 23
117 98
110 68
90 43
70 14
109 5
16 145
136 130
50 29
40 113
10 28
106 50
86 58
100 139
98 148
118 149
86 67
88 18
89 48
78 138
140 91
58 138
39 83
40 107
10 22
18 90
59 107
18 120
99 85
28 64
96 98
47 6
7 30
49 17
67 20
59 103
149 34
98 104
17 148
137 122
79 107
100 123
70 9
16 130
16 118
119 104
39 145
76 112
9 68
126 12
37 146
48 21
26 61
87 32
140 140
7 9
97 143
90 53
67 64
79 119
76 138
110 35
127 19
7 48
128 29
109 41
139 115
20 84
68 27
107 7
109 64
116 146
90 49
96 143
130 59
39 104
86 46
140 85
9 57
38 120
126 68
109 62
76 93
127 11
126 66
120 83
139 134
38 121
9 35
100 86
68 47
150 25
96 122
69 42
120 100
96 89
58 89
57 95
138 150
116 135
89 12
58 149
119 130
150 8
149 31
27 19
66 69
6 16
88 49
60 144
49 22
79 123
49 21
77 132
40 109
76 119
49 54
147 53
148 43
147 54
28 53
100 96
106 21
100 83
38 119
107 8
137 144
148 18
127 1
118 94
39 95
7 7
140 137
68 68
106 34
50 39
88 24
48 34
117 88
8 58
79 113
59 88
98 102
70 21
26 5
88 46
9 60
36 148
148 24
148 22
146 26
59 86
68 57
56 107
146 7
38 93
30 61
36 82
139 83
107 9
30 68
66 15
6 46
39 135
70 63
50 65
50 38
16 132
6 63
46 49
59 114
80 150
137 149
140 135
60 103
126 32
76 98
118 85
120 90
88 14
27 32
19 114
116 129
129 15
26 69
20 115
48 44
118 123
86 24
136 97
10 11
8 5
98 86
109 1
136 87
70 57
38 84
90 31
58 134
16 124
9 12
58 123
67 5
87 58
89 58
130 61
120 127
78 125
87 39
69 32
16 97
19 145
109 21
80 113
20 127
56 82
18 103
40 85
50 27
98 100
139 117
98 144
66 55
150 4
60 92
20 114
108 28
58 142
119 128
116 90
99 137
116 104
96 96
110 41
7 24
69 37
30 57
149 65
26 33
9 62
87 3
77 114
116 131
48 68
57 106
68 53
16 119
108 8
146 28
118 101
146 69
56 83
77 110
79 135
37 138
30 26
98 136
130 53
149 41
126 54
50 31
90 5
37 81
88 21
98 90
119 145
26 27
99 140
26 58
150 57
126 62
149 4
117 84
49 2
77 150
120 111
140 127
108 9
109 38
30 22
66 57
146 13
20 122
146 60
108 68
27 56
78 91
118 112
98 120
136 89
56 101
76 115
76 128
6 25
68 12
137 140
127 69
98 94
59 89
118 91
19 87
89 13
139 146
97 122
130 20
100 113
129 6
70 40
77 85
28 16
19 115
129 12
88 62
6 8
68 8
56 142
29 32
27 2
48 16
30 3
37 114
60 108
40 147
148 58
76 86
7 42
109 12
89 31
140 99
146 32
48 62
87 59
110 26
87 42
36 110
118 135
27 41
88 23
48 3
67 12
136 82
20 142
139 107
138 103
106 54
36 139
47 35
70 43
116 141
148 12
147 13
98 115
86 32
147 9
26 10
107 14
146 55
7 43
137 95
127 4
76 111
17 147
139 123
118 100
150 27
128 11
150 41
100 109
96 137
88 41
29 37
136 136
8 22
118 109
47 54
139 103
29 16
46 13
16 123
139 121
80 82
27 9
17 117
108 21
56 93
49 30
6 54
26 9
57 96
40 133
110 29
108 41
27 23
120 108
18 89
89 5
46 10
100 82
60 125
20 86
19 110
97 121
16 107
68 16
109 40
97 138
30 59
26 18
29 65
49 29
78 84
89 69
39 125
139 105
138 88
68 7
78 149
7 46
139 141
96 112
147 64
50 35
127 20
116 150
87 60
20 101
118 129
47 20
87 22
10 13
107 32
30 52
106 53
109 33
58 105
39 148
36 125
109 51
127 56
9 2
58 140
56 85
86 27
26 3
7 4
56 111
108 50
149 23
70 20
78 122
69 44
28 15
109 32
148 54
38 140
129 42
107 65
149 61
30 66
9 50
138 96
100 143
98 83
108 65
126 16
50 26
88 34
116 118
99 131
46 59
126 38
18 128
70 38
50 10
50 16
16 96
100 125
20 131
130 47
67 6
58 88
66 17
78 115
56 120
28 10
26 63
107 18
49 31
79 148
9 25
79 105
87 24
127 18
116 91
47 43
137 116
119 127
99 99
129 53
29 69
89 33
126 6
20 106
137 82
29 20
38 97
48 66
80 132
28 55
39 91
8 1
87 50
58 118
76 148
46 23
108 63
47 64
17 135
80 138
147 23
49 61
17 127
139 90
28 50
19 139
80 139
88 59
59 147
46 26
127 48
136 117
38 112
137 88
18 121
108 56
106 1
120 110
46 20
129 2
6 40
97 140
9 4
100 92
69 6
19 137
117 100
118 124
136 106
99 92
116 111
98 110
137 110
108 17
126 15
8 47
128 66
116 120
40 105
88 58
60 86
97 132
117 97
50 52
129 60
110 14
90 64
136 101
18 92
79 120
87 52
87 30
57 145
7 55
57 146
26 55
127 21
37 139
140 110
147 16
6 10
60 138
116 97
137 105
57 97
59 92
88 10
60 121
136 94
119 134
126 49
66 12
16 133
118 138
87 27
130 39
148 33
38 149
7 49
37 121
109 54
20 125
56 122
138 120
130 23
8 35
148 50
79 143
16 114
40 140
116 87
40 135
117 122
26 6
109 11
129 3
46 41
138 126
128 14
57 142
50 33
58 114
76 116
117 99
127 35
139 131
70 62
10 10
60 110
128 31
149 47
90 45
48 46
19 133
16 86
147 37
58 92
8 30
27 22
140 106
58 129
49 1
120 149
129 59
99 91
8 21
70 33
139 136
140 88
59 83
86 48
38 116
86 21
89 24
49 69
67 9
100 128
110 39
67 38
120 98
46 25
129 41
78 104
138 86
90 36
126 34
70 66
48 24
78 129
38 114
58 130
26 4
28 28
87 44
58 126
7 32
139 95
130 10
99 98
38 113
86 41
68 10
49 41
69 33
30 56
57 117
127 6
8 36
110 25
126 21
29 56
137 134
17 110
26 53
49 46
97 106
20 93
126 3
119 123
130 44
119 111
96 134
8 39
69 36
9 47
16 110
56 98
76 136
69 35
108 12
99 105
126 65
46 66
87 16
119 129
150 31
149 30
80 83
146 40
110 11
9 37
69 29
136 85
18 131
20 146
36 102
10 50
138 146
7 10
20 97
39 102
126 31
87 51
29 53
47 63
150 29
139 126
69 39
60 81
128 25
106 7
97 145
98 130
77 131
27 47
76 104
120 141
70 65
46 35
96 132
50 48
70 42
119 98
69 11
107 12
149 62
90 68
56 99
117 87
70 11
117 119
79 139
26 8
120 132
39 117
69 40
50 36
56 149
136 84
76 96
30 34
99 119
137 123
86 7
50 56
150 35
127 14
10 36
8 42
88 6
30 1
47 61
8 15
127 30
6 34
99 104
139 94
77 136
58 96
16 121
108 7
10 20
86 30
116 110
26 48
150 52
26 54
79 106
10 44
129 40
118 133
96 110
128 5
18 126
60 126
126 28
39 99
66 2
78 83
98 134
106 57
128 23
66 3
107 47
70 50
10 43
38 145
50 12
78 128
149 18
137 114
16 125
96 124
69 45
57 147
36 140
109 67
58 108
146 46
76 102
59 134
59 142
70 31
129 14
90 27
16 83
118 104
89 34
17 88
110 6
39 131
69 62
110 9
10 17
60 116
69 66
27 42
39 143
88 66
8 28
119 142
88 68
89 54
7 25
76 141
149 7
87 67
28 8
66 46
76 99
70 8
28 59
58 90
77 111
19 127
47 28
116 119
38 139
110 30
98 92
60 120
140 118
29 27
67 30
140 141
26 12
16 128
78 144
60 135
98 127
130 12
18 116
106 5
108 37
138 138
58 125
80 135
108 2
138 136
37 82
130 11
129 62
130 50
67 46
97 100
78 147
86 63
139 145
126 8
128 58
77 94
140 132
66 18
137 130
70 5
90 22
99 144
66 56
117 139
40 81
130 40
29 7
17 91
70 15
106 17
9 45
140 98
49 15
120 101
107 20
28 68
69 67
19 131
117 90
138 123
37 128
17 146
56 148
59 149
47 11
146 15
38 127
117 129
139 127
8 16
119 125
100 133
50 7
148 34
78 143
68 13
108 43
138 122
30 17
149 63
27 65
57 118
29 52
8 43
130 64
148 46
130 27
117 142
86 11
68 58
69 13
67 40
89 53
27 38
100 119
68 35
7 18
67 2
126 36
88 39
19 108
80 125
126 13
97 129
99 120
38 143
50 30
100 112
110 69
69 9
97 101
40 130
79 92
148 57
28 4
128 26
137 85
138 90
88 27
118 81
29 46
37 130
138 93
59 148
127 9
139 91
6 27
56 95
120 117
60 145
116 89
