150 150 5290
111 143
44 135
59 54
140 79
51 86
42 56
104 16
70 150
65 101
136 111
7 70
48 87
96 30
66 150
137 112
148 143
100 144
134 47
105 77
69 54
81 29
47 54
37 136
127 93
146 32
57 149
39 149
143 127
44 88
102 47
99 78
50 149
3 7
120 143
57 22
2 85
132 63
9 69
35 135
113 112
25 24
67 8
93 110
59 72
60 101
9 22
65 134
94 29
65 118
106 79
7 88
70 135
95 126
9 53
99 93
29 8
96 61
146 63
91 141
60 38
24 104
113 47
15 70
67 6
70 87
79 80
101 30
112 29
38 23
14 104
16 102
82 31
16 117
82 63
23 71
146 13
129 29
48 22
20 101
79 96
33 53
44 72
81 46
82 144
32 40
99 142
27 55
69 8
131 16
47 8
95 94
110 62
23 22
113 48
100 94
119 127
80 94
79 141
53 5
110 93
28 136
56 120
48 54
6 54
15 120
105 125
29 104
128 110
100 96
103 96
63 38
102 126
99 112
139 46
67 40
103 111
29 150
89 14
18 149
94 13
5 86
86 31
133 141
39 136
134 15
137 16
105 112
46 21
97 93
16 8
105 96
46 119
71 7
129 48
32 53
104 30
97 45
62 21
95 143
101 62
145 141
109 63
143 79
100 109
142 109
118 13
115 141
87 94
124 80
19 37
63 102
92 94
107 126
46 136
61 24
92 109
119 79
19 72
49 133
124 112
16 119
89 78
106 48
59 150
128 143
125 78
148 31
67 85
15 72
91 16
27 136
137 80
147 94
45 56
36 8
21 149
132 94
87 16
46 22
89 47
63 104
142 62
112 14
149 29
123 94
93 112
140 14
87 112
7 8
123 125
29 21
28 71
113 16
13 7
50 119
142 94
56 103
122 16
47 117
32 134
57 134
10 134
107 14
34 136
14 85
134 45
123 47
50 24
51 149
18 85
60 86
2 54
38 37
29 24
28 119
66 38
3 120
29 133
84 29
34 53
5 71
125 95
17 53
94 141
126 61
86 96
15 136
82 79
2 38
34 56
125 16
44 150
29 37
3 104
9 86
66 40
143 29
38 85
149 14
93 143
11 22
1 54
95 96
99 79
5 21
125 144
119 46
133 94
116 77
141 16
148 141
64 104
122 30
138 31
45 136
23 88
111 141
104 48
71 8
109 78
104 96
11 7
116 143
143 96
85 46
31 120
54 55
26 133
52 21
98 143
11 55
32 136
102 109
121 29
149 142
116 14
134 61
47 119
67 69
107 63
123 78
120 127
12 72
35 71
110 95
129 31
146 15
93 125
107 142
134 93
6 85
24 22
35 40
65 71
28 103
126 46
65 102
62 7
129 63
89 77
117 79
111 29
39 119
134 112
135 143
23 149
124 15
23 120
142 143
115 96
40 8
149 47
19 38
112 15
145 110
51 56
107 125
109 79
58 5
148 111
49 102
58 104
20 54
62 71
101 111
111 32
131 94
84 31
113 144
14 38
46 6
64 24
5 118
15 87
32 38
95 79
22 71
46 133
138 143
59 23
123 144
49 117
112 111
84 62
79 125
80 15
139 30
121 48
97 141
97 142
107 110
68 136
62 69
54 7
110 64
8 53
106 32
51 150
85 110
8 88
150 16
24 133
136 46
112 47
150 143
113 79
30 23
61 70
82 110
114 31
26 22
88 96
111 94
5 135
16 120
18 39
62 149
64 40
21 6
150 14
65 23
25 40
50 37
147 110
7 134
57 87
99 141
138 64
29 85
145 93
131 48
91 29
137 96
79 144
132 127
2 8
4 104
32 117
47 103
104 112
121 93
94 48
101 125
80 14
30 69
37 134
85 127
85 29
8 102
45 22
141 96
12 8
49 149
23 38
55 54
6 86
124 32
52 150
89 141
148 80
114 61
5 136
40 38
43 133
56 69
99 29
6 53
121 77
28 86
94 109
9 70
52 39
94 64
80 48
42 22
141 31
110 112
143 13
36 7
140 142
71 150
88 141
117 142
5 39
95 77
66 22
17 8
6 55
128 94
1 8
70 149
14 39
91 95
62 23
61 38
148 48
43 72
12 86
9 103
35 37
134 126
145 144
67 149
55 70
108 95
123 142
12 21
51 88
33 136
95 47
86 93
125 109
90 14
81 48
133 127
97 32
97 144
148 62
60 39
116 78
10 118
25 119
63 71
19 103
104 15
32 120
130 110
67 133
54 56
37 120
138 141
129 109
42 120
126 141
26 24
119 31
79 110
122 15
127 16
14 101
51 87
137 47
61 6
84 126
55 22
92 142
92 77
70 5
94 32
12 6
138 142
47 135
16 53
54 88
13 150
79 48
93 16
91 93
8 8
125 112
131 109
34 21
114 143
8 120
13 118
41 5
36 135
134 62
109 93
136 93
95 61
31 38
67 88
128 16
10 6
33 150
16 87
29 135
48 85
103 48
45 118
141 78
130 127
114 109
58 54
29 87
127 32
9 101
40 150
56 117
62 24
115 45
71 104
40 119
88 80
121 15
132 126
46 149
64 102
137 125
98 111
3 118
4 39
26 54
58 53
114 78
14 54
71 54
11 101
48 150
39 71
146 141
57 119
106 144
138 77
82 109
105 29
21 21
52 71
121 109
82 15
45 86
19 102
140 46
90 79
150 31
113 78
9 24
17 135
70 88
24 71
134 143
19 6
29 119
1 117
19 85
103 62
3 22
62 6
150 32
85 61
64 56
7 39
112 109
136 144
52 134
99 45
71 85
145 31
145 61
104 93
48 133
143 45
32 69
87 78
140 96
20 37
5 8
82 47
18 70
114 16
145 15
45 38
99 144
14 87
19 39
105 110
95 112
36 54
98 112
139 78
18 22
85 45
11 40
123 62
39 85
140 31
112 112
129 94
103 77
21 102
115 32
19 70
36 119
13 119
38 53
15 23
70 104
140 63
117 61
19 54
10 21
68 149
142 63
58 86
88 126
131 63
42 135
95 111
80 109
111 111
4 56
5 55
129 143
136 78
30 134
69 85
150 142
149 15
43 53
34 134
84 125
144 16
81 78
93 109
28 70
98 125
36 56
133 13
130 14
15 22
106 30
104 79
66 117
35 69
57 40
49 23
125 80
100 141
13 134
132 79
90 15
133 79
64 101
103 126
47 39
145 143
14 7
60 69
23 119
18 23
110 15
28 40
82 16
93 96
108 111
49 38
67 5
147 80
100 128
93 127
44 39
10 71
142 64
30 149
42 118
140 32
58 72
110 30
53 149
67 22
69 150
61 85
51 24
96 14
27 5
137 94
115 144
88 142
67 120
55 134
60 8
87 141
96 29
11 149
37 86
58 23
39 88
83 31
40 21
45 135
112 63
33 149
43 8
147 126
9 119
119 78
27 101
19 88
57 120
61 134
41 117
147 143
109 128
115 62
100 32
103 46
12 56
122 78
79 143
16 72
2 5
22 53
37 133
141 143
29 103
61 72
135 31
16 37
6 102
88 77
25 23
84 142
7 103
17 104
18 69
104 127
142 15
97 143
113 110
93 95
67 23
144 15
83 80
149 96
121 112
123 126
1 56
106 46
108 142
26 120
89 95
32 87
70 53
147 46
85 64
105 109
60 40
9 134
120 144
148 96
35 87
124 62
44 55
31 54
136 45
63 69
119 29
96 16
115 47
4 70
35 22
107 64
132 46
133 142
27 86
89 109
115 110
20 86
149 127
71 118
9 136
107 15
113 32
43 135
71 72
82 127
86 80
59 102
114 63
29 6
7 87
102 141
62 40
37 150
109 110
33 133
65 6
142 16
33 104
1 37
65 56
61 21
32 37
139 142
107 31
133 16
103 144
99 31
3 117
141 30
48 135
27 54
10 8
84 127
57 103
50 56
107 13
121 61
135 125
110 29
49 134
112 142
112 46
26 70
123 15
105 48
93 144
102 112
67 56
12 101
115 94
71 134
44 70
138 32
94 46
40 39
99 15
39 135
68 88
12 150
81 47
19 56
59 149
125 31
130 32
99 110
121 78
132 45
33 102
143 109
56 70
87 47
125 79
70 103
71 70
53 23
145 48
48 7
35 6
53 101
33 7
63 54
149 13
111 112
8 39
48 101
47 37
26 53
145 77
118 77
131 80
126 79
109 77
126 64
37 23
142 46
6 6
34 72
119 143
138 16
99 48
112 48
99 126
106 47
62 150
11 23
29 117
25 56
36 37
96 128
62 119
122 111
111 142
56 88
109 14
92 95
129 62
144 79
109 29
88 78
117 143
17 70
63 21
137 45
86 29
90 93
68 40
81 64
90 29
18 21
21 23
26 37
51 40
80 111
59 40
43 39
149 112
100 64
34 6
120 126
134 79
24 21
132 95
84 80
150 125
105 128
128 30
139 48
13 102
43 102
104 142
42 136
60 54
27 103
9 85
86 109
1 39
90 64
43 88
138 125
43 56
52 117
25 87
83 47
137 48
56 118
31 56
79 13
18 118
85 62
45 40
103 29
7 56
60 103
34 149
114 46
36 5
88 15
41 149
31 69
106 96
23 39
85 47
93 77
21 22
90 111
58 85
93 126
17 118
128 47
43 21
106 62
23 101
87 64
122 126
20 117
124 14
122 79
83 79
127 128
85 142
147 109
60 149
129 78
121 30
21 54
48 55
81 95
6 38
31 7
119 112
105 16
138 128
9 135
11 6
15 39
149 95
96 144
85 95
61 150
102 94
3 149
39 55
49 39
33 40
97 95
41 134
104 64
56 150
33 87
113 46
6 150
122 47
106 109
53 39
80 96
66 54
104 32
50 7
20 7
91 126
146 80
139 79
46 38
150 93
61 104
56 7
66 55
10 136
90 127
27 119
138 30
34 40
24 69
121 45
56 5
96 93
83 93
40 88
140 112
69 88
107 143
47 120
84 64
126 144
68 22
118 141
89 128
51 133
145 96
15 149
136 64
125 110
13 120
17 37
126 13
89 29
67 103
33 88
55 39
25 70
65 86
24 149
59 55
54 69
31 40
53 72
48 8
87 111
8 23
19 135
106 14
71 117
9 120
133 96
37 8
12 38
47 5
102 62
57 135
17 38
39 69
130 141
56 55
48 39
106 141
141 47
131 61
27 117
150 47
23 135
122 94
37 70
48 120
105 14
39 39
12 117
90 46
111 95
39 8
135 29
108 96
40 7
34 5
35 24
137 77
67 55
49 8
50 5
28 53
32 8
114 111
9 6
93 30
103 14
46 23
126 77
150 77
20 149
22 23
96 63
1 133
140 126
129 16
86 111
53 87
8 134
59 53
10 101
69 134
103 110
84 112
64 134
144 48
81 15
140 127
119 14
30 71
53 7
89 46
88 95
118 45
14 135
112 110
104 46
94 14
59 103
135 48
133 78
135 46
120 96
131 78
50 71
113 45
149 16
147 141
15 7
127 125
126 62
36 39
88 47
111 79
20 136
108 94
120 141
116 30
94 127
41 120
125 141
97 78
30 118
140 110
15 71
46 101
86 95
92 32
52 87
5 5
3 71
143 111
113 62
110 31
15 85
123 13
43 149
136 32
26 56
31 72
80 143
111 15
54 39
149 110
129 32
100 95
59 7
25 86
101 45
4 53
92 47
40 6
96 110
124 96
108 144
102 143
88 46
132 142
14 102
60 24
41 150
18 56
107 128
79 93
28 134
114 127
16 103
64 6
115 142
13 69
93 93
65 55
7 101
127 13
123 111
80 80
100 15
48 38
37 102
106 15
51 101
127 112
32 85
142 127
97 47
19 23
146 46
144 13
6 103
40 87
85 13
43 38
92 30
140 128
47 87
146 96
24 120
91 78
8 7
79 79
110 61
122 61
8 69
124 142
103 109
3 21
120 128
8 5
118 111
62 85
3 56
45 102
148 95
90 78
24 38
96 64
28 117
131 79
33 118
102 30
121 144
84 95
1 135
65 104
143 142
39 5
65 54
89 31
139 32
105 111
19 120
127 48
124 126
113 61
22 54
96 77
148 112
51 38
118 93
90 141
100 61
144 125
17 136
89 125
3 101
86 15
34 23
60 23
117 112
50 38
20 55
3 134
97 94
143 46
36 22
34 54
33 6
29 72
15 37
56 134
83 126
69 118
108 15
2 22
101 14
3 86
133 126
43 23
80 141
1 70
87 128
24 37
62 55
124 16
115 80
61 69
129 126
10 87
2 37
34 118
52 69
40 23
119 80
107 30
109 125
36 53
80 142
66 135
40 120
105 61
6 149
128 14
22 136
7 7
11 86
88 62
4 23
115 14
84 143
30 85
50 70
133 29
79 127
81 111
104 143
63 39
71 119
35 118
97 109
22 55
35 70
14 69
55 104
20 21
140 61
9 39
119 144
20 40
117 46
106 126
102 63
83 29
66 70
34 88
26 86
103 80
37 7
123 93
104 141
58 21
41 86
64 133
19 53
62 133
81 63
130 93
15 104
59 101
111 125
131 29
44 22
135 79
90 48
130 13
124 109
22 7
126 48
3 103
50 8
57 23
108 31
39 40
100 78
49 120
25 117
123 77
115 143
91 62
95 14
129 111
21 8
46 150
64 135
106 127
37 87
130 109
62 103
68 8
12 53
62 8
63 55
89 143
51 71
37 119
114 110
30 21
15 86
124 144
19 7
104 29
32 23
47 38
23 53
95 127
70 85
19 117
27 38
13 88
103 32
115 127
26 135
127 64
22 38
63 120
53 8
131 31
29 71
29 70
27 134
62 104
68 72
24 88
116 125
105 144
51 102
55 101
99 127
34 119
129 110
83 109
89 64
110 47
53 104
146 127
131 45
133 46
117 80
70 119
129 61
27 150
14 117
111 61
129 96
128 93
150 63
52 104
65 103
112 93
124 45
147 16
111 45
111 63
57 88
106 143
129 112
130 80
2 104
66 21
107 48
26 87
47 70
113 15
97 127
46 72
17 102
27 120
136 143
1 69
41 8
31 39
111 31
98 77
141 62
14 23
128 46
4 21
120 15
102 80
98 31
52 8
95 32
11 71
115 109
17 150
131 47
29 86
89 142
69 104
8 149
140 78
6 22
10 23
101 15
90 125
100 16
57 8
24 103
21 70
18 136
126 111
70 72
1 22
148 128
132 144
8 72
12 136
103 112
20 120
48 5
48 72
93 79
33 39
8 55
25 37
63 86
83 64
133 125
93 128
41 133
29 39
84 48
123 63
119 47
146 143
64 118
138 80
35 23
48 117
2 40
80 62
20 71
23 21
10 72
40 118
102 127
143 47
49 119
32 5
98 128
21 86
109 111
95 125
126 96
35 38
20 88
23 37
101 47
17 21
65 133
24 24
35 54
69 22
25 150
142 80
37 54
49 56
56 135
62 54
126 80
144 142
8 135
121 63
50 101
33 8
136 125
1 88
85 141
65 22
33 56
59 134
118 110
149 80
89 110
103 63
132 29
118 127
20 135
1 119
117 126
44 120
111 96
103 143
45 71
28 101
91 45
128 95
13 85
118 128
43 118
147 144
31 103
89 144
44 87
123 61
59 5
83 62
56 23
38 134
60 7
69 87
62 22
107 77
44 24
124 29
141 128
62 38
50 22
46 134
125 128
98 14
113 63
124 63
31 87
45 23
104 63
40 149
24 7
115 63
144 61
51 7
84 96
115 61
33 71
29 102
51 136
125 126
118 62
108 64
10 7
68 38
94 110
118 14
31 136
64 55
8 136
55 53
99 94
142 144
115 79
20 5
4 88
90 62
71 69
125 96
82 125
36 24
1 134
57 5
103 142
53 103
47 40
112 126
93 62
26 102
139 15
24 134
138 47
2 23
29 149
122 77
44 40
37 104
127 29
41 6
15 88
107 46
114 94
20 8
11 118
143 48
85 77
145 78
65 39
69 101
126 47
128 112
123 31
86 13
55 118
102 61
33 85
14 133
127 31
30 55
52 135
23 40
115 31
110 46
9 5
86 16
70 24
110 125
126 110
85 111
34 87
61 8
64 22
30 119
16 88
128 45
129 141
124 77
122 31
54 21
139 128
23 85
122 143
35 102
21 53
96 62
87 63
27 23
91 48
58 6
125 64
38 71
81 126
53 136
37 22
21 136
143 93
97 126
113 143
62 134
83 14
14 86
85 109
84 14
43 5
149 94
93 29
127 143
57 24
3 53
135 111
67 72
55 56
127 46
80 95
19 8
64 7
101 126
9 72
130 64
56 37
121 95
29 118
65 40
59 117
52 24
15 134
68 24
139 77
61 118
20 69
92 64
139 126
134 142
123 45
68 87
46 70
130 31
103 141
143 15
147 47
107 111
38 104
99 14
64 5
12 133
16 70
54 134
82 126
24 40
58 7
79 95
61 119
4 149
70 8
139 93
141 144
100 46
122 13
107 96
21 71
132 143
64 117
81 141
94 15
135 126
9 118
27 56
61 149
32 39
19 119
60 71
121 14
11 85
5 87
14 24
107 61
55 119
83 77
108 32
136 13
20 23
22 118
8 119
113 94
49 55
103 78
81 61
148 125
16 149
46 71
128 64
144 77
107 78
147 111
130 126
144 143
82 77
66 5
114 80
47 133
134 31
97 29
148 16
4 71
130 63
142 48
63 134
34 39
99 143
18 150
56 22
91 80
62 135
47 104
143 31
57 136
95 128
116 64
117 127
41 70
16 86
55 5
94 142
20 118
5 40
102 15
29 69
5 56
49 87
31 71
48 6
140 111
23 23
132 31
71 5
130 111
55 72
131 144
141 63
35 150
100 143
8 150
47 102
60 135
25 101
82 141
137 31
101 96
99 62
144 96
30 54
70 38
68 56
149 61
64 70
1 87
60 118
19 134
80 93
125 29
117 15
54 120
18 117
27 133
39 72
126 29
20 134
42 117
105 13
3 8
133 48
56 56
108 14
35 134
54 87
21 87
88 61
63 56
67 54
82 80
15 119
145 14
90 95
94 96
7 53
50 40
41 88
86 127
4 133
4 6
49 40
116 62
138 61
33 86
143 144
80 31
41 87
55 7
90 142
92 61
31 150
3 102
13 8
112 95
46 87
59 71
3 24
88 128
4 134
7 21
142 95
9 104
9 117
141 48
13 71
61 55
38 117
34 22
131 13
88 144
111 80
6 88
61 86
107 112
38 54
110 141
108 125
4 117
101 48
80 46
29 55
148 32
132 111
17 119
99 111
36 136
26 72
51 70
61 88
8 70
23 72
42 8
149 111
86 77
97 63
11 87
47 7
17 120
45 54
88 143
59 118
85 79
6 87
148 142
30 40
138 144
12 85
62 136
13 103
6 101
45 37
92 14
8 118
121 62
68 21
63 22
48 136
141 32
81 32
128 109
99 125
49 103
145 79
51 134
121 110
29 120
14 118
83 16
21 88
49 85
133 64
28 54
24 117
131 143
88 32
52 6
5 69
132 112
9 54
122 144
44 23
84 46
135 16
109 80
24 56
133 110
57 39
146 95
17 117
18 86
19 71
101 79
83 96
10 5
1 53
8 104
127 63
121 32
145 64
48 56
109 61
137 143
46 54
68 23
37 53
20 104
81 96
127 61
9 71
109 95
34 38
43 37
69 56
118 112
63 85
11 70
16 22
46 104
39 37
89 111
62 87
87 32
33 103
25 102
58 118
149 143
27 22
8 103
38 6
56 24
69 7
55 103
95 31
2 88
8 86
46 69
118 96
120 80
79 109
130 95
67 21
141 77
35 117
108 110
56 53
94 79
131 46
16 40
138 13
51 23
141 13
24 101
51 54
17 6
107 79
101 78
68 5
39 86
85 78
94 95
146 111
120 125
92 125
18 5
86 112
131 110
48 69
37 38
86 126
58 55
7 38
83 48
104 110
120 32
55 87
142 126
106 29
2 86
19 24
119 45
40 71
91 125
116 127
135 112
68 118
53 21
118 78
139 31
85 144
65 88
16 135
122 95
36 40
27 118
115 93
50 120
138 14
101 46
39 87
50 86
138 62
70 54
17 72
125 77
123 127
109 31
91 15
4 135
100 31
134 78
53 38
139 62
104 13
111 48
125 32
136 15
42 5
115 29
116 110
6 135
16 133
11 102
107 109
32 72
25 88
1 104
130 143
122 32
117 47
1 120
66 69
55 37
48 104
40 22
70 71
147 95
135 14
38 118
36 70
20 150
125 93
123 30
145 128
18 103
60 104
132 128
52 118
57 21
39 120
2 21
55 135
12 88
8 21
132 13
48 24
103 13
134 125
109 45
110 143
79 15
92 45
145 32
41 55
38 39
92 110
140 64
83 30
53 135
3 54
28 102
37 37
144 127
109 94
101 128
133 93
54 54
17 71
1 86
1 101
134 109
40 101
13 53
84 61
52 40
130 29
114 64
16 38
15 56
27 7
10 133
140 15
108 126
132 64
83 143
137 109
46 53
10 38
68 37
98 79
98 94
140 80
57 72
11 38
49 70
124 79
98 96
104 126
11 88
130 128
144 95
60 87
57 118
104 125
94 45
83 128
10 86
137 32
30 53
121 111
98 127
105 32
34 8
103 95
83 78
40 5
127 62
6 71
30 7
135 141
99 95
124 61
28 7
25 7
42 149
134 46
133 144
41 7
68 70
55 117
60 133
36 69
27 88
11 133
89 127
86 64
148 63
150 141
31 88
128 61
18 38
141 61
120 111
46 118
136 95
70 40
112 128
137 61
111 62
46 39
86 94
106 61
106 95
35 119
54 136
21 117
119 61
116 93
17 149
113 126
15 150
149 63
61 23
13 101
109 46
120 31
95 63
18 120
148 109
4 37
90 94
144 80
11 69
24 5
140 47
89 16
135 62
118 109
12 103
96 80
132 30
150 62
110 48
131 15
114 128
136 110
13 55
56 85
82 45
55 6
147 13
91 127
112 16
110 14
147 127
34 86
120 63
89 15
51 85
82 96
120 61
6 37
48 88
120 93
49 104
86 46
106 63
97 31
61 102
41 23
70 39
87 31
64 53
147 96
131 32
27 85
90 109
9 133
111 128
91 32
115 48
39 102
96 141
90 16
79 128
51 69
112 45
23 103
67 70
133 62
85 15
2 102
68 117
67 150
54 72
69 40
15 5
27 39
61 133
21 101
94 47
117 78
80 30
28 87
130 47
59 6
128 96
39 53
81 125
27 21
24 72
21 134
100 13
21 24
108 45
63 117
56 119
45 53
12 54
95 64
110 45
144 93
130 79
25 104
21 118
127 111
60 21
38 5
16 101
123 128
126 95
59 21
114 29
57 37
37 5
49 150
33 135
125 63
85 94
118 61
133 31
56 71
29 53
90 63
127 79
98 80
107 141
123 48
64 103
45 117
41 24
69 53
136 128
92 127
58 150
123 95
13 72
60 134
148 30
18 135
150 45
3 136
71 101
69 55
26 7
97 112
101 94
26 117
96 47
46 56
45 101
134 95
133 143
3 6
20 6
4 120
116 95
66 118
30 135
91 13
36 23
86 47
34 85
61 101
69 102
44 21
87 48
94 77
120 16
96 125
4 7
104 78
29 54
18 133
23 86
100 127
52 72
149 128
2 118
134 48
88 127
31 8
47 88
117 109
105 79
86 14
132 93
118 31
102 16
66 136
49 71
68 7
51 39
144 32
45 8
146 31
94 62
68 119
121 13
127 80
14 149
50 104
141 93
93 64
112 78
56 8
56 54
138 93
53 88
98 63
55 150
123 16
49 69
88 29
109 47
59 119
21 103
108 13
58 37
103 61
28 6
102 111
115 16
113 95
28 8
40 56
136 142
109 32
141 112
96 127
28 21
106 31
53 119
101 32
112 77
112 141
87 62
89 93
137 110
124 48
118 95
68 120
117 128
32 135
79 111
93 142
117 77
84 30
60 70
25 133
143 16
118 94
44 134
130 112
87 13
29 136
32 56
48 37
12 149
27 104
41 119
54 40
42 23
7 119
50 39
26 118
113 128
97 96
145 45
27 72
114 141
42 37
134 110
21 85
96 109
38 102
26 150
40 134
35 149
48 118
8 37
22 101
68 101
80 125
34 102
44 117
146 109
58 24
66 103
108 62
145 62
40 40
92 31
65 5
129 14
61 5
58 8
46 5
117 144
117 32
105 46
48 134
119 63
63 101
36 120
3 119
36 118
131 96
70 7
42 7
101 77
87 80
26 85
128 127
63 118
95 144
25 85
70 120
47 136
84 144
95 16
87 143
18 53
14 21
79 32
141 14
47 85
134 64
13 86
129 13
52 70
39 150
44 38
138 15
109 96
138 111
134 96
58 102
38 21
67 7
84 79
7 40
82 13
116 15
3 135
22 85
13 6
42 103
106 93
143 77
53 118
79 30
124 111
43 40
63 37
9 23
110 111
82 46
53 86
123 143
101 29
42 101
40 37
64 85
6 72
36 71
128 144
46 88
37 103
137 126
130 48
69 136
108 16
41 53
51 120
93 61
56 133
110 78
140 143
148 29
32 7
135 94
63 7
135 45
135 127
145 47
7 5
84 47
29 23
80 45
98 109
80 64
21 119
18 72
39 103
71 103
54 24
66 23
146 93
44 101
39 6
128 141
52 22
63 150
148 93
3 40
41 39
2 56
3 69
49 53
90 45
87 125
1 5
146 48
144 126
65 7
39 117
132 62
147 14
16 134
102 13
149 125
88 111
33 119
14 5
122 62
66 87
60 102
100 47
54 103
6 104
70 21
120 112
132 61
52 88
121 141
136 48
32 102
101 144
119 141
52 55
25 149
6 134
140 144
61 136
1 71
111 78
97 110
86 48
146 30
119 93
129 144
68 150
138 96
99 30
92 93
84 16
64 69
57 104
137 79
31 86
10 40
26 119
17 69
150 126
97 79
62 53
5 88
19 149
23 117
13 5
148 79
129 47
67 86
34 117
65 150
64 87
24 53
117 95
3 70
127 30
120 95
45 133
133 109
39 21
130 125
2 6
34 71
86 78
129 30
139 109
117 141
61 7
66 6
68 71
121 142
55 102
139 61
144 110
20 133
52 149
8 22
119 77
56 102
135 109
80 61
105 126
11 8
91 30
44 53
43 55
127 126
145 125
136 109
119 62
41 136
89 96
136 31
57 69
45 88
125 47
146 61
134 30
142 96
130 16
139 143
33 117
65 38
92 15
47 69
80 47
128 78
20 38
44 86
24 86
14 40
9 7
109 13
135 144
45 150
107 93
44 133
104 95
147 61
81 93
41 69
11 120
142 77
142 30
42 71
69 69
109 62
28 37
18 102
115 13
104 111
117 94
118 80
27 40
52 54
43 54
135 63
41 101
112 96
14 136
63 149
98 45
114 30
17 22
145 16
118 64
42 69
26 6
12 40
125 111
58 38
85 143
53 24
113 125
145 112
135 96
22 102
50 87
87 77
29 7
15 21
122 63
18 54
114 15
110 128
30 8
34 7
2 69
5 37
45 21
69 71
91 61
93 111
57 150
48 102
8 56
148 77
97 61
126 128
138 126
98 62
1 102
108 46
54 70
12 55
18 8
93 46
5 134
22 150
2 39
87 144
53 22
26 71
40 103
36 103
25 134
114 77
105 141
103 64
103 45
41 71
12 24
51 22
120 14
84 15
144 144
57 54
88 45
31 102
147 45
136 77
150 46
3 23
143 143
124 141
134 144
2 71
85 48
71 71
147 77
51 119
63 8
121 31
93 47
145 109
110 127
136 62
112 64
92 29
105 143
130 94
10 69
54 5
55 69
58 136
59 70
146 62
71 37
19 101
32 149
56 101
9 56
25 5
14 70
14 22
108 109
83 46
124 128
56 136
105 63
28 104
48 23
28 72
101 127
44 71
56 6
12 87
22 8
102 144
42 150
63 119
43 86
122 45
117 45
25 135
50 85
143 128
21 72
137 63
64 23
31 23
46 135
140 13
64 149
149 30
129 79
132 80
98 110
16 136
17 85
35 85
26 104
103 125
5 85
19 22
1 23
114 14
15 102
108 141
147 112
137 29
126 78
32 119
86 63
69 72
109 127
124 78
143 14
39 23
4 136
21 120
119 94
133 112
146 126
30 150
137 13
119 96
105 94
146 79
119 64
31 104
128 80
131 30
101 109
100 80
33 38
147 79
96 32
24 54
112 143
40 69
93 141
128 31
42 39
6 7
143 78
108 143
119 110
122 80
12 39
147 32
118 30
146 14
110 96
148 61
120 62
62 37
2 72
132 141
115 77
3 87
12 119
113 109
31 5
67 87
13 37
127 142
63 133
22 134
102 96
83 95
97 14
83 144
16 24
108 93
116 141
42 55
15 38
58 117
130 78
140 94
146 128
104 94
126 125
115 126
143 63
49 86
125 46
90 144
111 110
89 13
98 15
3 72
10 103
52 103
32 22
84 13
65 72
7 71
142 78
25 54
43 71
139 112
148 45
60 56
57 7
59 136
124 31
66 37
2 149
43 6
103 79
35 21
109 15
60 120
122 14
86 45
21 38
5 22
126 14
128 29
45 120
116 96
4 8
15 54
97 111
50 6
38 38
48 53
20 103
44 5
95 45
148 127
17 39
40 24
126 142
66 119
26 38
109 144
54 53
71 55
45 134
113 77
119 13
7 117
13 24
81 109
22 5
85 125
67 24
143 95
117 111
150 15
46 102
110 63
45 70
101 63
37 56
64 38
35 39
11 37
98 64
114 96
66 39
22 39
1 103
67 101
12 69
4 87
50 103
85 128
36 86
61 40
35 86
64 150
113 127
36 38
52 120
40 102
2 53
146 16
70 134
54 102
42 134
60 88
107 144
71 102
143 110
44 103
127 78
92 96
66 85
68 102
59 69
120 109
18 88
116 32
70 70
92 144
63 88
45 6
90 13
82 61
141 80
119 125
39 7
120 30
109 64
137 127
140 29
84 111
35 104
58 133
150 29
70 101
150 13
108 47
141 64
44 85
9 21
5 6
4 22
23 5
90 47
6 70
141 15
27 70
21 39
43 87
142 128
86 141
134 63
79 31
98 141
37 85
81 31
123 141
112 79
131 141
23 7
92 112
99 128
142 29
3 85
116 16
81 79
44 56
36 85
62 56
111 64
97 16
120 48
103 30
28 150
12 5
81 14
9 55
118 16
137 46
29 56
114 144
17 133
5 23
69 5
113 96
128 62
149 126
3 39
50 133
58 119
132 14
90 143
20 72
26 39
113 14
68 39
143 64
89 48
132 15
140 93
79 94
66 71
112 32
39 56
59 120
125 15
142 31
10 135
116 126
34 37
134 77
108 61
50 150
97 80
21 40
54 104
44 118
71 56
133 63
54 71
86 62
24 39
2 101
36 72
101 64
25 69
131 14
134 80
35 88
113 80
96 94
97 77
148 110
114 95
25 21
2 136
53 85
149 45
102 29
89 30
52 86
83 110
37 149
44 104
137 30
99 46
21 135
56 149
89 79
28 24
43 136
43 22
122 110
53 6
124 143
6 136
6 39
1 55
15 117
60 22
126 16
141 142
139 96
117 63
38 149
44 37
103 94
12 22
64 86
12 118
45 24
13 39
97 13
55 23
146 77
55 38
80 127
115 78
143 62
17 40
92 63
4 85
55 149
57 6
135 15
148 46
126 112
39 133
144 47
141 79
58 70
146 47
2 133
127 96
36 101
119 32
10 119
97 30
19 104
23 54
104 77
133 61
25 118
104 14
146 144
91 79
9 37
138 46
50 55
133 14
149 141
125 61
126 93
52 23
28 39
60 119
1 118
37 6
109 141
30 72
18 101
58 39
122 142
47 150
63 23
24 23
87 126
123 96
63 103
31 133
68 135
31 117
66 8
11 53
117 64
53 117
92 126
43 134
63 24
113 30
21 133
84 128
40 135
18 104
131 93
19 40
93 48
45 55
106 77
84 77
37 69
69 149
41 102
85 126
122 109
27 102
49 101
15 40
52 102
141 94
28 88
148 64
10 117
27 24
114 32
94 94
127 45
52 119
36 150
64 71
31 24
112 80
70 22
21 5
51 55
43 70
131 111
44 54
19 133
114 112
21 69
68 133
127 47
94 112
148 14
62 118
65 21
60 150
138 78
59 56
45 7
4 55
127 94
30 56
87 142
38 150
81 127
98 142
41 118
117 62
144 46
91 77
135 78
121 47
119 126
112 31
7 133
57 71
47 118
90 32
88 63
14 103
98 126
68 86
37 24
104 61
51 117
128 32
13 38
116 112
17 103
150 111
95 15
46 86
33 24
135 95
92 62
132 32
129 15
111 144
5 120
142 79
85 112
54 133
71 6
63 87
108 48
117 93
70 37
107 16
118 47
148 13
15 55
89 63
11 21
12 120
123 29
146 94
64 8
80 79
140 45
118 15
32 86
49 24
89 32
121 125
121 16
28 56
68 103
37 21
66 134
149 32
129 125
81 13
6 21
41 38
102 45
28 120
43 119
65 69
81 143
62 101
13 135
147 78
145 30
7 102
111 14
38 87
146 45
121 96
64 21
98 47
102 110
59 86
116 144
141 141
69 119
88 93
84 45
139 144
118 144
124 110
86 142
121 80
33 5
45 104
95 109
44 136
36 88
97 64
55 136
88 110
97 128
15 6
102 32
5 133
92 78
10 39
135 30
30 136
56 39
82 29
31 22
57 117
120 78
136 94
143 61
127 110
36 102
106 111
136 63
100 126
9 150
109 126
19 5
92 46
143 30
140 95
3 38
26 5
91 63
100 77
96 15
150 30
133 47
43 120
147 125
116 79
114 47
54 23
150 96
47 71
47 56
144 64
39 134
46 103
30 5
87 79
104 31
90 31
58 22
82 94
6 56
136 96
58 40
66 56
137 144
142 13
121 143
150 127
133 77
22 120
124 93
139 80
39 54
128 128
96 79
119 142
114 142
93 13
47 23
61 135
118 48
129 77
32 150
111 109
42 72
101 143
143 141
102 128
55 86
85 93
49 72
100 79
142 61
16 71
94 80
83 112
61 22
119 128
150 61
41 135
98 95
42 70
97 48
82 95
41 37
81 94
145 127
34 24
139 13
65 87
135 142
2 117
20 53
142 93
121 127
116 48
80 16
129 46
47 22
63 5
69 24
136 61
106 125
11 72
14 53
36 134
145 80
14 71
7 135
62 117
49 21
82 143
38 101
29 22
116 46
147 142
51 5
81 112
115 112
13 40
7 54
149 46
7 120
43 101
24 135
31 85
6 8
61 87
117 31
60 5
34 103
111 47
66 104
18 87
59 88
20 102
81 144
69 133
127 77
79 78
6 133
120 47
135 128
66 72
88 48
71 149
30 101
49 7
144 78
132 125
71 135
126 32
58 88
86 128
108 30
16 7
39 101
5 104
12 70
69 37
8 54
96 45
138 63
68 53
60 6
19 87
116 128
88 13
120 64
41 22
86 143
139 16
147 64
137 142
104 47
38 24
30 133
143 80
2 134
31 101
112 62
22 6
90 77
60 72
109 143
7 149
82 142
7 85
88 79
130 144
79 61
107 127
88 14
106 16
43 103
70 23
106 45
96 142
139 125
141 126
92 48
136 16
54 38
66 24
132 47
65 70
37 118
110 77
92 143
4 24
114 93
67 37
41 103
96 48
119 48
132 109
44 6
71 120
11 134
7 24
5 101
138 109
112 125
150 79
88 31
83 141
99 96
108 128
46 85
102 46
96 46
120 45
127 15
135 32
26 88
22 149
104 80
43 150
133 128
56 104
87 127
9 102
35 8
36 117
112 30
40 53
133 111
95 46
14 150
66 7
143 32
42 88
98 29
116 142
38 119
34 70
95 62
5 103
130 61
30 70
58 135
7 23
34 101
16 23
122 46
141 29
47 101
16 54
141 46
94 128
34 135
32 71
92 80
4 102
6 69
35 56
18 6
19 136
13 136
132 78
94 125
146 125
120 94
5 117
33 54
17 24
82 30
116 80
21 104
5 102
37 88
67 119
11 119
141 125
128 13
52 5
42 133
120 77
87 46
126 109
136 112
3 55
55 120
111 13
81 30
44 149
100 62
135 64
57 55
79 45
69 135
128 142
17 134
48 119
37 117
83 142
44 119
24 87
138 48
144 111
63 53
149 93
89 80
137 128
134 13
27 8
107 47
95 78
24 70
3 150
66 120
18 7
38 70
127 141
94 61
79 142
66 88
54 150
22 21
102 48
1 40
66 86
139 95
41 72
35 72
53 102
62 88
65 37
79 63
33 23
115 95
27 53
130 15
21 55
139 127
83 32
64 39
71 40
59 133
26 40
67 118
48 149
41 56
35 133
94 16
101 95
131 95
125 127
102 95
2 24
28 133
35 103
104 128
31 6
18 37
5 119
34 104
7 72
71 22
4 119
128 111
58 120
38 40
79 126
108 112
102 79
23 8
55 21
149 144
69 86
4 103
24 55
116 111
70 69
145 111
81 16
25 136
93 31
110 32
57 53
45 87
65 120
31 135
83 61
27 37
116 109
55 24
22 117
45 39
62 72
34 120
41 21
108 78
17 54
144 109
92 13
60 136
48 71
35 120
5 38
34 150
98 78
102 64
69 38
97 125
15 8
53 54
108 63
147 15
132 110
142 32
67 117
137 93
131 62
6 120
143 126
16 55
143 125
58 134
22 119
68 54
36 55
71 86
140 48
47 24
109 142
6 117
50 136
47 86
122 127
105 15
49 22
44 102
145 94
149 79
91 46
116 94
144 45
101 61
34 133
4 5
23 55
37 71
150 95
23 104
113 141
127 109
141 109
80 110
50 21
53 120
139 110
13 54
106 64
110 79
88 112
91 14
99 13
9 8
91 64
133 15
42 40
146 64
8 71
70 136
126 127
149 109
39 70
38 133
42 53
66 133
52 56
132 96
26 21
137 78
105 95
99 32
113 31
116 47
49 135
79 62
38 7
91 47
51 103
38 88
12 102
30 24
110 126
119 15
14 120
20 85
41 40
132 16
106 80
11 104
83 125
53 133
33 72
68 85
95 142
133 30
45 119
135 110
28 38
100 93
120 13
84 78
24 119
27 6
105 45
38 8
100 125
15 118
122 93
13 117
36 149
128 15
93 80
103 15
24 102
1 136
7 136
83 63
46 24
22 56
56 21
144 112
42 38
116 29
11 5
13 22
91 110
38 136
65 53
46 120
35 55
140 125
51 8
23 118
87 14
139 94
148 78
2 87
31 70
23 24
66 149
9 40
90 96
134 14
12 134
105 93
59 85
109 16
30 117
71 24
148 15
9 38
91 128
31 21
84 94
128 126
11 150
63 70
147 31
138 45
4 101
135 80
36 133
29 134
14 8
35 136
147 62
129 45
43 24
47 72
6 118
81 45
16 104
125 30
84 32
123 32
29 5
62 102
119 16
30 37
95 13
111 127
133 80
23 56
67 71
97 15
23 69
71 87
115 64
65 149
143 94
105 47
82 32
15 133
82 93
49 136
118 46
25 71
126 94
99 63
31 37
3 5
137 62
95 110
23 136
87 110
88 109
149 77
10 22
24 150
67 102
91 94
71 21
1 6
110 110
87 61
63 136
26 149
15 69
83 15
38 72
54 6
137 14
16 6
128 48
23 133
91 109
10 150
124 125
5 70
109 109
101 110
32 103
4 38
91 143
10 102
28 23
94 144
111 46
98 13
20 119
53 134
148 94
54 22
136 79
144 63
82 111
24 8
137 64
99 64
56 38
136 141
54 117
2 120
19 150
150 48
96 31
59 22
11 54
144 62
129 142
52 38
131 126
18 119
104 45
98 46
48 103
110 16
94 143
134 111
34 69
5 149
69 117
117 110
35 5
13 104
26 134
80 144
28 135
66 101
82 112
129 64
29 88
121 64
22 40
93 94
45 5
14 56
63 72
107 62
5 54
126 31
57 101
9 88
5 24
69 120
85 32
1 24
32 6
148 47
23 87
142 47
117 30
150 110
4 72
4 54
61 54
10 37
114 45
12 71
122 128
54 86
50 23
138 94
100 142
90 30
129 93
82 14
102 14
58 87
8 101
99 16
26 23
128 77
3 133
53 40
61 71
101 80
98 144
140 141
25 103
50 102
47 21
124 127
6 40
134 16
85 30
49 6
140 16
2 55
57 133
106 128
124 30
4 69
17 5
46 40
86 110
125 14
95 93
13 56
68 55
102 142
13 23
64 136
128 79
52 101
98 61
51 72
123 64
23 150
149 62
147 30
86 125
65 136
145 95
135 13
127 127
42 86
61 53
106 112
4 150
20 22
40 72
123 79
2 7
67 135
47 6
103 93
95 141
99 77
115 128
50 117
71 136
130 142
61 56
148 144
59 135
146 112
43 104
80 126
113 93
43 69
110 144
124 13
131 64
1 7
1 72
123 14
53 150
80 112
89 61
139 47
31 119
50 88
13 21
98 32
29 101
49 54
61 37
149 78
7 55
33 120
113 29
25 6
101 142
34 55
38 22
130 46
62 86
138 29
22 87
107 95
37 39
18 71
112 94
17 7
60 53
84 63
9 149
91 144
50 135
141 95
33 22
105 30
19 21
130 77
90 126
68 104
43 117
114 48
6 119
112 61
139 14
119 109
93 78
93 15
2 135
129 80
80 32
19 69
50 54
90 110
69 39
8 38
62 39
8 85
95 48
146 142
146 78
68 69
110 80
20 70
60 85
121 79
79 47
69 6
41 85
83 13
42 102
126 15
81 142
59 24
137 95
139 63
132 77
59 38
14 37
1 150
67 134
32 101
150 64
44 7
118 29
94 93
45 72
144 128
105 142
115 15
119 111
6 24
112 144
145 126
142 45
85 63
100 112
46 55
39 38
136 47
100 63
70 118
122 48
88 16
19 86
99 80
4 40
144 30
91 31
11 135
129 95
124 94
121 94
38 55
17 86
30 22
110 142
137 111
125 125
49 5
93 45
79 46
134 141
134 32
20 87
135 93
86 30
7 118
147 63
109 48
131 112
92 111
125 45
145 13
84 110
103 47
3 88
61 39
52 85
94 31
4 118
82 128
36 87
27 87
122 96
92 141
95 80
84 93
90 112
130 96
14 134
30 39
25 72
44 8
14 72
22 135
71 39
80 63
100 45
38 135
31 134
28 69
14 6
52 37
14 88
96 78
125 94
117 125
54 118
54 85
8 133
127 14
37 40
57 38
125 62
13 70
10 54
20 39
117 13
105 127
46 8
117 48
38 69
87 29
118 126
17 56
22 104
46 7
26 55
144 29
150 94
138 79
22 133
112 127
50 53
63 135
123 112
93 14
43 7
137 141
103 31
123 46
53 71
131 128
55 40
16 118
60 117
110 94
70 6
107 29
42 87
89 45
128 125
113 142
145 46
102 77
46 117
14 119
123 110
83 94
137 15
126 30
13 149
80 78
136 14
135 47
39 118
22 37
139 64
120 29
141 127
23 70
111 16
37 101
27 149
55 55
87 30
128 63
39 104
58 101
108 127
94 63
118 63
95 29
71 133
103 16
37 72
22 86
30 88
135 77
96 143
40 136
122 112
119 30
87 96
104 109
99 47
83 45
114 13
28 118
36 6
39 24
10 85
55 88
90 61
32 24
40 104
8 6
101 13
7 86
86 32
69 103
131 142
117 29
28 85
91 111
106 78
65 85
136 30
106 142
150 80
142 112
30 87
98 48
53 69
61 120
132 48
138 110
100 14
48 40
50 134
82 62
144 141
25 38
96 95
47 55
109 112
101 93
130 45
82 48
51 135
108 29
94 111
58 149
64 119
24 6
106 94
140 62
116 45
63 6
100 30
25 120
33 21
30 86
81 77
105 78
107 80
124 46
23 102
81 62
22 103
20 24
15 24
85 80
116 13
134 128
19 55
11 103
60 55
79 77
107 94
101 31
64 54
58 69
150 144
25 8
136 80
116 61
3 37
147 48
22 70
11 24
57 102
79 64
101 16
150 78
1 149
81 110
5 72
123 109
115 111
30 103
140 109
117 16
109 30
2 70
33 101
7 6
54 37
54 149
20 56
59 104
11 39
84 141
47 134
118 142
118 79
100 48
10 55
130 62
41 54
26 103
99 109
29 38
138 95
24 136
65 117
60 37
7 37
126 63
64 88
38 103
59 37
70 56
12 23
105 80
1 85
114 125
70 86
31 55
40 117
92 79
37 55
126 126
50 69
51 53
42 85
40 54
142 14
56 72
57 85
105 31
16 85
32 70
13 133
61 103
32 54
91 112
131 77
10 53
95 30
50 72
117 96
21 7
89 62
131 127
17 87
54 8
134 94
130 30
42 24
25 22
136 29
52 7
95 95
123 80
117 14
142 142
5 150
98 93
96 111
138 112
97 46
58 56
18 40
121 128
53 70
79 29
45 149
149 64
143 112
147 128
61 117
5 53
8 87
94 78
4 86
53 53
30 120
39 22
58 71
48 70
38 56
125 142
10 56
33 70
57 86
100 29
10 120
64 37
10 88
33 134
28 149
17 88
21 56
17 55
27 69
108 80
87 109
122 125
150 128
99 61
125 13
101 112
113 64
8 40
140 30
10 149
1 38
24 85
85 16
24 118
26 8
129 128
93 32
23 6
22 22
2 103
110 109
25 53
142 125
89 94
38 86
81 80
69 21
118 32
10 24
45 69
62 70
10 70
15 53
121 46
150 109
49 88
62 120
86 79
59 8
115 46
98 30
44 69
62 5
124 64
139 141
26 69
7 22
147 29
150 112
31 149
114 79
65 135
120 110
31 53
104 144
94 30
105 64
40 133
127 144
149 31
113 13
42 54
32 133
90 128
37 135
11 56
126 143
142 110
12 135
106 110
71 23
118 143
113 111
133 45
105 62
87 93
82 64
15 101
146 110
127 95
83 127
81 128
102 93
23 134
2 150
18 134
67 38
33 37
42 104
66 102
69 23
96 126
102 78
19 118
7 104
26 101
85 31
66 53
71 53
146 29
114 126
115 125
114 62
89 112
48 86
80 13
142 141
40 86
16 150
55 8
134 127
30 38
80 77
96 96
1 21
92 16
135 61
56 87
103 127
96 13
43 85
56 86
28 22
16 5
67 39
122 141
35 7
65 8
111 77
108 77
79 16
41 104
82 78
50 118
35 53
5 7
80 128
55 85
107 32
15 103
45 85
8 24
53 55
47 149
14 55
80 29
122 29
86 144
64 72
125 143
125 48
36 104
115 30
70 55
139 111
18 55
63 40
33 69
9 87
30 104
116 63
47 53
79 14
32 21
93 63
49 118
79 112
141 111
136 126
32 118
140 77
31 118
141 110
139 45
56 40
126 45
68 6
17 101
32 55
101 141
142 111
100 110
36 21
98 16
104 62
29 40
65 24
38 120
147 93
120 79
27 71
111 30
54 119
88 125
30 102
12 7
42 6
103 128
30 6
52 53
145 63
102 31
92 128
65 119
87 45
97 62
26 136
91 142
124 47
25 55
53 56
102 125
120 142
35 101
7 69
57 56
136 127
71 38
70 102
124 95
18 24
108 79
22 24
40 55
88 94
58 103
121 126
133 95
129 127
16 56
17 23
51 37
120 46
122 64
69 70
85 96
94 126
12 104
33 55
55 71
144 14
67 53
59 39
119 95
49 37
21 150
145 29
52 136
131 125
67 104
110 13
57 70
45 103
139 29
55 133
85 14
11 136
144 94
106 13
70 117
40 85
71 88
48 21
52 133
13 87
46 37
84 109
141 45
42 21
100 111
11 117
12 37
2 119
54 135
8 117
67 136
16 39
86 61
64 120
134 29
32 88
51 21
111 126
148 126
145 142
144 31
133 32
149 48
25 39
28 5
138 127
7 150
28 55
107 45
51 104
96 112
32 104
51 118
112 13
22 69
88 64
87 15
70 133
89 126
68 134
59 87
15 135
53 37
42 119
16 21
118 125
22 72
40 70
27 135
22 88
21 37
111 93
10 104
83 111
88 30
90 80
6 23
51 6
116 31
54 101
16 69
87 95
91 96
6 5
