150 150 7462
86 83
124 67
128 128
86 34
6 25
148 124
126 89
98 96
120 148
142 96
60 121
96 111
18 99
10 32
28 149
38 92
94 30
78 20
56 53
80 150
10 93
8 92
66 34
90 45
24 131
16 81
78 35
40 67
142 97
140 73
116 136
134 10
104 77
86 93
124 51
120 82
56 125
120 72
118 31
32 123
56 121
132 149
12 78
98 39
48 126
10 46
58 50
34 4
102 41
44 97
126 78
124 86
132 134
134 30
98 68
44 61
34 76
12 129
136 141
138 12
46 4
6 96
26 49
132 122
112 105
24 87
6 51
150 19
100 66
100 129
6 97
98 89
58 62
22 88
122 38
20 113
126 24
4 117
36 91
64 53
54 12
144 134
100 139
42 21
24 111
62 96
72 131
86 74
132 91
34 56
136 127
46 33
24 146
16 129
34 5
100 65
76 100
150 72
108 148
102 21
64 76
4 90
72 127
140 148
62 85
120 137
88 131
70 19
74 53
88 83
134 38
52 79
34 13
110 1
32 66
62 55
48 120
56 115
50 35
52 51
40 127
82 49
10 4
56 95
20 71
130 64
36 144
16 58
58 10
78 13
56 107
136 111
20 57
98 47
4 97
50 11
72 79
116 80
126 53
66 89
30 1
40 79
74 18
70 57
94 95
88 113
4 96
144 92
120 63
54 59
104 101
8 130
132 140
16 127
92 122
40 134
80 119
8 59
28 129
150 32
8 103
18 8
80 87
108 143
130 16
10 51
136 133
150 10
98 38
76 73
146 6
14 75
80 99
94 22
34 40
90 94
40 122
16 88
144 128
30 74
68 103
28 130
146 15
118 7
10 98
72 69
20 69
148 131
126 98
74 34
60 71
104 140
2 96
30 45
18 37
78 7
130 8
16 143
126 14
60 112
138 50
4 118
64 140
140 79
150 70
44 78
36 88
26 64
26 69
56 60
58 54
90 1
40 86
150 43
42 62
4 56
16 139
132 110
102 81
142 24
118 65
118 36
150 59
44 51
104 99
48 84
72 112
102 52
84 137
56 75
20 148
52 144
38 49
28 62
54 58
98 56
26 17
84 71
6 45
130 2
116 137
118 82
98 54
128 132
10 60
62 95
82 30
138 57
128 107
136 123
74 95
132 88
68 85
76 104
4 119
142 60
64 141
4 133
108 133
106 30
122 19
138 17
80 72
108 144
124 129
126 61
122 28
102 58
88 53
146 93
108 126
12 66
36 128
82 85
126 36
110 90
76 76
24 89
18 55
56 140
112 88
92 128
46 98
52 120
22 44
60 102
36 148
134 29
60 127
138 29
54 68
148 115
62 47
96 136
24 117
102 10
136 81
100 107
112 115
128 127
70 29
108 127
72 150
150 97
74 70
76 143
62 93
36 72
106 24
44 92
106 11
74 15
52 64
120 95
146 19
130 46
118 91
68 124
120 119
80 95
24 123
122 9
80 82
6 16
138 86
72 59
82 76
82 41
108 141
42 29
94 25
14 38
38 25
144 64
104 86
22 61
6 78
2 61
102 13
82 46
34 34
144 147
98 1
100 64
28 86
22 36
92 67
64 148
34 78
24 88
122 74
116 115
82 23
62 41
138 77
120 90
106 38
2 27
42 23
124 87
48 97
92 57
54 16
114 71
120 97
124 111
52 125
94 43
60 63
106 19
146 2
114 45
110 6
146 57
138 42
84 92
116 52
20 73
150 69
62 67
146 55
130 52
66 44
2 79
106 35
150 60
96 144
38 87
106 70
76 133
126 23
144 62
66 1
112 69
4 61
40 57
110 29
140 136
100 145
130 38
118 23
110 15
48 105
30 94
130 10
122 73
18 46
86 22
18 70
70 43
130 36
36 142
128 99
32 61
148 114
60 131
34 86
50 51
72 105
96 130
4 83
74 84
82 10
118 92
138 1
132 111
80 79
32 97
108 99
14 81
106 84
26 90
144 106
46 80
98 10
110 2
124 105
112 117
108 122
4 68
88 89
24 85
62 40
8 54
126 83
36 70
4 129
122 57
100 137
34 15
6 80
112 116
130 94
78 80
140 65
142 19
80 73
44 71
26 37
16 125
120 143
128 88
12 105
16 87
26 42
52 138
16 69
102 55
88 123
46 59
88 67
4 66
138 21
42 52
22 57
6 71
36 146
116 68
88 149
40 115
130 30
98 66
80 120
110 23
76 148
80 149
120 122
124 118
106 75
22 14
146 48
110 53
14 90
150 83
56 58
30 18
52 117
100 83
116 77
138 34
50 30
82 48
42 89
122 61
74 12
10 90
6 48
82 26
32 102
14 61
140 150
80 145
18 17
128 78
74 94
94 16
144 81
84 134
46 11
32 100
126 92
116 125
24 61
80 81
64 65
112 56
34 67
18 24
122 16
2 19
64 88
30 27
56 83
70 79
34 24
124 138
50 52
42 10
108 98
78 27
112 92
144 84
64 60
2 51
4 101
70 90
20 92
8 125
20 127
108 68
120 75
90 36
18 25
98 41
134 12
58 90
6 72
56 63
32 147
138 75
24 148
64 54
54 57
78 67
148 97
66 47
150 93
10 8
122 66
58 45
6 77
98 86
136 117
138 45
140 124
10 24
32 65
94 14
20 77
68 82
40 98
130 97
124 125
28 71
140 56
30 29
128 66
126 11
116 129
148 104
44 111
14 41
116 120
58 31
148 123
82 3
20 96
32 63
120 132
30 22
68 142
60 53
72 103
126 51
2 28
146 66
32 141
26 85
62 24
132 54
132 75
128 58
140 81
60 119
88 127
10 53
58 29
110 72
16 59
38 54
138 89
2 92
76 62
96 108
42 75
84 145
14 99
148 72
54 30
126 43
50 61
116 106
68 65
86 59
62 70
112 128
126 34
60 113
58 79
132 112
142 31
90 57
52 92
90 55
54 70
36 150
46 96
122 32
10 43
134 17
96 80
74 69
146 50
82 98
74 35
118 48
26 55
8 128
24 69
104 103
52 140
94 79
82 89
64 82
74 13
4 123
140 91
28 140
18 81
60 98
90 30
70 86
28 79
68 86
12 132
114 85
100 134
96 61
24 60
50 99
90 69
48 89
136 126
92 116
28 80
10 49
98 27
136 63
74 7
94 32
4 76
58 76
66 6
22 91
140 110
22 8
140 106
92 86
42 5
108 76
68 66
134 95
12 102
144 59
116 81
60 67
8 111
112 83
70 61
4 126
100 140
94 71
122 22
112 114
20 115
90 52
14 79
2 29
26 40
146 86
66 10
122 35
56 106
82 80
40 75
96 91
68 102
72 64
4 93
122 79
114 34
32 99
64 87
108 145
94 61
112 91
8 141
96 146
78 41
42 71
40 70
66 31
2 54
116 146
68 138
110 95
102 3
80 94
2 93
10 33
128 144
126 93
62 89
120 91
106 39
120 100
92 109
52 72
44 140
32 103
92 59
80 108
50 10
116 60
48 146
26 47
122 18
148 139
122 56
2 72
126 6
12 135
110 98
48 56
96 89
124 91
8 83
60 128
8 88
62 59
84 125
88 76
14 33
82 96
14 48
28 148
42 43
10 64
88 82
4 55
84 144
142 23
66 61
10 69
86 14
96 78
62 98
106 42
12 99
14 69
30 87
96 122
138 76
148 54
146 8
148 73
52 104
46 10
112 82
14 15
112 79
102 56
132 103
8 149
136 96
136 104
34 52
24 54
80 63
78 88
148 111
68 93
16 77
12 75
80 117
126 8
38 89
110 66
4 130
128 140
144 78
4 114
106 8
116 65
96 132
142 20
64 74
146 81
112 112
124 149
4 92
146 41
66 38
144 75
88 93
98 92
32 148
106 4
12 133
46 56
16 141
28 64
64 125
16 96
22 1
10 87
32 140
62 74
132 124
40 77
82 87
48 147
66 76
68 98
128 83
100 150
122 50
86 20
24 116
118 30
56 94
36 145
66 86
42 96
6 43
110 39
82 45
42 39
66 93
150 44
128 95
6 4
136 102
28 98
128 77
2 84
54 18
56 74
66 5
148 90
102 98
72 132
100 105
60 76
76 108
116 141
50 41
72 106
116 143
108 75
74 32
18 12
112 96
70 26
8 67
132 53
36 56
78 92
138 13
8 71
6 58
58 5
12 77
2 12
76 124
92 83
116 107
42 12
54 9
130 80
84 90
40 120
10 40
128 131
100 130
144 102
96 117
122 97
128 135
22 63
72 120
68 128
126 91
90 75
78 55
10 94
84 87
102 63
58 49
82 77
72 57
16 111
122 47
90 51
70 12
70 2
22 10
72 68
120 135
8 129
22 67
78 2
140 63
130 31
4 142
86 75
86 29
14 40
150 52
4 139
130 35
142 10
38 68
18 33
106 32
28 117
78 42
88 54
48 101
90 40
102 47
84 128
28 69
74 21
106 12
104 132
6 46
126 46
18 5
36 120
106 25
2 56
8 77
122 12
38 71
24 70
62 27
120 147
26 50
84 141
4 75
48 131
100 101
80 70
90 28
56 88
122 39
122 10
4 132
64 127
2 7
122 4
92 120
106 93
24 138
34 58
58 72
34 51
80 65
96 83
88 88
112 65
88 60
116 108
96 120
82 97
86 32
94 8
36 90
82 61
58 69
106 57
18 54
66 35
134 70
32 53
122 37
56 132
44 84
4 65
70 25
120 56
98 50
116 75
36 116
128 67
120 51
110 22
124 147
136 107
102 45
44 54
90 88
14 59
70 85
136 103
116 104
62 62
10 42
92 97
90 18
120 140
80 53
88 52
148 116
102 89
82 35
84 89
124 59
76 129
96 100
20 130
88 147
102 33
98 81
146 39
108 109
80 66
138 22
120 128
136 91
56 130
92 123
56 116
6 34
38 13
16 116
18 35
124 56
132 105
140 93
78 99
14 24
38 52
150 6
112 90
130 76
102 90
8 116
106 60
94 60
132 66
134 63
34 30
82 17
10 3
96 81
134 13
24 74
70 48
14 64
72 65
144 110
60 105
82 13
60 117
94 84
26 89
58 47
20 81
34 54
100 110
54 88
92 113
98 58
8 94
18 68
96 129
18 4
94 45
92 107
84 94
142 68
2 48
132 138
136 90
102 5
114 98
36 118
108 69
2 53
80 131
48 68
40 132
38 27
64 122
124 57
138 65
24 108
36 105
22 28
80 109
110 69
88 62
10 80
54 55
2 8
46 24
74 41
52 103
68 114
100 94
88 132
120 126
38 12
148 71
106 9
130 14
50 36
132 51
12 130
58 9
34 39
58 60
134 39
82 83
52 142
138 44
40 138
96 95
108 100
48 87
84 59
82 94
72 140
72 75
90 32
148 126
142 6
106 50
26 45
64 116
64 102
66 40
146 85
128 94
68 108
70 60
122 41
112 75
74 38
78 15
94 44
140 86
8 108
130 71
60 72
40 63
22 82
30 52
68 143
116 83
116 100
44 120
42 13
60 133
134 62
62 7
30 58
132 84
50 82
48 63
124 70
74 19
60 88
84 130
90 60
94 68
14 87
112 146
82 22
88 145
38 29
56 138
104 53
56 96
50 68
62 29
126 71
42 53
14 17
148 128
108 97
48 88
32 139
32 80
20 98
32 126
64 132
56 124
24 68
68 149
88 85
72 80
150 4
56 78
128 56
32 114
32 62
52 61
130 4
54 13
62 90
84 107
20 52
46 89
96 126
6 10
84 114
102 68
74 85
52 54
132 123
130 39
48 70
76 113
120 65
138 15
40 107
66 42
124 143
108 79
92 112
70 1
28 87
58 96
138 98
142 78
102 87
36 141
56 126
128 52
130 13
70 17
66 19
52 115
18 26
114 58
138 6
74 42
94 26
146 4
128 148
62 68
70 30
150 23
144 72
124 134
58 30
88 133
142 73
32 109
10 81
96 139
124 116
148 125
58 41
66 59
104 133
76 83
142 71
38 96
24 97
42 80
114 97
106 37
100 143
114 36
90 79
128 74
28 108
2 24
36 83
116 56
144 140
112 131
50 12
14 2
148 137
110 9
108 96
148 103
28 112
74 87
86 63
20 139
136 70
60 97
34 48
40 136
44 109
130 18
92 143
114 35
142 99
28 72
116 133
18 47
94 24
96 97
56 123
44 139
44 137
100 87
144 113
96 82
86 6
52 147
108 120
62 45
110 12
62 17
116 96
134 72
114 6
106 86
94 77
28 113
26 33
110 91
54 22
110 42
116 117
120 69
122 52
86 16
48 109
144 55
62 79
144 60
4 107
38 24
78 54
122 43
120 81
120 76
142 36
102 77
82 21
120 87
72 93
74 27
134 49
90 26
4 82
46 93
40 140
110 21
48 93
18 10
54 25
142 83
110 43
36 139
144 80
16 121
82 28
130 69
70 53
148 86
64 58
122 98
58 46
30 65
132 61
92 88
42 8
146 61
126 33
94 72
54 6
82 71
48 71
14 71
14 18
132 107
128 91
34 88
48 83
142 14
126 49
130 99
60 91
68 56
102 15
106 2
34 71
10 9
42 94
44 110
16 132
96 66
110 56
70 82
134 92
76 121
18 39
72 102
106 58
74 99
56 118
36 134
134 46
64 149
110 55
86 15
66 75
134 76
48 92
44 64
52 84
18 73
24 58
116 58
136 87
148 141
130 89
66 23
20 147
92 52
6 89
16 114
56 77
132 69
66 98
92 64
6 94
108 103
2 5
96 98
76 53
94 88
134 54
138 52
134 74
46 72
124 126
64 83
146 40
126 10
62 72
70 63
120 103
68 74
114 50
104 134
128 70
146 78
98 5
20 107
96 57
56 117
6 7
110 26
136 97
80 104
44 133
98 79
34 92
2 26
46 45
2 46
60 146
70 71
8 145
20 93
132 52
94 12
8 132
72 99
52 76
64 89
102 20
74 45
104 106
126 3
132 62
74 80
78 50
24 95
10 55
130 87
14 83
146 69
62 58
110 7
22 93
84 140
94 41
136 82
12 117
32 77
10 12
4 103
114 61
68 132
134 26
132 113
56 64
14 31
134 91
42 90
18 56
40 99
112 64
74 89
42 81
64 61
150 9
28 139
134 42
70 18
6 47
94 37
20 118
130 90
18 14
34 90
124 123
140 149
20 126
26 36
50 4
134 68
104 114
20 124
36 122
98 30
40 94
12 114
92 87
120 130
104 92
106 79
146 21
36 135
146 45
122 96
102 96
48 142
22 9
148 121
146 17
42 47
130 77
144 142
118 71
54 26
124 136
6 63
48 75
96 85
116 147
106 36
68 76
102 51
68 62
114 52
14 35
122 11
86 94
96 102
132 146
26 19
58 64
24 134
40 150
6 9
18 64
110 60
4 106
108 106
134 75
118 95
6 91
2 70
92 55
50 54
116 70
78 61
86 27
38 2
54 21
142 45
10 62
66 60
148 56
12 64
70 45
78 83
68 100
138 84
148 149
18 95
12 145
40 128
20 83
42 2
30 15
90 78
46 88
16 137
150 11
18 69
76 134
114 38
14 10
104 87
104 56
66 33
150 94
134 56
118 33
32 107
110 92
74 22
78 90
98 84
52 126
98 31
86 98
22 51
84 106
132 89
38 69
92 147
104 108
42 64
30 34
106 46
140 74
96 71
130 21
104 69
22 54
114 43
74 62
52 113
114 99
32 125
70 87
76 78
10 71
84 104
142 8
34 97
20 112
118 37
118 18
54 41
34 62
120 85
66 30
22 45
44 107
118 53
130 25
14 53
38 4
42 11
118 89
58 37
36 58
16 100
140 105
26 7
72 149
112 67
42 24
24 124
6 70
64 133
86 3
72 136
6 32
78 43
50 3
78 18
8 105
146 59
26 39
100 121
100 76
50 59
104 85
28 114
62 22
70 37
118 6
72 123
150 31
78 32
74 63
42 65
40 111
84 81
70 67
24 67
76 125
140 139
118 42
112 89
78 60
50 33
10 95
12 118
38 7
126 31
16 94
124 133
2 66
128 54
138 4
46 30
60 124
34 53
98 61
94 38
42 56
62 5
8 95
30 33
100 88
36 132
136 78
126 56
44 148
26 38
140 114
32 72
14 73
92 98
108 80
120 64
62 25
102 42
104 70
76 67
112 99
36 75
46 76
98 72
2 35
18 59
20 65
114 67
62 76
16 93
30 99
114 64
134 5
110 34
114 87
38 9
114 90
106 48
36 62
58 33
26 27
60 135
34 68
100 93
100 51
140 53
128 89
58 13
82 55
10 82
72 62
40 68
50 38
132 76
90 84
122 81
120 60
84 100
106 34
116 112
144 99
60 116
110 52
30 88
144 83
122 83
80 88
66 82
120 94
58 15
38 57
68 129
42 38
58 6
22 86
94 99
84 84
112 74
148 89
138 61
32 78
92 145
94 67
86 87
92 71
4 64
62 43
88 97
14 57
100 118
134 43
102 67
60 120
120 79
54 11
114 88
88 74
120 114
8 79
88 72
30 7
22 98
32 117
26 66
68 105
82 9
62 86
84 149
104 58
90 9
132 114
52 145
12 73
116 76
138 14
48 102
60 82
118 62
14 86
128 115
20 117
92 99
38 61
90 87
96 52
78 14
36 140
128 59
118 56
124 146
48 96
116 54
148 105
132 106
16 150
14 30
98 2
26 80
58 61
150 57
12 82
98 13
6 38
10 47
130 51
68 139
68 60
144 97
102 49
140 142
88 102
90 54
34 17
94 39
22 41
26 4
126 9
118 41
132 77
66 16
102 72
38 38
26 99
120 131
80 114
104 109
68 104
148 63
50 97
82 12
6 8
148 51
122 25
40 95
92 125
134 3
50 23
144 138
120 99
42 57
132 109
138 32
40 82
72 148
120 107
50 21
56 66
22 31
92 105
140 140
16 104
68 54
122 76
80 146
12 103
94 78
12 57
102 46
34 59
22 29
66 18
106 40
32 83
46 94
10 59
64 126
86 24
110 35
12 90
86 79
150 56
64 115
74 56
142 26
2 13
42 18
50 8
4 131
118 90
90 48
72 89
68 78
52 135
54 39
82 78
34 33
60 79
138 73
2 38
42 79
94 83
92 139
44 56
58 8
142 30
104 116
74 68
60 78
40 108
132 147
58 21
110 74
12 137
30 61
120 134
84 102
134 98
118 60
42 92
38 95
104 125
140 71
64 139
108 108
16 92
36 119
128 139
44 89
122 1
136 72
18 29
74 97
52 83
60 144
50 77
68 119
96 110
128 80
140 88
126 57
112 119
32 116
36 109
110 57
76 102
66 46
74 54
20 87
96 70
150 48
136 54
4 150
78 71
66 7
124 96
84 112
88 98
146 20
144 125
28 128
48 112
42 30
46 84
118 13
4 137
20 149
124 113
110 25
50 17
48 114
44 95
66 65
78 85
52 109
118 98
62 97
132 57
60 118
90 46
50 46
36 108
144 86
2 52
80 112
120 146
126 2
86 1
66 85
94 6
50 93
118 45
102 34
90 86
126 48
88 111
84 121
72 128
16 134
102 7
112 137
136 132
12 141
66 91
28 82
80 122
32 73
32 112
46 5
106 68
2 89
98 74
118 25
68 120
64 63
98 98
116 149
50 50
4 99
132 119
12 88
148 102
38 46
84 55
132 59
46 27
128 116
102 38
136 131
100 104
144 146
64 112
2 4
128 76
136 112
10 61
86 71
84 132
36 97
58 55
28 127
2 36
96 99
84 147
92 101
32 111
150 66
144 96
8 135
86 31
30 17
24 76
54 82
114 48
80 86
104 62
50 7
56 76
18 1
46 78
82 42
2 40
116 97
56 61
30 64
72 85
16 140
148 138
116 74
52 63
52 127
130 55
68 92
100 53
134 36
100 127
48 64
120 123
66 45
8 57
104 119
142 66
150 12
30 72
48 69
114 32
12 136
122 60
124 130
94 54
148 100
38 10
96 115
116 118
86 91
150 2
80 126
114 60
122 63
92 68
84 142
8 64
12 52
142 12
30 16
50 39
54 29
46 8
10 38
10 26
84 53
18 61
130 40
10 17
74 17
102 69
110 5
96 112
28 106
100 60
72 144
70 46
134 88
92 69
106 23
62 26
56 142
140 132
128 101
106 88
52 148
110 85
74 76
2 78
112 102
106 6
122 86
140 137
100 72
34 26
2 45
130 56
126 7
90 97
138 27
54 31
62 33
150 86
74 24
2 99
26 53
48 55
10 78
104 96
32 51
88 80
60 94
44 117
26 84
148 108
44 113
68 99
28 77
112 129
72 74
42 98
24 109
118 44
86 21
142 62
76 60
122 49
150 18
36 111
18 30
78 29
84 64
144 68
114 95
150 51
102 85
92 121
96 104
130 28
22 73
70 99
78 89
98 21
88 137
138 24
142 42
116 95
100 122
16 91
146 84
56 111
136 116
88 108
26 67
38 17
10 14
122 45
98 73
2 23
6 64
54 96
8 142
96 65
62 88
64 69
86 65
80 106
120 98
36 138
74 14
128 96
78 95
48 123
20 105
144 127
32 130
48 67
130 11
100 120
58 58
150 98
30 62
22 96
106 13
94 65
14 62
84 119
148 77
20 68
136 85
8 123
64 94
52 114
136 136
130 32
56 82
66 13
108 142
138 41
124 102
50 92
112 94
60 138
116 148
112 98
58 94
106 18
54 46
84 146
148 117
66 78
128 123
50 15
88 51
8 96
60 115
76 139
44 82
114 22
88 70
116 126
26 74
138 33
70 22
46 51
88 114
72 51
24 127
124 112
86 50
58 3
2 69
4 134
132 139
34 93
60 142
44 72
70 54
112 133
40 64
128 108
86 19
22 2
142 2
54 98
64 118
118 34
104 74
46 35
6 49
86 64
12 121
124 79
8 75
122 46
104 128
80 139
54 35
110 13
60 51
28 135
2 32
70 27
74 33
116 105
34 66
58 20
74 61
108 67
144 90
28 67
4 81
140 119
56 127
80 91
72 90
48 143
96 92
74 11
46 14
72 67
14 98
54 54
20 121
26 68
54 32
100 80
46 48
64 111
146 94
4 115
24 94
108 121
114 73
116 123
16 86
104 149
118 46
52 93
50 96
128 71
62 50
12 120
74 90
30 77
112 142
94 73
38 99
42 33
28 51
54 17
100 117
38 77
94 74
148 129
102 11
20 136
102 36
122 20
38 81
28 110
76 58
132 133
24 110
90 14
104 141
60 86
30 25
58 63
120 93
20 143
48 57
96 75
82 90
2 22
92 81
126 82
88 87
76 105
122 24
128 138
10 54
58 97
54 34
14 49
130 48
48 86
8 53
72 88
86 66
122 3
40 52
68 106
4 145
14 85
84 98
34 72
44 134
40 85
52 107
70 91
68 110
42 99
48 130
50 67
86 55
32 57
148 62
122 55
114 62
124 81
26 65
138 68
128 122
102 65
94 1
102 99
92 124
16 80
56 68
16 122
76 149
76 72
150 87
140 78
18 63
40 110
100 148
92 144
62 18
36 92
30 36
116 113
108 52
66 73
70 39
146 82
150 85
60 59
98 22
44 98
32 68
80 142
22 39
46 12
60 129
68 144
100 100
80 118
82 7
86 47
82 44
64 103
148 88
150 71
146 73
150 37
32 122
52 131
82 19
56 105
108 72
98 53
102 29
76 87
142 84
46 43
10 5
40 114
38 22
36 136
84 122
140 147
64 145
136 142
134 96
128 87
128 82
100 98
86 7
34 1
58 51
126 19
4 110
6 95
54 62
20 78
124 66
104 97
20 135
106 17
2 33
132 116
56 101
24 77
66 80
70 47
102 57
12 104
118 81
40 121
110 31
114 20
130 85
148 150
74 58
112 118
118 11
70 95
72 86
106 65
78 96
66 84
16 73
26 87
116 64
106 73
100 58
134 24
34 98
60 85
44 79
128 142
128 147
76 64
36 131
80 136
8 87
48 95
54 38
22 79
38 53
108 85
50 49
26 48
48 138
36 85
98 91
52 149
66 94
36 115
14 74
88 130
8 99
142 57
94 23
20 90
64 68
132 148
128 90
26 5
48 85
32 67
54 20
68 63
118 29
88 128
100 75
18 96
112 70
116 61
88 104
144 91
136 100
140 123
94 4
50 40
58 56
36 143
130 5
14 92
28 118
142 98
124 110
34 3
52 58
76 89
72 119
100 112
14 77
142 15
88 118
8 147
28 56
32 105
52 82
124 101
108 55
112 130
148 94
108 53
88 107
54 27
24 143
142 5
114 76
120 96
132 97
58 32
30 82
4 122
14 6
10 37
48 122
16 95
106 94
26 44
72 124
96 59
42 7
60 139
146 64
8 86
124 135
58 81
104 64
88 91
18 40
120 125
106 10
40 116
140 92
22 52
4 70
100 96
30 78
90 70
52 143
112 86
56 148
44 99
22 80
104 79
116 98
32 127
16 108
14 27
22 42
2 11
4 52
110 3
76 115
52 134
4 87
54 78
42 58
14 93
150 88
86 70
84 97
80 111
12 116
2 64
68 136
26 8
80 52
32 110
2 73
150 3
90 49
42 48
80 127
12 69
40 84
72 133
102 18
50 66
32 138
42 26
144 56
78 33
136 105
40 118
128 57
130 41
140 51
110 80
70 42
124 53
64 117
16 118
138 51
68 80
44 93
44 83
72 114
22 64
30 97
84 129
34 45
76 127
96 101
36 76
8 62
134 86
96 62
12 134
84 105
88 64
18 28
10 76
48 150
8 138
92 84
64 75
78 46
98 16
60 74
32 86
116 79
74 67
74 50
126 75
94 42
58 43
102 54
36 147
14 56
64 121
122 91
120 139
20 95
98 95
48 110
96 114
150 67
66 69
120 112
32 132
16 74
122 6
146 56
140 120
50 69
54 52
2 55
132 121
4 102
114 65
72 129
32 71
34 31
26 52
130 98
56 85
66 50
88 100
40 126
52 96
86 82
126 5
124 90
88 134
114 29
104 118
110 49
120 53
20 146
88 55
38 50
18 3
114 82
132 93
116 69
118 79
16 123
74 46
100 103
12 70
150 96
76 69
30 28
100 92
142 82
98 97
30 4
88 117
144 117
20 134
132 136
126 79
16 71
18 43
74 47
142 34
62 14
94 91
30 32
108 65
50 80
118 61
56 139
104 82
98 4
110 20
140 135
42 83
20 110
148 127
104 120
12 139
56 80
64 73
116 57
74 72
28 91
52 118
72 56
96 125
150 33
50 9
94 7
76 91
132 126
134 51
64 128
26 31
38 93
128 130
108 135
140 83
80 64
26 10
28 144
112 61
18 75
66 48
8 51
78 44
90 21
48 54
20 75
42 45
24 120
112 57
78 56
68 68
118 1
74 65
148 120
66 27
112 51
52 101
114 93
52 68
66 24
46 47
126 95
32 95
74 60
62 23
124 60
58 93
110 36
76 116
150 81
24 106
18 74
146 92
16 131
54 24
12 79
48 72
120 105
46 40
26 97
116 87
62 19
122 23
40 109
118 21
106 49
18 34
46 7
90 23
44 60
52 89
110 97
52 150
88 75
68 75
66 41
122 89
64 77
148 65
108 73
42 84
144 126
6 75
12 143
14 63
132 68
36 78
118 97
10 39
82 93
114 75
74 1
36 126
56 120
122 26
46 87
90 43
52 94
70 4
92 118
6 81
40 100
44 58
120 104
50 86
20 100
68 141
88 136
26 13
112 62
48 79
52 102
68 90
36 77
134 23
126 70
60 109
16 119
106 85
130 3
42 31
6 20
18 9
38 26
150 20
4 69
20 67
46 41
140 125
102 86
38 21
106 63
120 129
84 111
90 3
110 33
94 10
68 150
146 68
128 55
110 24
122 72
96 51
40 53
34 28
82 66
112 76
92 72
34 81
46 65
106 1
24 79
132 67
6 37
30 92
146 76
34 36
138 16
70 20
68 148
72 126
50 24
110 84
70 77
142 1
66 4
4 71
124 98
8 107
46 28
18 71
74 30
78 11
56 137
4 121
96 147
62 92
132 78
54 28
42 50
74 74
4 54
66 29
44 73
122 5
134 85
40 56
148 61
36 100
104 143
64 81
118 77
54 7
74 31
80 85
146 31
20 133
140 62
146 23
148 133
28 133
54 71
138 26
138 87
92 70
66 66
146 65
62 21
84 76
22 33
24 86
42 4
24 150
4 62
38 65
10 84
134 79
98 34
56 73
28 53
90 22
128 81
106 69
126 76
8 120
12 140
58 77
94 82
90 27
110 54
78 93
134 18
32 60
38 11
114 10
80 60
28 126
56 150
38 34
146 28
4 79
6 83
140 117
46 23
86 57
62 81
82 67
142 77
32 74
34 84
102 28
26 63
124 127
36 121
134 33
110 81
30 39
142 29
26 56
68 109
138 30
66 25
108 131
46 16
46 3
40 117
142 21
10 86
124 108
76 54
118 59
52 146
54 76
54 95
64 142
150 46
54 42
46 32
58 42
68 91
24 53
24 126
148 78
106 3
134 83
26 20
108 118
122 93
28 59
12 59
44 144
38 83
90 77
86 85
42 73
136 52
92 90
98 69
94 56
42 59
74 48
4 127
132 74
90 92
30 24
66 72
100 115
112 72
78 4
50 75
150 35
86 86
62 3
98 14
18 80
126 15
66 96
76 130
134 20
16 112
66 79
26 3
56 103
76 110
56 144
26 79
106 52
34 44
76 150
126 97
68 145
116 128
134 78
46 62
98 19
140 104
118 68
118 22
84 108
70 32
18 51
22 70
106 99
2 71
42 74
72 72
114 31
36 93
16 70
118 43
84 99
92 80
18 93
140 122
98 59
56 147
46 55
66 87
80 61
52 133
70 98
4 112
58 78
68 61
40 149
70 55
12 146
22 81
84 57
34 49
106 21
26 82
126 4
106 96
6 79
116 124
38 73
12 62
134 53
90 2
12 63
56 108
96 88
142 92
114 70
78 39
54 79
52 112
102 61
96 148
78 62
78 98
94 55
30 37
48 132
136 143
130 92
114 94
86 61
32 137
14 8
128 68
64 119
72 107
44 102
92 130
68 111
12 97
58 59
148 145
72 104
94 27
30 85
40 90
66 9
28 70
84 85
88 143
20 74
104 98
120 80
102 76
114 55
140 87
64 147
112 140
136 134
10 21
144 87
110 59
114 86
92 92
82 43
142 44
48 59
128 72
68 131
138 71
4 59
64 64
104 137
76 94
18 90
98 48
116 67
18 91
142 55
70 7
78 22
140 98
144 131
144 133
6 27
14 45
16 56
30 66
70 51
32 98
136 147
14 80
58 73
132 92
22 19
124 148
84 139
134 82
148 60
132 143
80 98
120 110
102 19
144 108
96 87
148 67
8 134
110 75
48 53
82 4
10 13
144 74
40 105
134 40
90 29
32 150
2 37
6 99
40 144
16 145
102 35
100 63
26 2
22 66
120 144
130 20
30 46
8 81
102 64
14 55
68 83
8 124
52 67
62 44
110 8
18 50
12 111
44 106
140 111
98 6
6 85
50 63
10 97
90 33
92 133
48 107
20 86
110 77
128 125
30 81
148 119
38 20
116 51
106 81
44 81
72 54
48 136
30 90
94 75
88 59
132 102
16 97
76 111
116 144
72 101
134 57
78 30
84 127
146 91
66 64
62 32
60 114
80 54
8 80
56 87
52 108
76 84
118 73
102 8
82 31
72 70
150 80
66 62
136 138
74 20
96 63
8 114
98 3
98 44
98 71
144 132
140 133
150 91
132 56
82 82
120 66
6 67
16 133
74 44
108 150
106 98
92 65
122 36
102 23
36 99
108 115
126 66
132 63
140 60
122 2
110 48
84 126
124 139
86 18
2 80
24 55
68 79
72 116
12 93
32 88
38 88
18 7
22 76
108 104
136 144
8 56
136 109
46 49
36 61
118 72
48 133
100 95
126 87
62 34
104 117
20 58
82 65
22 72
32 129
144 52
72 130
30 40
22 85
32 146
24 82
114 69
22 75
30 75
140 99
146 27
88 150
38 33
136 59
26 22
48 117
84 103
42 32
136 119
104 76
72 117
66 95
50 85
88 96
150 30
110 79
114 3
118 74
60 75
54 73
46 68
98 18
46 70
144 76
148 55
26 73
28 78
144 58
44 136
50 53
54 75
104 113
138 31
94 18
136 148
136 101
86 23
80 77
28 57
86 43
90 64
36 87
70 83
26 34
94 81
42 85
54 84
120 74
82 72
146 75
50 88
30 53
24 103
34 96
64 91
98 65
94 40
90 83
84 83
82 33
18 42
124 78
142 50
28 92
16 115
106 66
32 76
46 64
104 110
10 65
8 121
14 72
28 146
34 80
52 66
114 92
146 30
120 111
88 115
92 119
88 139
38 18
64 135
28 89
16 138
148 96
2 68
68 118
2 82
138 49
52 74
18 6
24 141
102 80
68 51
12 144
94 2
142 11
54 33
96 84
124 132
80 74
92 111
64 79
82 99
112 136
52 75
88 63
38 16
96 106
136 60
50 34
130 26
30 59
70 33
110 50
138 70
122 58
10 85
106 71
16 109
6 65
68 135
138 69
82 1
126 72
58 95
116 119
98 64
28 111
58 34
126 54
6 24
4 91
18 2
84 116
58 71
20 138
56 92
96 116
30 48
124 58
136 69
120 83
144 89
14 91
94 90
86 49
50 19
140 129
10 92
38 70
28 104
54 97
74 2
66 57
72 81
8 98
84 61
52 88
102 60
114 59
90 8
86 40
2 97
12 92
106 89
44 130
70 14
76 68
84 115
146 36
82 54
74 4
50 32
26 15
96 64
118 58
68 94
18 79
42 55
72 135
62 91
76 93
136 89
66 92
54 36
136 146
90 93
70 38
14 42
122 71
14 34
36 137
68 134
146 26
114 7
124 62
14 32
84 74
102 82
86 35
76 95
14 89
62 53
24 140
38 8
46 95
72 87
102 92
150 45
88 65
22 12
12 54
62 56
82 92
148 91
148 134
126 67
142 13
126 40
130 61
56 113
82 95
54 49
96 107
44 65
40 143
52 98
48 137
140 115
124 92
104 139
66 32
108 134
56 89
76 126
114 72
16 128
20 99
2 50
54 83
108 114
90 35
98 45
50 26
12 85
114 1
108 139
26 26
120 145
34 20
46 60
108 129
144 112
80 134
76 99
74 96
22 37
38 97
4 67
102 27
88 69
14 66
76 146
78 59
8 91
56 93
72 137
78 12
36 60
150 22
6 11
32 58
22 62
72 110
88 78
94 57
120 88
98 83
34 42
30 26
28 131
90 65
14 12
102 75
74 71
108 64
90 16
140 52
84 72
28 134
14 20
104 67
12 65
22 25
98 46
72 122
60 136
118 9
102 40
20 80
86 76
106 82
108 137
124 82
4 73
4 105
44 132
14 29
110 40
112 78
48 140
52 129
42 22
82 57
88 66
138 36
140 68
108 101
18 48
134 14
128 102
34 2
2 30
34 57
108 112
44 135
114 80
104 63
126 13
110 88
136 79
144 88
142 59
120 127
100 78
130 23
100 68
144 124
110 68
58 84
16 64
100 138
118 2
146 51
134 55
38 42
92 126
100 69
144 123
94 15
128 146
104 124
52 123
102 30
34 69
68 87
78 16
126 47
120 116
70 5
24 81
106 53
150 24
10 74
118 38
6 50
128 133
36 84
76 145
100 147
96 121
26 14
46 92
140 131
2 47
140 82
108 113
68 146
6 56
136 74
68 95
92 108
78 91
2 44
110 83
2 15
24 78
40 59
60 145
36 110
80 58
18 83
24 52
92 96
32 91
94 87
102 50
88 99
40 146
132 73
146 43
38 40
88 148
74 93
80 143
8 100
40 113
150 42
124 150
78 48
16 83
48 82
52 90
112 135
148 74
88 121
92 89
124 84
18 57
96 128
42 95
112 145
16 107
144 79
88 140
52 110
110 99
70 59
92 148
72 91
118 3
72 142
74 79
82 53
78 65
50 18
138 83
110 47
48 148
128 143
150 1
90 12
68 140
84 131
98 17
88 61
132 150
44 85
64 114
112 73
56 110
146 67
150 63
132 94
140 90
150 13
58 16
144 65
92 95
64 100
108 61
46 82
2 31
80 62
28 119
28 109
110 61
44 69
76 79
110 28
94 97
148 68
112 120
70 15
132 135
40 61
62 2
44 88
108 62
6 62
42 76
146 99
16 135
8 119
82 11
96 67
62 1
126 88
150 75
74 64
44 66
98 24
68 88
140 108
142 51
120 124
22 30
128 51
48 135
6 26
48 65
98 60
70 44
88 77
98 75
2 62
84 95
144 129
98 87
56 134
92 73
114 17
82 6
110 58
136 130
72 84
48 61
36 89
98 43
148 82
80 90
106 80
120 86
56 128
108 60
88 56
84 69
8 73
42 3
66 71
94 31
26 46
74 66
94 46
132 80
116 102
18 45
78 5
74 39
92 127
56 62
18 19
56 97
138 79
26 41
80 69
38 37
124 100
12 71
114 46
30 30
50 84
74 91
44 63
86 52
58 74
114 56
8 113
78 53
132 64
94 89
148 66
118 32
82 18
92 94
8 137
126 12
72 77
30 2
112 97
130 29
142 64
32 79
70 76
126 65
108 138
116 78
36 124
24 59
72 71
2 95
122 92
110 63
86 41
58 70
124 71
44 125
116 135
56 51
110 44
40 76
150 74
70 31
146 90
100 54
68 59
86 45
110 78
130 81
74 83
114 14
2 6
68 57
108 119
4 109
74 16
6 15
150 78
148 87
38 64
22 35
12 98
60 140
88 142
44 121
146 22
98 67
18 78
144 66
40 103
18 36
132 137
130 27
130 34
118 94
92 62
88 86
124 80
150 89
68 58
134 71
4 53
130 58
42 69
92 82
118 83
150 28
136 68
124 115
18 62
24 105
108 136
108 77
46 63
44 67
138 9
104 102
96 123
36 101
26 72
54 72
114 33
78 40
100 102
86 81
38 76
88 146
8 52
138 58
90 68
114 24
144 61
108 82
114 21
120 150
6 55
100 116
124 128
18 94
56 91
20 55
114 27
140 130
32 81
38 79
4 113
146 16
34 65
140 85
134 31
26 35
116 63
58 1
78 63
84 66
52 59
26 83
46 83
84 52
102 78
14 84
40 93
78 8
124 119
114 15
106 64
118 85
126 59
28 97
84 120
128 118
134 28
34 70
76 61
142 49
38 45
122 90
142 63
116 114
66 51
22 38
136 124
86 37
66 99
68 121
22 94
100 128
46 91
24 107
16 76
134 44
34 95
146 77
86 54
24 73
4 57
144 69
74 73
126 63
58 12
114 44
98 94
130 79
116 99
82 40
78 49
16 75
70 73
48 51
42 66
14 94
54 87
88 57
126 50
54 61
26 9
30 98
114 40
60 55
118 63
104 100
18 88
108 110
28 65
76 86
72 95
18 77
90 47
108 89
132 83
124 142
30 67
144 85
144 109
62 71
54 66
22 11
80 93
64 72
24 102
114 25
108 70
84 148
140 121
32 89
12 106
58 22
20 70
76 74
6 2
28 147
66 83
18 72
126 27
24 65
24 113
140 59
144 141
74 23
32 59
18 44
120 142
2 76
20 109
42 86
52 130
46 54
26 94
94 53
36 59
44 53
38 66
76 52
54 92
16 53
72 115
54 45
126 37
78 79
10 88
86 38
22 59
64 67
110 32
142 74
108 88
70 13
48 118
14 36
142 33
130 93
26 25
86 26
18 49
38 51
104 146
84 93
122 65
60 54
14 22
6 14
108 90
58 82
56 122
10 30
116 82
74 26
32 56
74 28
62 75
134 47
42 44
14 82
42 28
98 63
38 44
104 122
82 88
44 142
78 25
28 142
30 89
132 71
34 8
122 17
124 117
2 14
124 63
114 47
20 79
46 46
22 71
112 103
88 120
6 60
28 84
58 80
28 132
142 47
62 38
128 100
102 12
24 147
100 90
150 82
66 58
108 94
142 89
132 99
22 97
102 26
120 117
74 59
26 51
12 109
12 89
6 13
90 19
148 143
46 90
66 97
112 85
32 69
40 60
32 142
90 4
110 93
144 118
94 59
114 19
118 4
26 23
14 70
6 22
40 69
112 147
60 100
100 55
92 79
146 72
94 76
16 101
12 67
144 130
94 51
6 88
134 2
118 14
134 25
12 108
58 17
134 84
24 83
78 17
112 54
148 59
128 121
72 53
102 70
34 64
142 43
142 48
28 60
44 124
60 106
110 38
122 59
44 127
2 42
108 74
64 85
16 113
98 28
98 85
144 93
94 80
44 128
28 115
146 42
82 79
146 95
4 149
138 91
6 28
26 95
110 65
32 135
46 53
52 55
20 89
124 83
142 93
86 51
112 100
18 53
24 57
112 123
106 20
112 66
42 15
146 14
6 73
42 9
120 71
50 58
44 104
76 137
34 6
100 79
126 69
52 106
128 114
6 31
116 84
100 149
8 85
2 3
10 11
102 39
102 84
74 40
46 57
112 80
112 93
92 66
132 98
12 101
72 108
2 49
8 143
4 116
60 143
128 84
20 101
14 11
44 96
106 47
106 74
118 40
18 23
128 149
80 97
82 70
20 54
96 137
112 60
92 58
90 44
70 36
122 95
150 15
130 33
4 58
134 7
64 104
20 66
124 131
82 8
58 27
6 66
100 144
40 88
34 87
128 86
76 123
60 130
30 86
146 46
80 71
148 83
36 98
108 124
26 29
112 87
24 80
110 17
42 40
14 96
104 144
14 44
146 87
4 74
82 81
60 77
6 44
92 136
144 111
70 3
130 22
78 74
142 25
100 111
78 36
138 25
120 120
148 81
12 81
44 74
34 32
12 142
138 3
40 96
62 37
64 108
116 89
8 58
20 123
70 58
70 50
22 5
134 81
98 35
116 127
52 86
62 65
82 39
80 56
38 35
28 100
36 51
12 76
70 65
20 84
118 84
62 61
146 34
106 78
132 81
102 97
142 7
50 74
106 76
62 15
116 109
14 37
54 43
76 77
138 92
128 79
116 122
84 58
106 95
70 56
78 24
8 110
16 146
14 46
28 76
76 101
144 54
78 45
54 63
98 26
82 60
132 120
130 72
92 137
150 39
54 51
38 80
66 8
106 55
128 73
2 25
28 54
60 58
54 44
66 22
20 91
18 87
128 106
122 88
118 75
60 101
84 65
2 16
142 86
56 114
74 98
80 132
124 64
20 111
24 125
138 47
20 140
138 8
32 90
146 9
130 66
34 91
92 106
114 53
102 6
92 103
40 112
64 97
72 73
26 32
64 107
34 37
66 77
144 71
108 116
90 17
90 74
112 58
74 52
24 112
88 81
30 9
60 107
12 68
56 59
46 99
100 124
92 102
134 77
50 47
144 137
144 94
138 19
108 91
110 11
48 60
82 32
86 53
74 92
104 93
112 63
70 66
6 18
100 133
114 77
130 37
78 23
10 66
12 100
86 8
100 119
10 44
68 133
80 80
82 37
40 125
104 131
40 145
14 13
138 40
64 62
36 107
2 88
70 10
130 50
8 55
80 133
4 141
64 66
76 138
2 57
18 76
38 60
96 149
40 73
96 79
38 30
148 132
92 78
60 92
48 81
48 66
58 86
150 38
108 147
126 96
136 58
10 23
12 83
60 104
128 93
36 102
30 12
16 67
140 134
112 108
20 103
140 128
58 23
100 73
24 139
128 124
22 43
54 2
50 94
30 5
34 27
30 23
12 80
104 88
68 81
106 92
10 45
144 136
136 145
62 73
52 81
2 87
48 144
104 84
104 112
128 105
54 94
128 119
40 142
96 105
90 50
118 99
64 95
72 63
72 118
58 36
44 116
38 75
54 81
106 90
86 48
122 75
66 56
86 73
38 48
8 76
56 135
144 73
28 145
46 77
10 7
78 81
28 61
132 127
116 71
94 98
70 21
104 78
146 63
112 59
108 146
10 28
142 28
14 21
56 99
118 52
18 84
72 121
142 38
94 69
10 6
46 6
122 68
96 150
112 141
102 31
36 129
148 52
140 69
34 99
146 25
76 144
102 1
62 9
68 73
54 10
78 69
148 58
146 24
138 20
6 57
144 143
38 59
14 65
128 69
118 64
56 52
52 132
140 64
84 56
108 102
122 7
118 49
80 103
44 57
92 63
132 132
92 75
30 47
76 55
106 67
62 64
118 35
28 68
84 80
14 51
22 55
100 84
136 75
90 42
88 110
148 69
60 68
2 18
108 66
112 124
64 84
86 33
134 58
12 84
42 37
42 49
142 37
38 86
90 58
38 72
2 17
88 58
34 73
118 17
84 86
38 14
50 60
136 149
22 32
38 98
100 91
146 44
10 72
22 78
148 113
50 83
144 53
108 93
150 34
132 125
106 5
146 54
132 117
66 90
28 95
20 122
126 64
114 51
6 59
18 92
114 37
52 52
12 107
88 105
106 7
50 43
10 79
130 96
32 106
96 96
12 125
90 6
62 42
76 122
144 70
68 89
40 106
114 83
94 11
38 62
14 68
116 142
94 48
46 18
84 60
46 26
120 84
146 98
50 48
116 88
42 82
34 46
78 66
20 60
32 133
96 145
52 69
32 87
148 95
22 22
34 23
58 89
82 91
136 139
26 81
28 150
46 38
110 51
142 17
104 60
16 99
48 62
148 53
80 147
142 90
28 75
50 62
22 47
30 57
18 31
38 85
100 136
120 55
122 21
134 80
108 83
14 7
84 117
98 29
68 72
78 51
128 109
22 69
44 149
66 12
150 7
76 66
50 42
94 36
50 64
20 131
116 101
76 119
64 101
2 41
124 137
90 80
120 78
134 66
52 119
36 65
30 21
24 129
110 37
2 75
38 91
130 12
44 101
32 124
10 25
138 53
108 128
28 88
6 39
84 51
50 13
48 94
74 77
52 62
38 5
100 62
60 73
150 47
112 138
50 25
80 105
144 135
122 44
38 15
76 106
62 49
24 130
94 85
138 35
136 94
26 76
62 30
54 80
50 45
94 19
108 84
36 114
150 58
12 58
68 137
34 82
36 133
132 82
74 82
36 104
126 86
82 73
32 143
32 96
82 47
86 46
118 69
82 56
40 80
98 78
134 34
24 142
22 13
62 87
10 56
22 90
128 136
2 98
114 39
34 63
68 147
110 10
126 28
146 62
140 118
90 96
90 89
28 52
32 136
28 136
22 48
88 84
10 18
104 55
64 150
10 34
24 90
96 55
128 62
10 1
80 92
28 137
128 129
130 60
106 27
32 113
132 90
62 52
138 62
126 42
4 125
48 111
104 126
46 1
114 8
74 81
44 122
68 127
78 70
8 97
82 51
92 100
52 122
2 86
130 67
50 90
48 106
4 98
26 71
68 64
130 82
130 91
16 65
68 77
10 27
140 126
82 58
4 72
4 146
36 55
70 89
32 119
38 41
144 116
22 26
80 140
48 115
32 115
122 87
28 125
40 66
62 66
32 128
116 53
140 57
114 26
142 46
82 2
46 44
62 16
42 41
20 142
46 20
96 142
132 95
42 54
104 75
42 60
60 123
120 70
24 72
144 119
102 91
148 136
56 54
34 89
60 126
34 18
60 69
8 70
110 76
92 54
142 39
6 82
30 73
118 28
138 28
64 134
138 2
100 70
112 104
22 92
98 57
68 69
138 82
82 27
12 119
34 74
20 72
86 5
96 69
150 55
54 77
128 145
30 80
34 83
144 144
74 88
38 74
136 98
50 56
38 94
142 22
120 73
4 108
148 110
12 150
42 63
16 57
100 61
96 141
64 123
148 92
78 19
122 94
136 129
54 89
4 77
14 25
46 2
130 65
84 88
100 109
96 53
118 16
6 5
104 145
104 83
124 120
38 90
10 67
122 80
10 58
32 55
110 62
86 11
76 51
26 11
106 44
144 149
134 48
24 84
122 48
76 92
148 147
58 67
20 63
54 67
30 96
102 37
12 122
10 36
30 93
104 59
116 93
130 44
8 65
40 72
58 83
134 1
30 56
32 54
82 34
22 60
114 12
28 81
82 84
96 140
60 111
130 19
62 39
44 118
104 136
116 66
126 39
128 92
40 71
66 3
62 99
26 96
84 73
140 107
148 107
90 61
4 85
72 97
44 129
112 68
98 82
6 61
134 87
144 139
104 65
136 84
8 144
36 74
76 71
94 50
90 71
18 32
20 102
134 19
150 62
64 131
142 87
142 35
88 138
52 128
90 81
92 51
8 69
80 129
140 113
34 7
16 78
24 75
124 61
124 114
126 74
8 72
114 13
22 89
82 75
66 49
46 31
38 23
122 40
104 147
146 74
80 75
50 2
120 58
136 86
62 77
126 81
92 104
70 80
52 85
112 107
122 51
86 77
54 19
16 79
38 63
136 56
142 79
12 110
142 70
60 81
62 13
50 70
50 87
30 68
90 91
64 59
54 48
132 129
4 144
122 13
56 67
50 98
32 94
132 108
68 125
150 49
136 113
68 107
2 77
32 82
84 110
34 19
66 67
4 104
30 50
102 4
70 69
130 57
122 82
136 61
48 99
70 11
2 65
10 29
76 63
8 104
68 122
18 22
84 138
106 14
64 93
86 89
104 80
148 130
90 25
74 51
60 147
58 75
40 97
86 78
38 84
134 59
138 43
64 130
10 48
148 122
10 19
126 60
90 37
96 90
146 60
98 40
128 63
118 39
74 5
136 121
144 98
44 75
88 68
112 81
84 135
54 85
76 107
32 118
104 127
92 117
148 99
34 94
106 29
20 144
64 51
108 54
62 54
70 24
146 83
124 124
74 75
102 59
140 138
118 26
90 13
54 53
10 20
18 66
150 53
140 141
86 58
42 93
134 64
50 73
66 53
6 90
106 59
140 101
56 86
100 114
146 88
90 73
48 98
6 17
18 11
76 59
2 20
44 141
138 39
12 138
60 70
24 56
128 134
16 110
48 100
40 137
56 56
74 10
8 90
70 78
20 97
42 6
102 16
20 119
148 146
84 136
20 56
52 53
94 70
122 64
64 78
2 34
98 15
66 26
42 97
120 68
30 95
72 138
30 3
22 99
118 55
128 137
52 87
136 114
116 116
14 50
68 130
102 2
36 63
118 12
44 147
18 82
22 58
88 125
124 103
2 67
42 1
84 62
96 56
16 90
48 129
28 58
28 85
74 9
62 94
80 113
30 10
122 31
78 68
26 93
86 36
122 62
120 109
16 124
106 28
44 126
16 126
128 110
124 95
122 14
112 121
104 57
64 98
142 67
88 92
144 114
98 11
28 141
150 29
66 15
36 67
40 89
150 64
50 81
112 111
42 70
134 61
48 91
118 96
70 23
138 60
148 101
102 95
140 116
58 52
60 95
58 53
84 143
134 69
36 103
88 144
64 146
72 61
28 143
84 82
136 140
32 149
144 104
8 118
42 42
100 97
54 56
52 65
68 117
24 132
80 78
44 62
130 88
128 85
124 85
136 92
16 61
40 141
72 60
38 19
12 60
126 32
148 144
12 124
18 60
140 95
4 78
120 57
22 23
20 120
52 77
146 32
86 88
92 85
48 145
130 83
114 84
106 26
58 99
42 20
92 142
122 8
76 141
56 69
140 96
12 72
120 138
86 4
36 86
62 10
60 56
26 18
14 43
100 74
150 17
140 72
22 20
64 106
84 123
16 142
76 118
80 123
24 98
16 105
94 92
2 39
40 131
62 57
54 14
116 85
16 62
92 140
60 149
40 148
40 123
112 77
78 37
104 66
46 71
112 53
136 73
88 101
90 39
150 27
106 62
92 131
16 120
138 37
16 89
40 124
14 1
132 130
78 9
108 57
80 116
30 20
40 135
48 119
86 9
12 113
12 115
150 50
104 107
68 71
52 95
38 31
128 53
36 106
64 143
56 129
102 66
140 103
54 91
2 9
8 146
70 52
96 94
134 90
146 49
120 92
28 124
20 129
98 52
136 80
106 72
44 145
130 24
128 75
96 58
118 5
32 134
114 79
106 22
104 73
128 150
2 91
136 99
72 100
148 80
110 87
118 80
78 72
56 145
32 101
30 31
130 6
134 16
126 84
110 67
72 111
132 79
92 132
42 25
6 1
50 57
46 52
130 15
100 146
42 61
52 80
116 91
124 99
32 131
84 133
24 119
62 31
14 16
34 77
114 66
16 144
6 76
44 100
68 126
94 29
8 109
48 125
36 79
128 60
80 121
52 139
58 85
92 76
56 104
118 70
84 118
116 145
24 71
86 39
56 55
32 75
134 35
48 76
142 85
108 132
28 121
40 78
96 68
58 2
138 10
28 101
2 10
70 74
30 11
52 73
34 35
16 54
104 90
140 145
62 8
6 68
126 55
46 9
136 62
82 62
46 37
8 127
122 34
148 57
90 67
88 90
16 102
20 141
128 61
46 42
146 11
80 76
82 63
112 52
24 114
90 59
126 16
28 122
132 101
58 91
76 135
48 52
76 142
84 77
76 103
102 44
22 74
102 9
140 77
138 67
98 7
104 95
72 82
112 144
122 30
124 89
28 107
38 36
72 98
138 88
36 80
2 83
134 41
78 34
18 86
50 22
74 8
12 55
146 79
52 141
46 97
76 57
48 77
26 98
74 49
132 141
146 7
10 89
122 15
78 28
92 53
142 32
148 93
72 146
8 131
144 148
26 6
130 17
24 93
86 17
142 4
86 67
2 21
56 141
112 126
50 79
100 125
36 113
130 68
108 149
20 85
132 128
12 91
30 71
124 52
118 93
126 45
8 115
22 87
18 85
54 23
124 97
14 28
132 100
58 24
70 41
130 54
86 90
98 76
74 86
140 55
50 14
38 39
14 3
40 129
76 70
28 103
36 68
150 99
134 21
90 99
150 95
140 102
24 122
100 59
28 102
82 20
66 55
86 99
22 50
94 20
12 61
40 87
70 62
112 132
124 121
138 81
90 72
138 66
76 80
80 67
102 93
108 58
10 10
50 28
4 124
76 65
38 82
16 51
12 128
106 15
40 81
70 88
140 70
146 18
20 128
96 74
32 144
34 75
134 22
54 15
70 68
38 67
56 72
60 66
64 110
122 99
78 82
136 128
120 77
70 9
44 115
64 137
80 130
116 103
30 60
134 45
4 138
42 46
20 51
92 114
26 24
44 55
18 58
14 26
8 150
34 79
64 96
34 29
86 13
70 75
96 54
134 8
130 75
38 32
62 78
26 86
122 77
60 89
78 84
28 73
12 87
46 69
22 40
102 88
4 143
22 46
116 131
132 131
68 55
124 55
120 113
130 62
24 115
56 102
50 89
144 145
16 98
72 143
72 141
124 107
58 39
84 96
20 125
2 94
144 115
150 65
20 61
76 82
98 93
34 10
74 43
6 84
94 63
58 28
80 68
58 18
104 91
90 98
24 99
72 83
92 129
96 86
24 118
20 137
22 27
66 68
142 94
10 41
44 138
136 110
80 110
74 37
50 95
8 60
106 56
68 97
68 115
24 62
6 92
30 19
66 63
136 67
76 88
14 39
138 97
96 118
62 80
18 13
68 53
134 37
94 58
74 6
36 52
84 79
6 74
148 76
132 87
94 9
104 61
110 94
92 110
22 49
32 93
128 97
150 8
14 47
136 57
150 54
6 40
80 100
44 114
76 147
138 46
54 50
24 128
18 38
60 84
144 101
42 88
44 77
24 51
22 77
60 62
128 120
20 76
108 87
78 78
130 78
56 84
40 55
106 91
52 57
96 138
112 150
54 47
30 38
132 96
54 4
150 84
24 135
46 13
112 122
96 60
118 87
24 137
102 71
90 24
44 146
114 5
142 81
120 67
54 74
22 7
20 104
6 69
88 103
94 86
36 66
136 106
20 145
50 65
76 132
42 16
118 15
56 146
106 77
56 70
48 78
60 122
10 15
136 88
84 150
12 147
98 55
42 68
130 73
34 21
124 65
148 140
134 65
136 71
46 25
48 58
140 146
102 83
26 75
142 40
20 116
100 113
56 65
2 85
24 133
54 93
82 69
8 148
72 55
42 91
64 70
128 113
136 115
106 83
98 99
122 53
70 70
110 70
110 73
28 99
80 125
126 22
96 135
110 96
124 74
106 97
102 53
10 52
110 45
118 88
114 54
88 119
4 120
114 41
28 94
66 21
32 108
100 56
60 80
100 106
30 13
70 8
116 55
46 17
8 133
88 116
88 126
22 56
52 121
90 5
150 41
136 66
140 89
106 33
46 85
50 20
70 40
34 85
60 125
130 1
12 96
8 84
60 110
78 57
148 98
88 106
26 21
102 79
48 113
26 61
86 56
120 115
14 5
6 86
62 36
98 36
140 54
126 52
90 82
30 14
96 76
98 70
82 15
132 86
36 82
28 138
94 34
112 148
8 82
24 96
148 118
138 64
58 14
124 88
110 4
150 73
100 85
92 149
122 29
84 101
104 72
36 125
60 93
136 65
30 70
40 133
64 92
128 65
102 25
132 145
38 47
88 135
80 148
32 120
148 75
34 22
128 112
96 103
4 51
46 50
64 105
64 120
52 111
38 56
38 6
82 86
144 77
36 73
138 18
124 73
140 84
144 122
56 100
80 124
140 97
104 104
60 90
136 83
64 90
132 104
10 77
128 126
144 95
80 59
92 74
44 119
90 38
138 23
52 116
90 66
142 88
62 84
134 93
50 37
48 108
32 85
150 5
62 48
20 82
56 81
48 121
30 51
80 102
34 11
142 9
18 16
142 52
92 135
46 29
130 49
114 30
24 91
130 59
56 57
126 21
82 64
58 11
50 91
58 92
146 13
60 61
36 94
42 67
16 60
136 137
70 92
2 59
114 42
22 15
68 96
104 123
66 17
16 72
134 27
76 98
136 135
62 4
18 89
44 68
4 86
134 73
120 133
12 112
86 84
52 70
78 77
36 112
138 95
136 118
138 94
24 101
146 35
26 30
62 20
148 106
52 99
142 3
72 52
136 95
92 141
22 84
14 95
146 12
114 49
86 28
22 24
146 71
14 76
138 7
26 91
50 1
98 77
124 76
126 26
150 26
114 68
56 98
118 66
100 89
126 99
18 97
144 120
86 2
52 124
60 64
50 16
130 95
26 88
24 104
70 35
26 70
6 53
86 25
110 27
88 71
52 91
112 95
126 90
134 52
56 131
6 93
102 22
110 64
30 42
114 9
112 134
48 124
98 9
134 32
104 115
114 18
58 35
36 57
26 1
8 89
2 1
144 51
142 65
98 33
88 112
66 81
36 95
58 98
42 17
126 44
64 138
56 136
62 63
114 57
44 123
102 48
70 16
52 137
10 70
110 71
100 108
20 132
116 92
6 23
10 83
84 75
100 135
50 78
126 85
48 141
64 99
110 16
78 86
116 110
138 55
94 94
18 41
38 55
108 63
146 3
98 51
46 36
66 20
24 121
78 64
62 82
138 48
64 55
18 20
72 78
104 52
44 105
144 105
120 141
4 147
48 74
138 54
20 150
78 3
128 111
92 91
80 144
146 38
70 72
30 54
62 35
40 54
136 76
150 21
12 51
84 67
112 139
80 101
68 112
30 6
126 29
18 52
100 71
142 54
96 93
134 89
146 53
136 108
74 55
28 105
104 105
46 15
126 30
116 86
130 47
92 146
138 74
146 52
22 83
140 112
98 90
116 62
86 62
86 44
150 79
40 147
62 11
104 121
40 101
132 55
96 127
92 77
30 55
82 59
146 10
16 85
110 41
76 97
72 76
16 103
136 122
6 42
108 105
150 16
118 27
108 140
94 35
94 13
2 63
94 52
146 80
148 109
8 106
138 90
70 96
8 139
150 14
130 7
120 118
102 24
132 72
14 52
28 63
104 135
112 55
14 88
126 41
20 88
138 72
8 140
116 134
76 81
70 34
96 134
100 131
56 109
72 134
34 16
134 97
138 78
130 45
22 4
142 27
60 137
32 64
22 18
94 66
130 42
96 77
40 92
88 122
40 74
134 60
10 68
112 109
8 78
32 145
124 104
60 132
128 104
98 62
50 44
56 79
32 121
122 42
142 18
38 3
78 58
84 63
94 96
42 87
48 128
98 80
82 29
90 10
100 77
78 1
12 123
54 40
78 6
14 60
60 99
56 143
126 94
50 27
8 122
88 124
48 104
118 67
36 96
78 75
24 92
86 95
88 129
34 38
56 90
142 58
2 81
28 66
52 56
148 70
56 133
66 88
70 94
72 66
106 87
56 112
16 148
132 115
104 130
94 21
124 94
28 120
146 96
114 23
126 68
16 68
32 104
68 70
146 47
116 111
66 52
12 94
94 33
66 43
104 148
32 92
6 52
144 67
6 21
58 88
140 94
14 14
146 29
20 106
76 131
10 57
82 25
138 80
16 136
106 31
60 65
128 117
142 16
100 142
20 94
118 24
14 67
66 70
44 143
52 71
44 90
54 99
32 84
124 75
104 142
120 106
108 107
118 10
10 63
114 28
10 50
100 123
46 81
16 63
82 14
68 113
118 57
130 86
90 85
14 9
72 96
78 21
124 140
144 121
78 73
102 14
76 109
150 40
140 80
54 60
148 79
8 102
100 82
4 95
120 102
90 34
34 12
104 54
42 51
138 63
64 71
128 64
126 73
118 50
142 75
110 89
138 96
12 127
46 67
12 86
108 92
34 14
12 74
62 46
6 30
100 141
108 78
10 31
72 58
100 81
150 25
40 51
26 16
44 94
86 10
30 35
118 86
108 117
28 93
78 76
140 143
6 54
90 56
50 72
80 135
104 71
146 1
46 79
4 60
132 60
102 73
112 84
50 55
94 17
150 76
76 117
52 97
40 83
116 94
26 59
80 89
96 143
20 108
134 15
20 53
80 138
6 3
60 60
28 83
68 116
58 38
28 55
22 95
102 94
30 69
78 31
124 69
120 52
10 75
48 149
74 29
124 93
34 41
132 144
46 61
48 139
84 70
80 51
122 85
68 84
94 62
14 4
112 149
24 136
120 136
118 47
108 123
38 1
126 18
8 63
134 9
124 77
48 80
140 144
122 54
64 124
50 5
16 106
22 17
22 65
144 63
122 69
82 5
22 3
34 61
90 62
94 47
116 130
70 28
44 59
44 131
118 51
66 11
90 31
126 62
148 85
146 58
28 96
18 98
30 8
68 123
98 88
64 80
104 129
64 129
106 54
66 14
90 11
138 85
60 148
66 28
96 73
6 6
106 61
4 148
16 117
126 77
40 104
18 27
114 96
92 138
12 148
134 6
122 33
82 74
70 93
100 86
146 70
22 53
108 86
144 103
16 82
74 78
50 31
104 89
32 52
58 68
60 83
104 150
112 71
94 5
68 101
4 136
76 136
132 58
54 90
10 91
68 67
80 141
24 149
30 83
52 100
58 87
48 73
30 63
86 68
88 73
90 95
114 74
122 67
86 96
140 76
104 138
54 1
120 59
30 76
30 43
114 89
10 35
90 7
72 94
10 22
30 49
112 113
102 32
140 66
46 58
104 111
116 138
4 100
46 75
92 56
114 78
60 52
50 76
132 118
44 112
94 28
110 30
128 98
48 127
10 16
114 16
18 15
84 113
8 93
138 99
114 91
34 55
82 24
124 54
60 87
8 126
40 91
136 125
132 70
100 132
54 37
14 78
20 62
24 145
90 53
88 94
36 127
76 75
130 74
60 150
38 43
86 80
100 126
72 139
110 86
130 53
84 68
22 16
114 2
82 50
70 81
26 57
30 84
96 113
22 68
10 2
104 68
26 60
148 84
114 11
54 69
102 62
78 87
70 64
76 140
6 41
142 76
100 99
26 77
92 150
150 68
76 85
80 128
20 59
36 117
82 38
48 103
138 59
28 123
108 95
130 43
2 90
26 54
26 92
36 81
140 61
134 50
132 85
62 60
10 96
10 73
84 91
88 79
52 78
74 57
26 12
94 93
140 109
78 94
122 27
46 34
14 19
148 135
110 82
4 128
44 87
116 150
150 77
14 23
80 84
76 128
28 74
6 19
46 21
34 47
44 103
58 44
50 6
28 116
34 9
84 109
40 102
36 54
136 55
126 80
124 68
6 29
84 78
8 117
146 89
46 22
90 20
40 139
42 72
12 56
44 91
18 21
98 49
96 119
16 84
108 51
50 71
142 56
32 70
96 124
92 93
26 62
120 61
30 41
86 42
20 114
136 150
40 62
148 112
66 36
40 65
64 144
86 72
110 18
24 64
80 115
8 136
36 149
46 66
56 149
72 147
116 59
46 74
98 23
120 121
12 95
12 126
86 97
54 5
108 56
52 60
66 39
142 95
16 130
2 60
146 37
102 43
2 43
34 43
86 60
86 69
58 19
58 40
142 72
134 11
100 52
98 12
82 36
6 98
12 149
58 4
16 147
40 119
72 92
74 36
118 8
142 80
14 58
8 112
86 12
94 64
6 33
66 54
144 100
114 4
92 115
30 91
148 148
90 76
90 63
4 80
76 90
86 92
72 109
78 52
4 88
112 110
88 109
48 90
8 74
100 57
58 7
46 86
4 140
148 64
58 65
120 149
16 55
82 52
64 57
4 135
90 90
42 78
106 45
104 81
116 139
110 14
80 107
44 52
28 90
134 67
140 75
98 37
60 108
102 74
72 145
42 19
62 28
74 25
56 71
138 56
4 84
8 101
60 57
26 58
116 121
106 43
94 49
24 144
64 86
58 48
64 52
118 76
136 64
44 108
130 63
80 57
142 61
136 51
90 41
62 12
124 109
58 57
60 96
140 67
80 55
144 57
54 65
6 35
144 82
36 123
90 15
18 18
70 49
26 78
64 109
38 78
126 1
44 76
38 28
124 141
124 72
92 134
8 68
18 65
96 72
150 36
140 58
34 50
58 26
42 27
96 109
118 19
78 26
2 58
126 35
26 28
76 112
108 71
36 53
148 142
114 63
54 86
126 20
64 113
120 54
128 103
140 100
42 35
12 131
60 141
138 38
68 52
22 6
24 100
16 149
134 4
50 29
4 63
80 137
118 20
82 16
120 62
40 58
40 130
76 96
136 53
150 90
14 54
6 87
6 36
112 106
78 97
84 124
136 93
46 19
30 44
84 54
144 150
120 108
48 134
10 99
146 33
22 21
120 101
122 84
26 43
142 91
62 6
130 70
142 53
70 6
132 142
92 61
36 64
66 37
48 116
20 64
62 69
98 8
60 103
150 61
108 59
98 20
150 92
106 41
76 120
64 136
52 136
36 71
134 94
70 97
66 74
70 84
88 95
108 81
30 79
92 60
24 66
72 113
42 34
114 81
142 69
34 25
4 111
88 141
14 97
136 120
112 127
76 56
116 90
108 125
146 5
64 56
86 30
104 51
56 119
138 93
6 12
4 89
116 73
108 130
140 127
136 77
106 16
36 130
82 68
78 47
42 36
58 25
96 133
142 41
16 52
24 63
76 114
38 58
130 84
110 46
60 134
44 80
54 3
2 74
126 17
108 111
46 73
124 145
102 17
132 65
12 53
62 83
138 5
144 107
112 101
98 32
120 89
34 60
124 144
118 78
126 58
4 94
2 2
134 99
16 66
130 9
126 25
122 70
58 66
128 141
100 67
98 25
44 86
54 64
8 66
116 72
42 77
22 34
62 51
118 54
112 143
96 131
106 51
110 19
52 105
80 96
94 3
42 14
72 125
126 38
36 69
104 94
78 10
124 106
98 42
122 78
66 2
138 11
44 70
112 125
80 83
124 122
74 3
78 38
18 67
146 97
44 150
116 132
54 8
46 39
8 61
116 140
