50 49
1 7
1 40
1 30
7 37
7 11
30 16
7 34
1 19
19 3
34 9
11 36
1 45
16 39
7 6
36 5
5 21
7 38
5 29
29 31
5 47
37 13
36 33
33 43
40 14
9 15
34 24
38 41
11 46
6 8
6 32
3 50
31 23
34 12
36 27
50 18
40 28
18 20
13 4
9 42
19 26
41 17
43 10
28 22
31 2
4 48
27 25
11 35
45 44
15 49
1 2 3 4 5 6 7 8 9 10 11 12 13 14 15 16 17 18 19 20 21 22 23 24 25 26 27 28 29 30 31 32 33 34 35 36 37 39 40 41 42 43 44 45 46 47 48 49 50
1 2 3 4 5 6 7 8 9 10 11 12 13 14 15 16 17 18 19 20 21 23 24 25 26 27 28 29 30 31 32 33 34 35 36 37 38 39 40 41 42 43 44 45 46 47 48 49 50
