50 49
1 44
1 29
29 37
1 10
44 4
29 50
44 38
37 48
48 19
48 16
1 20
37 12
38 41
29 33
41 23
1 3
12 13
23 6
1 26
50 36
41 21
21 49
49 27
27 43
13 5
16 15
37 30
50 32
33 40
6 7
5 9
12 47
4 8
40 24
33 34
7 46
48 22
8 28
4 31
37 45
6 2
28 14
19 42
6 17
49 25
25 39
25 35
33 18
47 11
1 2 3 4 5 6 7 8 9 10 11 12 13 14 15 16 17 18 19 20 21 22 23 25 26 27 28 29 30 31 32 33 34 35 36 37 38 39 40 41 42 43 44 45 46 47 48 49 50
1 2 3 4 5 6 7 8 9 10 11 12 13 14 15 16 17 18 19 20 22 23 24 25 26 27 28 29 30 31 32 33 34 35 36 37 38 39 40 41 42 43 44 45 46 47 48 49 50
