50 49
1 46
46 20
1 6
1 19
20 26
46 29
29 32
6 18
46 40
1 47
29 8
20 37
29 36
20 5
18 42
18 2
26 25
37 34
20 38
40 10
6 22
22 44
2 48
46 30
5 12
30 49
8 16
34 4
8 50
1 33
42 13
37 35
6 24
44 43
35 3
35 11
24 14
42 23
44 7
43 21
12 27
37 15
24 28
4 39
24 9
21 41
38 45
47 17
20 31
1 2 3 4 5 6 7 8 9 10 11 12 13 14 15 16 18 19 20 21 22 23 24 25 26 27 28 29 30 31 32 33 34 35 36 37 38 39 40 41 42 43 44 45 46 47 48 49 50
1 2 3 4 5 6 7 8 9 10 11 12 13 15 16 17 18 19 20 21 22 23 24 25 26 27 28 29 30 31 32 33 34 35 36 37 38 39 40 41 42 43 44 45 46 47 48 49 50
